typedef struct {
 int tileid;
 double racen;
 double deccen;
 int ntargets;
 int chunk;
} FULLTILE;


FULLTILE 16 333.58350 14.791700 107 1
FULLTILE 40 38.888600 13.907350 222 1
FULLTILE 44 321.05910 -9.4141310 140 1
FULLTILE 53 28.363750 14.966160 267 1
FULLTILE 59 331.38090 13.728930 292 1
FULLTILE 62 324.94240 12.759030 301 1
FULLTILE 68 30.888880 -10.776040 478 1
FULLTILE 70 154.89270 69.412450 519 1
FULLTILE 73 42.259610 -9.6601210 477 1
FULLTILE 74 337.84710 14.334780 482 1
FULLTILE 77 34.658760 13.932690 312 1
FULLTILE 80 13.592370 -11.686650 488 1
FULLTILE 83 325.56820 -9.4494050 251 1
FULLTILE 88 339.12420 -10.647360 503 1
FULLTILE 95 344.25610 14.603600 470 1
FULLTILE 101 24.109280 14.698140 454 1
FULLTILE 106 330.10800 -9.6791260 475 1
FULLTILE 109 334.64380 -10.085400 504 1
FULLTILE 113 13.428000 14.977260 488 1
FULLTILE 123 357.26830 14.536930 573 1
FULLTILE 124 37.716370 -9.5032850 645 1
FULLTILE 125 345.69980 -10.533800 502 1
FULLTILE 126 318.95100 -8.3123270 493 1
FULLTILE 127 356.42450 -10.932950 514 1
FULLTILE 128 4.2440040 14.928070 426 1
FULLTILE 129 315.03450 -3.7854350 458 1
FULLTILE 130 51.330710 -8.1989210 502 1
FULLTILE 131 350.66440 14.595090 551 1
FULLTILE 132 30.426860 13.826120 625 1
FULLTILE 134 335.65990 13.355340 554 1
FULLTILE 135 315.25610 -1.4590870 458 1
FULLTILE 140 329.18130 12.617100 616 1
FULLTILE 141 186.45010 -3.7376070 510 1
FULLTILE 142 352.15890 -10.362190 519 1
FULLTILE 144 19.839420 14.368220 534 1
FULLTILE 145 342.08800 13.731500 525 1
FULLTILE 146 8.9124280 14.768390 579 1
FULLTILE 147 15.825420 -10.434680 530 1
FULLTILE 149 315.45870 0.85735070 560 1
FULLTILE 150 20.137320 -10.251710 567 1
FULLTILE 152 2.8909890 -10.303910 495 1
FULLTILE 153 24.447980 -9.9964630 512 1
FULLTILE 154 229.99070 -3.2419600 492 1
FULLTILE 155 322.75500 11.562320 588 1
FULLTILE 156 11.505630 -10.494310 454 1
FULLTILE 157 44.579710 -8.6834710 534 1
FULLTILE 158 341.36460 -9.8291720 407 1
FULLTILE 159 33.206100 -9.5400500 687 1
FULLTILE 160 60.145540 9.3485370 486 1
FULLTILE 161 357.17880 12.269120 388 1
FULLTILE 162 359.39470 10.870880 451 1
FULLTILE 163 356.66170 -3.7548050 461 1
FULLTILE 164 5.9993390 7.0172910 455 1
FULLTILE 165 5.8518210 4.7668240 449 1
FULLTILE 166 7.1851400 -10.431510 516 1
FULLTILE 168 354.53040 -2.3307800 449 1
FULLTILE 169 358.78070 -5.1616700 475 1
FULLTILE 170 354.91120 11.461430 469 1
FULLTILE 171 359.30070 8.6312680 482 1
FULLTILE 172 359.10420 4.1012300 425 1
FULLTILE 173 1.8450760 13.994580 543 1
FULLTILE 174 359.48860 13.104740 472 1
FULLTILE 175 28.786800 -9.7341730 554 1
FULLTILE 176 60.073990 -7.0429850 497 1
FULLTILE 177 359.01850 1.8171270 458 1
FULLTILE 178 354.57550 -0.0034267800 417 1
FULLTILE 179 9.4019780 -9.2757900 486 1
FULLTILE 180 36.730140 12.692240 742 1
FULLTILE 181 8.1743040 5.8228030 437 1
FULLTILE 182 22.381360 -8.9335540 490 1
FULLTILE 183 1.5001540 7.2989610 481 1
FULLTILE 184 13.881700 -6.9169190 495 1
FULLTILE 185 5.3285530 -4.4254680 456 1
FULLTILE 186 348.47840 13.816020 514 1
FULLTILE 187 7.5756600 -3.3145710 474 1
FULLTILE 188 14.377660 0.091033900 450 1
FULLTILE 189 8.0163630 3.5693990 468 1
FULLTILE 190 5.4561550 -2.0902930 477 1
FULLTILE 191 2.9858480 -7.8926340 474 1
FULLTILE 192 55.873710 9.9885860 595 1
FULLTILE 193 26.170760 13.610040 609 1
FULLTILE 194 12.279290 1.2338260 449 1
FULLTILE 195 0.98380090 -4.1770760 456 1
FULLTILE 196 3.0971400 -5.5105770 475 1
FULLTILE 197 1.7321430 11.776010 434 1
FULLTILE 198 12.837820 8.0750510 443 1
FULLTILE 199 0.79627870 -8.9470680 449 1
FULLTILE 200 354.99810 13.762380 437 1
FULLTILE 201 348.14080 4.3573820 464 1
FULLTILE 202 356.93610 5.4780250 507 1
FULLTILE 203 9.5348580 -6.8978540 453 1
FULLTILE 204 358.85920 -2.8084290 447 1
FULLTILE 205 352.36400 -3.2354860 459 1
FULLTILE 206 359.20520 6.3770190 418 1
FULLTILE 207 3.6758360 5.9991650 454 1
FULLTILE 208 14.033660 -4.5680490 487 1
FULLTILE 209 354.62690 2.3017010 504 1
FULLTILE 210 0.88827490 -6.5447270 440 1
FULLTILE 211 7.4329390 -5.6620670 452 1
FULLTILE 212 11.636630 -8.1096640 464 1
FULLTILE 213 11.780320 -5.7476140 429 1
FULLTILE 214 12.104590 -1.0740760 466 1
FULLTILE 215 51.625150 10.563110 588 1
FULLTILE 216 357.09680 10.009260 456 1
FULLTILE 217 1.3772370 5.0337350 430 1
FULLTILE 218 14.564900 2.4015930 451 1
FULLTILE 219 10.507220 6.9193960 485 1
FULLTILE 220 14.193660 -2.2352970 453 1
FULLTILE 221 14.756620 4.7014210 490 1
FULLTILE 222 8.3450790 8.0634570 478 1
FULLTILE 223 10.328580 4.6630220 446 1
FULLTILE 224 7.7200870 -0.99527810 472 1
FULLTILE 225 14.951960 6.9980950 491 1
FULLTILE 226 350.40450 7.5233530 486 1
FULLTILE 227 5.7149140 2.5025650 500 1
FULLTILE 228 15.150340 9.3016070 468 1
FULLTILE 229 1.6180560 9.5448960 454 1
FULLTILE 230 9.9959690 0.10349370 501 1
FULLTILE 231 9.6778290 -4.5419250 490 1
FULLTILE 232 10.898310 11.426340 458 1
FULLTILE 233 4.1018870 12.716440 503 1
FULLTILE 234 181.01500 68.691890 479 1
FULLTILE 235 348.29130 9.0457290 461 1
FULLTILE 236 316.24530 10.281040 637 1
FULLTILE 237 17.240040 8.2532750 464 1
FULLTILE 238 352.68050 10.662840 492 1
FULLTILE 239 345.93110 1.1575190 472 1
FULLTILE 240 11.098100 13.691870 446 1
FULLTILE 241 1.1752110 0.47087980 480 1
FULLTILE 242 352.38800 -0.89198090 474 1
FULLTILE 243 358.93890 -0.48458030 472 1
FULLTILE 244 350.47710 9.8603860 446 1
FULLTILE 245 9.8362480 -2.2069990 452 1
FULLTILE 246 3.5498630 3.7376070 465 1
FULLTILE 247 10.159330 2.3925720 474 1
FULLTILE 248 354.83710 9.1728860 462 1
FULLTILE 249 1.2726670 2.7603020 441 1
FULLTILE 250 358.70490 -7.5486620 500 1
FULLTILE 251 350.33590 5.1983240 472 1
FULLTILE 252 12.644320 5.8023640 439 1
FULLTILE 253 352.54120 6.0404370 472 1
FULLTILE 254 352.32220 -5.5953730 499 1
FULLTILE 255 354.69430 4.5996390 439 1
FULLTILE 256 3.2104140 -3.1606680 472 1
FULLTILE 257 7.8663170 1.2984670 461 1
FULLTILE 258 356.60330 -6.1263850 492 1
FULLTILE 259 17.432870 10.597170 477 1
FULLTILE 260 22.565520 -6.5674880 469 1
FULLTILE 261 7.3009720 -8.0328210 485 1
FULLTILE 262 358.60990 -9.9573140 520 1
FULLTILE 263 10.697880 9.1692550 460 1
FULLTILE 264 354.48990 -4.6874700 467 1
FULLTILE 265 347.88690 -9.7029960 386 1
FULLTILE 266 350.15590 -6.4831120 482 1
FULLTILE 267 20.652780 -3.1866600 501 1
FULLTILE 268 345.96000 3.5045190 483 1
FULLTILE 269 16.649980 1.2906290 461 1
FULLTILE 270 12.458590 3.5244220 457 1
FULLTILE 271 354.76580 6.8881430 464 1
FULLTILE 272 356.85420 3.1926840 468 1
FULLTILE 273 173.15280 -3.6098990 523 1
FULLTILE 274 21.900450 13.326010 476 1
FULLTILE 275 19.501900 9.5601590 478 1
FULLTILE 276 20.313260 -7.8702410 450 1
FULLTILE 277 193.19260 68.373730 492 1
FULLTILE 278 3.8207650 8.2546230 461 1
FULLTILE 279 11.931750 -3.4037570 470 1
FULLTILE 280 350.07100 -8.8502090 489 1
FULLTILE 281 356.78680 0.89756390 471 1
FULLTILE 282 356.72280 -1.4153910 438 1
FULLTILE 283 352.47400 3.7350830 481 1
FULLTILE 284 260.01980 22.101790 462 1
FULLTILE 285 348.21470 6.6935030 448 1
FULLTILE 286 350.27050 2.8789020 498 1
FULLTILE 287 20.487710 -5.5156830 479 1
FULLTILE 288 16.133440 -5.6970500 478 1
FULLTILE 289 16.460830 -1.0363740 479 1
FULLTILE 290 15.532780 13.978500 391 1
FULLTILE 291 6.1668420 9.2635400 490 1
FULLTILE 292 352.41990 1.4263340 449 1
FULLTILE 293 18.066700 -9.1615690 477 1
FULLTILE 294 15.983570 -8.0504890 448 1
FULLTILE 295 5.5845980 0.21792790 440 1
FULLTILE 296 13.740010 -9.2846350 421 1
FULLTILE 297 354.34660 -9.4602740 501 1
FULLTILE 298 8.7214830 12.536930 494 1
FULLTILE 299 348.08940 2.0229590 456 1
FULLTILE 300 350.20130 -4.1206700 444 1
FULLTILE 301 18.729440 0.19318010 494 1
FULLTILE 302 352.60890 8.3478840 449 1
FULLTILE 303 16.293840 -3.3604280 485 1
FULLTILE 304 346.03050 5.8545730 448 1
FULLTILE 305 13.037990 10.353570 476 1
FULLTILE 306 18.391130 -4.4525550 474 1
FULLTILE 307 252.99960 13.651720 501 1
FULLTILE 308 3.4339730 1.4601490 478 1
FULLTILE 309 20.824020 -0.86617630 457 1
FULLTILE 310 16.847170 3.6098990 453 1
FULLTILE 311 348.37660 11.418340 470 1
FULLTILE 312 5.1998630 -6.7887720 445 1
FULLTILE 313 5.0850840 -9.1792910 468 1
FULLTILE 314 323.41030 -8.2839020 667 1
FULLTILE 315 3.9616080 10.492830 480 1
FULLTILE 316 357.01750 7.7472840 450 1
FULLTILE 317 346.20360 10.597460 480 1
FULLTILE 318 21.738360 10.901830 509 1
FULLTILE 319 346.30580 13.005790 507 1
FULLTILE 320 22.746720 -4.2250390 438 1
FULLTILE 321 18.558400 -2.1258040 469 1
FULLTILE 322 23.960650 12.252210 406 1
FULLTILE 323 1.0804420 -1.8405160 504 1
FULLTILE 324 13.239210 12.650940 543 1
FULLTILE 325 18.232890 -6.7926150 445 1
FULLTILE 326 17.043980 5.9276170 463 1
FULLTILE 327 8.5324020 10.304060 420 1
FULLTILE 328 352.25780 -7.9748530 445 1
FULLTILE 329 344.13830 12.164030 449 1
FULLTILE 330 348.03890 -4.9927220 448 1
FULLTILE 331 23.794930 9.8354640 466 1
FULLTILE 332 245.94190 5.3096730 559 1
FULLTILE 333 346.11360 8.2147260 495 1
FULLTILE 334 344.03340 9.7512150 573 1
FULLTILE 335 350.55990 12.215330 539 1
FULLTILE 336 29.541440 -0.44238790 545 1
FULLTILE 337 327.93170 -8.4243680 567 1
FULLTILE 338 24.633720 -7.6263420 543 1
FULLTILE 339 332.44410 -8.7398210 463 1
FULLTILE 340 40.062970 -8.4404650 512 1
FULLTILE 341 21.561270 8.5084870 508 1
FULLTILE 342 19.313070 7.2000920 461 1
FULLTILE 343 21.182330 3.7857450 295 1
FULLTILE 344 24.824560 -5.2734410 535 1
FULLTILE 345 32.492970 12.658300 644 1
FULLTILE 346 3.3217410 -0.83772390 455 1
FULLTILE 347 347.96930 -7.3428080 547 1
FULLTILE 348 225.64230 -3.1683640 576 1
FULLTILE 349 233.54170 65.011510 873 1
FULLTILE 350 21.374530 6.1384960 514 1
FULLTILE 351 17.614280 12.970460 596 1
FULLTILE 352 23.256020 2.7366060 601 1
FULLTILE 353 23.436470 5.0790840 643 1
FULLTILE 354 341.43850 -7.5219040 588 1
FULLTILE 355 20.995520 1.4520390 549 1
FULLTILE 356 15.347160 11.623940 418 1
FULLTILE 357 356.52510 -8.5186950 446 1
FULLTILE 358 18.919010 2.5223460 550 1
FULLTILE 359 345.91930 -1.1766640 456 1
FULLTILE 360 348.07740 -0.31151930 597 1
FULLTILE 361 341.97010 11.292390 536 1
FULLTILE 362 343.77230 0.28901000 436 1
FULLTILE 363 6.5025320 13.707770 442 1
FULLTILE 364 352.76370 12.993490 401 1
FULLTILE 365 345.90610 -3.5111370 687 1
FULLTILE 366 23.087370 0.41502970 388 1
FULLTILE 367 23.619460 7.4451930 357 1
FULLTILE 368 343.80050 2.6345440 426 1
FULLTILE 369 333.46510 12.344050 482 1
FULLTILE 370 19.118380 4.8573760 535 1
FULLTILE 371 47.370220 11.027360 621 1
FULLTILE 372 29.359000 -2.7699330 548 1
FULLTILE 373 339.79740 10.392140 398 1
FULLTILE 374 339.91690 12.827100 679 1
FULLTILE 375 22.915730 -1.9034760 508 1
FULLTILE 376 27.090190 -4.0070120 634 1
FULLTILE 377 345.85340 -5.8455330 583 1
FULLTILE 378 354.42970 -7.0633300 470 1
FULLTILE 379 27.275520 -1.6774910 588 1
FULLTILE 380 343.57950 -9.0091620 690 1
FULLTILE 381 348.06670 -2.6457080 362 1
FULLTILE 382 6.3334880 11.492700 483 1
FULLTILE 383 343.93720 7.3638930 368 1
FULLTILE 384 19.681470 11.946540 384 1
FULLTILE 385 341.86060 8.8797450 419 1
FULLTILE 386 350.23650 0.55819300 447 1
FULLTILE 387 336.94060 -9.2129480 424 1
FULLTILE 388 234.34260 -3.1816210 516 1
FULLTILE 389 210.47970 -3.2117030 607 1
FULLTILE 390 145.01460 -2.7970080 619 1
FULLTILE 391 343.65190 -6.6842410 344 1
FULLTILE 392 25.509980 4.0286650 410 1
FULLTILE 393 134.24740 -2.8691680 622 1
FULLTILE 394 214.94110 65.762500 717 1
FULLTILE 395 26.018260 11.172700 634 1
FULLTILE 396 25.853390 8.7651090 616 1
FULLTILE 397 345.77800 -8.1816140 415 1
FULLTILE 398 343.84920 4.9969180 659 1
FULLTILE 399 339.67950 7.9840010 442 1
FULLTILE 400 337.61610 9.4645020 488 1
FULLTILE 401 43.081530 11.323900 497 1
FULLTILE 402 315.65740 3.1816210 540 1
FULLTILE 403 341.63890 1.7535520 540 1
FULLTILE 404 350.22610 -1.7750980 500 1
FULLTILE 405 64.397150 -5.2306260 857 1
FULLTILE 406 177.54140 -3.5244220 606 1
FULLTILE 407 26.703460 -8.6854460 423 1
FULLTILE 408 27.757150 5.3093040 702 1
FULLTILE 409 337.50540 7.0507010 601 1
FULLTILE 410 25.009620 -2.9395740 409 1
FULLTILE 411 341.60920 -0.58988750 464 1
FULLTILE 412 28.079180 10.076650 408 1
FULLTILE 413 29.168130 -5.0897520 431 1
FULLTILE 414 27.917530 7.6786170 429 1
FULLTILE 415 25.347760 1.6994610 471 1
FULLTILE 416 339.35950 -3.7769590 442 1
FULLTILE 417 26.894660 -6.3423980 402 1
FULLTILE 418 168.81770 -3.7857450 495 1
FULLTILE 419 341.75640 6.4926500 514 1
FULLTILE 420 343.75850 -2.0442630 429 1
FULLTILE 421 25.681170 6.3834260 453 1
FULLTILE 422 147.51320 69.582290 731 1
FULLTILE 423 27.441960 0.64182600 483 1
FULLTILE 424 27.604260 2.9689150 488 1
FULLTILE 425 343.72100 -4.3649200 462 1
FULLTILE 426 327.00430 11.469290 501 1
FULLTILE 427 341.68640 4.1133310 482 1
FULLTILE 428 25.179000 -0.62119680 493 1
FULLTILE 429 53.550470 -7.3228840 612 1
FULLTILE 430 31.803510 0.76438800 494 1
FULLTILE 431 31.953950 3.0977630 522 1
FULLTILE 432 339.28390 -6.0746500 443 1
FULLTILE 433 339.20400 -8.3628880 416 1
FULLTILE 434 32.095920 5.4472320 464 1
FULLTILE 435 204.66600 67.356750 674 1
FULLTILE 436 30.146020 8.9578430 514 1
FULLTILE 437 31.079540 -8.4718270 397 1
FULLTILE 438 31.628710 -1.5626490 391 1
FULLTILE 439 29.701340 1.8821560 464 1
FULLTILE 440 341.51180 -5.2167250 424 1
FULLTILE 441 337.73940 11.891420 426 1
FULLTILE 442 28.230930 12.503960 435 1
FULLTILE 443 30.294600 11.374690 504 1
FULLTILE 444 33.564840 -4.9876970 411 1
FULLTILE 445 29.996270 6.5731550 488 1
FULLTILE 446 32.363800 10.218120 448 1
FULLTILE 447 29.854270 4.2192590 494 1
FULLTILE 448 28.977250 -7.4080020 490 1
FULLTILE 449 34.197420 4.2875540 455 1
FULLTILE 450 32.227190 7.8155130 517 1
FULLTILE 451 339.58850 5.5873470 487 1
FULLTILE 452 117.27100 15.756970 578 1
FULLTILE 453 33.389520 -7.2664900 450 1
FULLTILE 454 339.47180 0.85516390 479 1
FULLTILE 455 31.266870 -6.1744480 493 1
FULLTILE 456 316.86690 -7.2155180 684 1
FULLTILE 457 337.20280 -2.3643300 486 1
FULLTILE 458 35.539220 -8.3724750 507 1
FULLTILE 459 337.27710 -0.051679570 495 1
FULLTILE 460 339.41890 -1.4720220 664 1
FULLTILE 461 38.281150 -0.44055410 411 1
FULLTILE 462 31.450220 -3.8739120 645 1
FULLTILE 463 111.36040 30.022890 598 1
FULLTILE 464 339.52030 3.2117030 499 1
FULLTILE 465 34.328580 6.6503020 638 1
FULLTILE 466 34.563730 11.460730 420 1
FULLTILE 467 337.41700 4.6587490 668 1
FULLTILE 468 36.158120 0.75764170 475 1
FULLTILE 469 335.43560 8.4991970 487 1
FULLTILE 470 335.55260 10.923840 500 1
FULLTILE 471 34.058060 1.9429670 488 1
FULLTILE 472 341.57160 -2.9081170 691 1
FULLTILE 473 337.12510 -4.6591280 430 1
FULLTILE 474 108.96580 41.659520 524 1
FULLTILE 475 36.302440 3.0934690 498 1
FULLTILE 476 109.06240 36.519450 563 1
FULLTILE 477 331.17460 8.8721060 441 1
FULLTILE 478 34.446560 9.0355870 659 1
FULLTILE 480 35.705400 -6.1151240 502 1
FULLTILE 481 320.53400 10.354910 742 1
FULLTILE 482 33.896870 -0.38754020 687 1
FULLTILE 483 335.14880 1.3517270 491 1
FULLTILE 484 337.03270 -6.9440790 682 1
FULLTILE 485 333.36500 9.9193690 588 1
FULLTILE 486 335.05670 -0.97166210 486 1
FULLTILE 487 337.34840 2.2874450 506 1
FULLTILE 488 36.012020 -1.5537500 452 1
FULLTILE 489 38.409530 1.8796760 482 1
FULLTILE 490 36.548630 7.8289090 433 1
FULLTILE 491 121.36100 8.0927600 667 1
FULLTILE 492 335.32800 6.0910760 636 1
FULLTILE 493 334.75240 -7.8317100 705 1
FULLTILE 494 119.32740 11.928300 691 1
FULLTILE 495 36.430840 5.4502130 703 1
FULLTILE 496 333.25180 7.5014090 500 1
FULLTILE 497 46.872420 -7.7385490 856 1
FULLTILE 498 38.813010 11.435720 490 1
FULLTILE 499 35.861850 -3.8437390 467 1
FULLTILE 500 331.06260 6.4615650 423 1
FULLTILE 501 334.96460 -3.2729060 465 1
FULLTILE 502 111.77840 45.451230 658 1
FULLTILE 503 36.647030 10.235910 496 1
FULLTILE 504 38.748690 8.9991590 455 1
FULLTILE 505 333.03480 2.7326770 402 1
FULLTILE 506 40.914870 10.178900 760 1
FULLTILE 507 333.14500 5.0996850 700 1
FULLTILE 508 221.30130 -3.0124110 694 1
FULLTILE 509 33.733350 -2.6962660 686 1
FULLTILE 510 331.27040 11.288980 571 1
FULLTILE 511 119.52200 55.012080 667 1
FULLTILE 512 335.23970 3.7045170 509 1
FULLTILE 513 38.535670 4.2281050 547 1
FULLTILE 514 38.650530 6.5997220 613 1
FULLTILE 515 37.872580 -7.2615480 513 1
FULLTILE 516 40.425760 -1.6381120 552 1
FULLTILE 517 330.93430 4.0803680 607 1
FULLTILE 518 330.80420 1.7313370 586 1
FULLTILE 519 40.536170 0.67104040 626 1
FULLTILE 520 246.21260 58.856170 772 1
FULLTILE 521 42.385270 -7.4035020 496 1
FULLTILE 522 334.86630 -5.5565090 592 1
FULLTILE 523 332.92350 0.39677100 619 1
FULLTILE 524 153.69760 -3.0934690 625 1
FULLTILE 525 332.81410 -1.9139770 621 1
FULLTILE 526 40.193460 -6.1889370 583 1
FULLTILE 527 332.58230 -6.4754420 523 1
FULLTILE 528 64.393410 -0.52677650 629 1
FULLTILE 529 38.150520 -2.7352430 644 1
FULLTILE 530 329.08510 10.178900 595 1
FULLTILE 531 330.67600 -0.59073560 584 1
FULLTILE 532 38.015670 -5.0071360 636 1
FULLTILE 533 328.69870 3.0124110 560 1
FULLTILE 534 328.98050 7.7641060 650 1
FULLTILE 535 40.849980 7.7627450 523 1
FULLTILE 536 64.391150 1.7917570 721 1
FULLTILE 537 40.754870 5.3713910 567 1
FULLTILE 538 204.04000 -3.5045190 628 1
FULLTILE 539 330.27070 -7.4248220 619 1
FULLTILE 540 113.43400 26.096000 784 1
FULLTILE 541 40.645260 3.0071450 607 1
FULLTILE 542 62.245730 -6.1504370 767 1
FULLTILE 543 42.953090 6.4937960 606 1
FULLTILE 544 332.70180 -4.2027300 612 1
FULLTILE 545 315.84710 5.5193340 811 1
FULLTILE 546 40.313080 -3.9236900 599 1
FULLTILE 547 43.025720 8.9058170 591 1
FULLTILE 548 328.55210 0.67835950 586 1
FULLTILE 549 321.27930 -7.1437820 687 1
FULLTILE 550 42.680200 -0.56379650 580 1
FULLTILE 551 328.84650 5.3745920 600 1
FULLTILE 552 241.18160 0.54885200 861 1
FULLTILE 553 181.98360 -3.5693990 671 1
FULLTILE 554 163.93120 66.825220 691 1
FULLTILE 555 42.491800 -5.1409400 556 1
FULLTILE 556 326.89960 9.0340850 665 1
FULLTILE 557 42.587990 -2.8625610 642 1
FULLTILE 558 325.76100 -7.2104670 633 1
FULLTILE 559 326.60900 4.2670710 601 1
FULLTILE 560 326.76230 6.6365370 606 1
FULLTILE 561 328.09890 -6.1752290 589 1
FULLTILE 562 326.11210 -2.6892040 595 1
FULLTILE 563 328.25520 -3.9121970 595 1
FULLTILE 564 44.911550 0.45961990 609 1
FULLTILE 565 42.863390 4.1108490 599 1
FULLTILE 566 134.73060 65.381400 661 1
FULLTILE 567 330.54690 -2.8877240 591 1
FULLTILE 568 324.52400 5.5227500 631 1
FULLTILE 569 125.79530 60.458330 694 1
FULLTILE 570 149.35470 -3.0071450 733 1
FULLTILE 571 328.40460 -1.6287230 568 1
FULLTILE 572 42.771080 1.7600340 586 1
FULLTILE 573 324.81830 10.304360 585 1
FULLTILE 574 64.403980 -2.8703810 773 1
FULLTILE 575 324.68040 7.8992520 541 1
FULLTILE 576 44.680970 -6.4171730 594 1
FULLTILE 577 330.41400 -5.1642650 550 1
FULLTILE 578 248.38540 8.8623940 811 1
FULLTILE 579 325.94070 -4.9586420 611 1
FULLTILE 580 326.44510 1.9209680 620 1
FULLTILE 581 45.125360 7.5685990 573 1
FULLTILE 582 45.198950 9.9880540 585 1
FULLTILE 583 44.985360 2.7970080 607 1
FULLTILE 584 326.27950 -0.39690480 619 1
FULLTILE 585 44.763740 -4.1428410 552 1
FULLTILE 586 44.839160 -1.8525840 592 1
FULLTILE 587 254.48900 49.274860 843 1
FULLTILE 588 47.121320 1.4500400 592 1
FULLTILE 589 323.80600 -3.7609080 629 1
FULLTILE 590 47.066330 -0.87452280 589 1
FULLTILE 591 45.057480 5.1654760 602 1
FULLTILE 592 55.749300 -6.4507960 697 1
FULLTILE 593 255.36190 17.306370 765 1
FULLTILE 594 47.011080 -3.1769430 589 1
FULLTILE 595 46.949450 -5.4618230 586 1
FULLTILE 596 199.72950 -2.8789020 818 1
FULLTILE 597 115.10010 49.106800 750 1
FULLTILE 598 188.72730 -2.7603020 554 1
FULLTILE 599 47.293020 8.6011690 656 1
FULLTILE 600 49.458270 9.6010650 595 1
FULLTILE 601 323.99290 -1.4736130 630 1
FULLTILE 602 49.137520 -6.8146990 574 1
FULLTILE 603 322.44110 6.7562760 645 1
FULLTILE 604 47.174600 3.8039810 631 1
FULLTILE 605 158.04610 -3.0977630 845 1
FULLTILE 606 323.61300 -6.0294990 592 1
FULLTILE 607 49.271770 0.080709440 610 1
FULLTILE 608 324.35770 3.1683640 648 1
FULLTILE 609 64.411090 4.1010500 782 1
FULLTILE 610 322.59780 9.1393700 580 1
FULLTILE 611 316.04510 7.8858450 702 1
FULLTILE 612 262.49770 25.747540 791 1
FULLTILE 613 62.283730 7.8581730 741 1
FULLTILE 614 64.444100 6.4071430 837 1
FULLTILE 615 49.234280 -2.2328290 646 1
FULLTILE 616 321.69640 -2.5796140 647 1
FULLTILE 617 175.24240 67.472190 722 1
FULLTILE 618 49.305850 2.4206710 664 1
FULLTILE 619 47.224580 6.1916440 643 1
FULLTILE 620 321.89670 -0.27378600 634 1
FULLTILE 621 243.66730 4.0984730 900 1
FULLTILE 622 321.49130 -4.8680700 603 1
FULLTILE 623 324.17590 0.83514560 625 1
FULLTILE 624 129.94870 -2.3235220 876 1
FULLTILE 625 53.713700 9.0833490 676 1
FULLTILE 626 49.193210 -4.5285700 639 1
FULLTILE 627 322.27190 4.3959230 625 1
FULLTILE 628 193.14580 -3.1926840 802 1
FULLTILE 629 320.35820 7.9547760 662 1
FULLTILE 630 51.451940 1.0222030 653 1
FULLTILE 631 49.386710 7.1858160 649 1
FULLTILE 632 153.46190 65.558880 537 1
FULLTILE 633 319.17510 -6.0182020 587 1
FULLTILE 634 140.69410 -2.4206710 773 1
FULLTILE 635 320.18880 5.5888800 636 1
FULLTILE 636 322.09500 2.0538560 659 1
FULLTILE 637 318.29490 9.1298950 652 1
FULLTILE 638 240.55650 62.098460 873 1
FULLTILE 639 57.979460 8.4843980 712 1
FULLTILE 640 319.39510 -3.7208580 666 1
FULLTILE 641 320.00930 3.2419600 644 1
FULLTILE 642 51.373830 -5.9097110 647 1
FULLTILE 643 216.96520 -2.7326770 793 1
FULLTILE 644 319.82190 0.91126390 674 1
FULLTILE 645 51.435730 -1.3055280 675 1
FULLTILE 646 250.98020 52.940820 798 1
FULLTILE 647 49.336640 4.7927650 638 1
FULLTILE 648 319.61020 -1.4127110 634 1
FULLTILE 649 51.463170 3.3792140 676 1
FULLTILE 650 257.28780 45.463360 785 1
FULLTILE 651 193.68870 13.360370 541 1
FULLTILE 652 51.546190 8.1534230 651 1
FULLTILE 653 317.09450 -4.9005540 657 1
FULLTILE 654 53.647560 6.6949200 696 1
FULLTILE 655 195.76370 11.868790 600 1
FULLTILE 656 162.39570 -2.9689150 854 1
FULLTILE 657 53.615150 4.3147990 673 1
FULLTILE 658 51.493570 5.7556360 658 1
FULLTILE 659 261.61440 37.545950 891 1
FULLTILE 660 186.86600 67.492010 736 1
FULLTILE 661 226.18510 61.628630 877 1
FULLTILE 662 317.54100 -0.25963500 671 1
FULLTILE 663 317.32200 -2.5840230 682 1
FULLTILE 664 53.604750 1.9545670 706 1
FULLTILE 665 218.00920 63.823890 900 1
FULLTILE 666 317.92740 4.3965070 723 1
FULLTILE 667 195.87570 14.304120 632 1
FULLTILE 668 317.73750 2.0621040 617 1
FULLTILE 669 53.610540 -2.7075840 696 1
FULLTILE 670 53.611780 -0.38905030 686 1
FULLTILE 671 259.61360 41.542240 825 1
FULLTILE 672 109.01630 39.099140 900 1
FULLTILE 673 51.412820 -3.6111150 633 1
FULLTILE 674 53.587080 -5.0168450 711 1
FULLTILE 675 318.10680 6.7478710 670 1
FULLTILE 676 136.39520 -1.9545670 898 1
FULLTILE 677 55.764540 5.2320130 687 1
FULLTILE 678 55.815330 7.6000650 710 1
FULLTILE 679 175.43510 -2.4015930 821 1
FULLTILE 680 250.80010 12.462850 900 1
FULLTILE 681 57.936340 -5.5781910 726 1
FULLTILE 682 150.74240 67.596730 639 1
FULLTILE 683 55.781970 -4.1306850 690 1
FULLTILE 684 123.45000 4.2911480 880 1
FULLTILE 685 227.90500 -2.0538560 900 1
FULLTILE 686 207.08230 43.384230 616 1
FULLTILE 687 206.19950 -2.6345440 900 1
FULLTILE 688 257.77940 20.968060 900 1
FULLTILE 689 199.15250 27.760070 568 1
FULLTILE 690 115.41800 22.172400 900 1
FULLTILE 691 55.783300 -1.8097270 672 1
FULLTILE 692 188.26760 30.399400 807 1
FULLTILE 693 263.40930 33.475090 899 1
FULLTILE 694 197.94530 12.775080 813 1
FULLTILE 695 55.760920 0.52347980 787 1
FULLTILE 696 212.65160 -2.2874450 900 1
FULLTILE 697 55.752640 2.8691680 698 1
FULLTILE 698 198.82240 25.209850 539 1
FULLTILE 699 196.81680 26.838970 794 1
FULLTILE 700 200.12440 13.650620 645 1
FULLTILE 701 198.21200 66.851880 841 1
FULLTILE 702 161.90330 24.365660 573 1
FULLTILE 703 193.57550 10.932950 900 1
FULLTILE 704 230.76910 39.140840 676 1
FULLTILE 705 111.41110 32.623290 900 1
FULLTILE 706 201.12710 26.089980 900 1
FULLTILE 707 200.55220 21.042330 662 1
FULLTILE 708 159.60480 65.196090 811 1
FULLTILE 709 200.81540 23.552330 655 1
FULLTILE 710 197.16590 29.398080 696 1
FULLTILE 711 208.68890 65.592900 777 1
FULLTILE 712 159.72300 25.354110 596 1
FULLTILE 713 57.933070 6.1232500 720 1
FULLTILE 714 213.24290 13.733990 700 1
FULLTILE 715 198.05810 15.214450 810 1
FULLTILE 716 203.78710 42.739040 597 1
FULLTILE 717 205.01060 45.095440 900 1
FULLTILE 718 141.28790 20.501550 731 1
FULLTILE 719 191.49460 12.382530 722 1
FULLTILE 720 164.05910 23.342560 781 1
FULLTILE 721 210.50160 43.868740 634 1
FULLTILE 722 232.26250 -2.0621040 900 1
FULLTILE 723 57.952930 -3.2432630 900 1
FULLTILE 724 208.51750 45.646960 686 1
FULLTILE 725 118.94980 52.626900 900 1
FULLTILE 726 202.20260 12.085760 590 1
FULLTILE 727 132.64850 63.245830 900 1
FULLTILE 728 57.898960 3.7723930 868 1
FULLTILE 729 168.31370 21.188800 731 1
FULLTILE 730 125.60660 0.52677650 900 1
FULLTILE 731 192.02270 22.304480 804 1
FULLTILE 732 200.02230 11.237660 804 1
FULLTILE 733 171.08100 -2.5223460 900 1
FULLTILE 734 170.32230 17.567540 635 1
FULLTILE 735 139.22610 22.212900 862 1
FULLTILE 736 117.37330 18.247510 900 1
FULLTILE 737 227.58190 39.846010 852 1
FULLTILE 738 186.10390 31.808770 643 1
FULLTILE 739 205.07420 22.673800 759 1
FULLTILE 740 235.22460 62.827520 758 1
FULLTILE 741 157.58910 23.765860 615 1
FULLTILE 742 157.51270 26.308050 835 1
FULLTILE 743 189.97060 23.791350 826 1
FULLTILE 744 189.79240 21.247460 792 1
FULLTILE 745 202.80990 21.874540 633 1
FULLTILE 746 159.75780 22.812570 752 1
FULLTILE 747 164.02360 25.900800 900 1
FULLTILE 748 187.72980 22.679140 758 1
FULLTILE 749 113.54190 28.681630 891 1
FULLTILE 750 165.89010 14.814180 674 1
FULLTILE 751 170.18870 15.096190 685 1
FULLTILE 752 205.39600 25.192720 650 1
FULLTILE 753 215.57130 14.557740 828 1
FULLTILE 754 229.29240 47.514900 661 1
FULLTILE 755 236.61900 -1.9473950 900 1
FULLTILE 756 204.30020 10.533800 708 1
FULLTILE 757 180.46510 6.8978540 806 1
FULLTILE 758 167.96330 13.740440 824 1
FULLTILE 759 217.60860 44.413580 656 1
FULLTILE 760 214.01990 44.222730 738 1
FULLTILE 761 143.94140 67.644810 885 1
FULLTILE 762 57.906200 1.4252270 646 1
FULLTILE 763 175.12980 49.670300 739 1
FULLTILE 764 184.28510 -2.5025640 900 1
FULLTILE 765 207.34880 23.437510 694 1
FULLTILE 766 201.64660 44.394610 881 1
FULLTILE 767 204.38750 12.906360 900 1
FULLTILE 768 202.58840 19.394580 900 1
FULLTILE 769 57.930220 -0.90886340 706 1
FULLTILE 770 203.09940 24.390400 900 1
FULLTILE 771 190.63940 31.517700 808 1
FULLTILE 772 230.79460 32.799310 749 1
FULLTILE 773 182.56710 5.6620670 855 1
FULLTILE 774 160.10120 40.870270 795 1
FULLTILE 775 206.42050 9.0091620 718 1
FULLTILE 776 175.56350 47.224130 895 1
FULLTILE 777 143.59900 21.224810 824 1
FULLTILE 778 185.19950 16.501890 793 1
FULLTILE 779 163.81400 15.854390 742 1
FULLTILE 780 166.74400 -2.7366060 900 1
FULLTILE 781 202.30450 14.494130 752 1
FULLTILE 782 203.44980 26.929330 717 1
FULLTILE 783 213.34410 16.001370 738 1
FULLTILE 784 215.46360 12.324440 736 1
FULLTILE 785 170.28000 30.361220 672 1
FULLTILE 786 139.02130 19.777760 627 1
FULLTILE 787 60.105350 6.9954260 900 1
FULLTILE 788 163.65890 13.432480 848 1
FULLTILE 789 219.28550 42.507650 837 1
FULLTILE 790 168.23850 18.666750 870 1
FULLTILE 791 198.17460 17.676290 787 1
FULLTILE 792 187.56810 20.145460 817 1
FULLTILE 793 219.08200 26.718140 840 1
FULLTILE 794 212.12660 46.041340 684 1
FULLTILE 795 130.28900 19.101750 900 1
FULLTILE 796 166.19510 22.284400 719 1
FULLTILE 797 200.23960 16.090330 709 1
FULLTILE 798 172.23410 48.306540 834 1
FULLTILE 799 192.22560 24.855310 742 1
FULLTILE 800 186.70350 39.562640 742 1
FULLTILE 801 232.87370 40.687060 718 1
FULLTILE 802 206.49720 11.346080 679 1
FULLTILE 803 60.067210 4.6584550 637 1
FULLTILE 804 208.36110 -1.7535520 857 1
FULLTILE 805 155.26190 27.225510 764 1
FULLTILE 806 185.00000 53.405160 626 1
FULLTILE 807 224.85450 13.919060 900 1
FULLTILE 808 191.41340 50.649500 840 1
FULLTILE 809 213.14960 11.474540 740 1
FULLTILE 810 200.37470 18.555600 649 1
FULLTILE 811 161.40070 12.078550 798 1
FULLTILE 812 150.00280 63.720330 900 1
FULLTILE 813 141.49400 22.906870 849 1
FULLTILE 814 223.55490 -1.9209680 900 1
FULLTILE 815 197.81500 50.015030 851 1
FULLTILE 816 178.48240 48.529120 725 1
FULLTILE 817 189.11170 6.5447270 889 1
FULLTILE 818 201.51820 28.640960 729 1
FULLTILE 819 142.87870 -1.4500400 899 1
FULLTILE 820 198.53910 22.678380 727 1
FULLTILE 821 194.26520 23.320290 843 1
FULLTILE 822 196.52720 24.290500 874 1
FULLTILE 823 156.43520 4.9876970 900 1
FULLTILE 824 182.69900 8.0328210 842 1
FULLTILE 825 121.42610 10.508190 900 1
FULLTILE 826 159.52970 27.920380 848 1
FULLTILE 827 238.89900 -0.69786030 900 1
FULLTILE 828 190.98150 -1.8171270 832 1
FULLTILE 829 197.84110 10.362190 860 1
FULLTILE 830 155.39160 24.687410 779 1
FULLTILE 831 194.79310 28.434300 845 1
FULLTILE 832 147.84360 36.730530 778 1
FULLTILE 833 211.17630 17.563520 854 1
FULLTILE 834 227.97160 33.637330 662 1
FULLTILE 835 202.78620 46.771010 781 1
FULLTILE 836 194.50310 25.873730 764 1
FULLTILE 837 202.11310 9.7029960 843 1
FULLTILE 838 166.14150 19.756220 841 1
FULLTILE 839 188.82480 -0.47087970 822 1
FULLTILE 840 172.39990 16.448050 725 1
FULLTILE 841 152.90090 38.274670 645 1
FULLTILE 842 154.82240 39.945400 719 1
FULLTILE 843 185.34640 18.995820 778 1
FULLTILE 844 185.95230 29.212590 755 1
FULLTILE 845 207.70820 25.957060 900 1
FULLTILE 846 195.14760 30.998840 856 1
FULLTILE 847 193.78630 15.804150 778 1
FULLTILE 848 235.97910 39.805690 865 1
FULLTILE 849 205.79310 41.048750 716 1
FULLTILE 850 204.06960 49.081860 854 1
FULLTILE 851 146.17410 34.733850 648 1
FULLTILE 852 211.05500 15.236250 900 1
FULLTILE 853 146.60040 46.329230 820 1
FULLTILE 854 181.41330 54.636250 811 1
FULLTILE 855 145.88760 19.796330 731 1
FULLTILE 856 60.107440 -4.6921170 687 1
FULLTILE 857 206.69370 16.080470 900 1
FULLTILE 858 198.32250 20.162080 900 1
FULLTILE 859 158.92050 8.4718270 814 1
FULLTILE 860 231.54230 61.217260 900 1
FULLTILE 861 165.42810 32.573700 715 1
FULLTILE 862 60.051330 2.3235220 877 1
FULLTILE 863 125.61660 43.223210 864 1
FULLTILE 864 221.23380 27.197190 770 1
FULLTILE 865 158.73310 6.1744480 774 1
FULLTILE 866 246.78710 56.487820 900 1
FULLTILE 867 147.22890 -1.7600340 900 1
FULLTILE 868 161.57690 14.452300 763 1
FULLTILE 869 200.83210 35.398610 900 1
FULLTILE 870 200.60960 41.976280 900 1
FULLTILE 871 212.96730 6.9440790 846 1
FULLTILE 872 195.59090 33.560100 900 1
FULLTILE 873 151.00110 23.985530 811 1
FULLTILE 874 148.49410 22.954680 789 1
FULLTILE 875 198.17040 34.507640 673 1
FULLTILE 876 187.41590 17.637970 842 1
FULLTILE 877 202.42690 16.929950 900 1
FULLTILE 878 192.73800 29.994520 900 1
FULLTILE 879 191.39010 9.9573140 763 1
FULLTILE 880 174.82050 27.993900 824 1
FULLTILE 881 170.41340 20.081820 667 1
FULLTILE 882 186.46990 36.992240 805 1
FULLTILE 883 161.21320 9.7341730 815 1
FULLTILE 884 170.03170 12.659080 816 1
FULLTILE 885 208.71340 12.143940 900 1
FULLTILE 886 151.06600 36.563200 786 1
FULLTILE 887 153.15360 25.579770 900 1
FULLTILE 888 158.03350 39.291110 900 1
FULLTILE 889 186.56600 -1.4601490 900 1
FULLTILE 890 205.41390 34.512630 900 1
FULLTILE 891 206.37770 47.382450 900 1
FULLTILE 892 144.64440 36.556790 690 1
FULLTILE 893 60.099470 -2.3449530 747 1
FULLTILE 894 111.67690 42.927080 900 1
FULLTILE 895 156.84170 41.582960 900 1
FULLTILE 896 195.37310 -2.3017010 900 1
FULLTILE 897 193.08330 32.563080 829 1
FULLTILE 898 141.16870 18.167850 878 1
FULLTILE 899 157.17470 28.866300 841 1
FULLTILE 900 184.21560 40.933830 900 1
FULLTILE 901 162.28730 42.421150 778 1
FULLTILE 902 143.49210 18.950000 900 1
FULLTILE 903 226.17120 32.032120 863 1
FULLTILE 904 140.14150 33.892970 856 1
FULLTILE 905 144.71540 44.352000 714 1
FULLTILE 906 224.64200 11.688120 865 1
FULLTILE 907 210.95880 12.935620 828 1
FULLTILE 908 208.80350 14.474360 900 1
FULLTILE 909 228.76760 37.568970 900 1
FULLTILE 910 180.59800 9.2757900 610 1
FULLTILE 911 202.67420 40.337090 757 1
FULLTILE 912 199.79870 4.1206700 754 1
FULLTILE 913 195.46960 2.3307800 898 1
FULLTILE 914 231.72010 49.133100 872 1
FULLTILE 915 178.21970 5.7476140 900 1
FULLTILE 916 161.90330 21.827050 900 1
FULLTILE 917 217.94870 15.433000 896 1
FULLTILE 918 184.67140 4.4254680 900 1
FULLTILE 919 156.61050 7.2664900 734 1
FULLTILE 920 168.11410 16.186310 900 1
FULLTILE 921 213.46390 18.290840 784 1
FULLTILE 922 209.01610 41.630320 836 1
FULLTILE 923 182.81490 10.431510 899 1
FULLTILE 924 201.57190 50.744980 676 1
FULLTILE 925 148.34170 44.393660 898 1
FULLTILE 926 204.22200 8.1816140 711 1
FULLTILE 927 223.27390 26.427040 607 1
FULLTILE 928 172.57970 29.194710 771 1
FULLTILE 929 149.30890 34.788530 868 1
FULLTILE 930 158.97260 43.188580 818 1
FULLTILE 931 191.29510 7.5486620 835 1
FULLTILE 932 218.07980 17.640960 900 1
FULLTILE 933 222.34730 38.582860 900 1
FULLTILE 934 209.08870 19.227080 900 1
FULLTILE 935 164.03040 20.808770 584 1
FULLTILE 936 169.07000 38.041470 841 1
FULLTILE 937 191.58940 14.814550 900 1
FULLTILE 938 141.51840 61.757910 862 1
FULLTILE 939 150.39030 15.134530 757 1
FULLTILE 940 188.70280 54.504490 859 1
FULLTILE 941 146.97350 57.957540 821 1
FULLTILE 942 159.11110 10.776040 900 1
FULLTILE 943 167.79560 11.323770 764 1
FULLTILE 944 205.49150 51.337160 900 1
FULLTILE 945 128.09380 18.229440 900 1
FULLTILE 946 181.51580 52.218310 900 1
FULLTILE 947 144.39570 59.875640 900 1
FULLTILE 948 208.92300 16.830680 632 1
FULLTILE 949 161.12780 38.502360 671 1
FULLTILE 950 166.03220 17.268440 900 1
FULLTILE 951 172.64430 24.037080 898 1
FULLTILE 952 220.86170 40.568820 745 1
FULLTILE 953 181.08520 66.411650 851 1
FULLTILE 954 62.250300 5.5323800 877 1
FULLTILE 955 167.90340 31.490340 775 1
FULLTILE 956 195.02810 51.574820 777 1
FULLTILE 957 142.08040 57.879830 900 1
FULLTILE 958 197.63600 3.2354860 732 1
FULLTILE 959 183.12620 17.824020 891 1
FULLTILE 960 241.38770 2.8664930 900 1
FULLTILE 961 227.85300 49.689960 795 1
FULLTILE 962 179.84070 -2.3925720 897 1
FULLTILE 963 144.14970 63.760980 852 1
FULLTILE 964 60.074730 -0.010870810 900 1
FULLTILE 965 190.35010 45.709750 758 1
FULLTILE 966 156.67570 57.523460 835 1
FULLTILE 967 159.03040 30.474200 900 1
FULLTILE 968 193.47490 8.5186950 799 1
FULLTILE 969 229.64260 41.451080 806 1
FULLTILE 970 211.51890 31.674420 665 1
FULLTILE 971 219.03090 38.654260 771 1
FULLTILE 972 206.58440 13.700890 588 1
FULLTILE 973 217.32060 36.621240 777 1
FULLTILE 974 138.08960 39.694210 900 1
FULLTILE 975 178.36340 8.1096640 900 1
FULLTILE 976 186.27070 34.405770 739 1
FULLTILE 977 184.08720 38.365560 788 1
FULLTILE 978 209.32700 21.674690 880 1
FULLTILE 979 200.39450 48.411800 870 1
FULLTILE 980 143.11310 34.383280 827 1
FULLTILE 981 152.80850 16.211750 896 1
FULLTILE 982 172.50080 18.952790 900 1
FULLTILE 983 162.44140 48.630490 900 1
FULLTILE 984 215.68180 16.792030 579 1
FULLTILE 985 199.77390 1.7750980 900 1
FULLTILE 986 215.76550 30.425640 900 1
FULLTILE 987 188.48800 32.991270 723 1
FULLTILE 988 147.00170 61.823460 551 1
FULLTILE 989 204.82870 20.188110 705 1
FULLTILE 990 163.23930 40.037720 686 1
FULLTILE 991 181.59250 39.686700 763 1
FULLTILE 992 172.25980 13.986180 721 1
FULLTILE 993 215.81600 46.294090 823 1
FULLTILE 994 169.52100 46.892860 712 1
FULLTILE 995 232.95670 46.869050 788 1
FULLTILE 996 168.48510 40.545580 883 1
FULLTILE 997 141.52230 36.169480 811 1
FULLTILE 998 123.24310 44.761970 900 1
FULLTILE 999 210.09190 47.847030 719 1
FULLTILE 1000 170.44350 27.770950 765 1
FULLTILE 1001 151.31250 53.967030 648 1
FULLTILE 1002 141.34160 40.155260 765 1
FULLTILE 1003 126.48240 45.670850 900 1
FULLTILE 1004 166.20610 24.837180 671 1
FULLTILE 1005 220.37110 16.349130 695 1
FULLTILE 1006 210.71610 6.0746500 719 1
FULLTILE 1007 159.11990 36.939910 672 1
FULLTILE 1008 141.84120 25.395090 713 1
FULLTILE 1009 217.24230 28.587300 622 1
FULLTILE 1010 145.98870 22.003420 747 1
FULLTILE 1011 172.41480 31.782790 837 1
FULLTILE 1012 62.220570 0.89128300 812 1
FULLTILE 1013 132.51150 19.929460 884 1
FULLTILE 1014 210.87580 10.647360 675 1
FULLTILE 1015 231.72210 15.285010 900 1
FULLTILE 1016 230.36700 51.355020 831 1
FULLTILE 1017 236.75330 37.349210 758 1
FULLTILE 1018 199.57870 30.318350 777 1
FULLTILE 1019 147.86210 11.899450 900 1
FULLTILE 1020 197.60960 31.958450 694 1
FULLTILE 1021 180.32220 4.5419250 775 1
FULLTILE 1022 155.94190 -1.9429670 900 1
FULLTILE 1023 174.75250 30.579810 900 1
FULLTILE 1024 124.64960 58.183430 900 1
FULLTILE 1025 216.63230 26.124220 752 1
FULLTILE 1026 212.35950 42.076980 900 1
FULLTILE 1027 221.23730 44.397040 805 1
FULLTILE 1028 229.84220 35.217400 752 1
FULLTILE 1029 222.25610 10.669110 892 1
FULLTILE 1030 142.96040 42.297750 841 1
FULLTILE 1031 222.80180 42.394600 777 1
FULLTILE 1032 188.33620 52.076970 736 1
FULLTILE 1033 165.72840 12.389920 602 1
FULLTILE 1034 210.79600 8.3628880 896 1
FULLTILE 1035 225.06970 16.148550 782 1
FULLTILE 1036 169.68670 7.8702410 894 1
FULLTILE 1037 187.62280 47.137110 848 1
FULLTILE 1038 232.69750 34.341180 812 1
FULLTILE 1039 195.98020 16.758030 724 1
FULLTILE 1040 189.20370 8.9470680 664 1
FULLTILE 1041 201.91060 -2.0229590 900 1
FULLTILE 1042 182.42430 3.3145710 705 1
FULLTILE 1043 212.87490 4.6591280 843 1
FULLTILE 1044 174.33210 12.851030 825 1
FULLTILE 1045 153.89040 55.773110 830 1
FULLTILE 1046 217.81940 13.215240 774 1
FULLTILE 1047 214.28460 32.236810 679 1
FULLTILE 1048 209.89360 33.456640 876 1
FULLTILE 1049 62.255470 -3.7875820 670 1
FULLTILE 1050 235.09580 42.203400 793 1
FULLTILE 1051 211.34360 19.934620 774 1
FULLTILE 1052 143.78650 23.572500 769 1
FULLTILE 1053 184.88250 50.966190 867 1
FULLTILE 1054 143.03750 38.363510 900 1
FULLTILE 1055 190.38150 28.934360 665 1
FULLTILE 1056 246.12630 7.6606790 900 1
FULLTILE 1057 230.61240 45.294380 848 1
FULLTILE 1058 62.245050 -1.4419030 900 1
FULLTILE 1059 225.40980 28.024690 690 1
FULLTILE 1060 156.26660 2.6962660 840 1
FULLTILE 1061 187.98930 49.613950 672 1
FULLTILE 1062 205.79990 27.729330 750 1
FULLTILE 1063 190.87420 48.184890 900 1
FULLTILE 1064 175.96630 4.5680490 676 1
FULLTILE 1065 185.14950 55.820610 868 1
FULLTILE 1066 187.28050 15.162060 900 1
FULLTILE 1067 166.05350 47.818260 659 1
FULLTILE 1068 192.00130 53.080240 874 1
FULLTILE 1069 215.73560 34.472660 793 1
FULLTILE 1070 142.86480 46.203370 657 1
FULLTILE 1071 160.29870 -1.8821560 856 1
FULLTILE 1072 174.60620 33.165350 882 1
FULLTILE 1073 128.80870 44.083410 900 1
FULLTILE 1074 233.83470 38.303540 861 1
FULLTILE 1075 260.22560 24.655480 900 1
FULLTILE 1076 183.27170 20.331000 757 1
FULLTILE 1077 236.36060 20.567640 852 1
FULLTILE 1078 183.87910 33.181450 900 1
FULLTILE 1079 114.81130 46.625580 900 1
FULLTILE 1080 181.15440 64.111220 745 1
FULLTILE 1081 229.61730 16.309080 846 1
FULLTILE 1082 147.20310 65.709380 716 1
FULLTILE 1083 161.02270 7.4080020 694 1
FULLTILE 1084 165.05600 50.170810 888 1
FULLTILE 1085 202.72700 33.726480 714 1
FULLTILE 1086 151.86390 57.841830 751 1
FULLTILE 1087 168.72110 49.290050 685 1
FULLTILE 1088 202.03070 7.3428080 746 1
FULLTILE 1089 164.99040 2.9395740 893 1
FULLTILE 1090 200.13180 32.869960 779 1
FULLTILE 1091 220.53560 18.551870 784 1
FULLTILE 1092 212.74910 34.029810 868 1
FULLTILE 1093 172.65010 26.609220 808 1
FULLTILE 1094 163.48220 11.045820 737 1
FULLTILE 1095 159.30040 13.099050 673 1
FULLTILE 1096 170.09720 66.109510 756 1
FULLTILE 1097 227.80550 24.581700 863 1
FULLTILE 1098 175.85190 65.193770 763 1
FULLTILE 1099 152.63160 13.979120 763 1
FULLTILE 1100 150.82170 26.459910 511 1
FULLTILE 1101 170.48030 22.623280 751 1
FULLTILE 1102 166.22410 39.085950 748 1
FULLTILE 1103 218.21360 19.843670 830 1
FULLTILE 1104 195.65340 9.4602740 727 1
FULLTILE 1105 185.07620 14.033740 714 1
FULLTILE 1106 207.17550 32.774720 676 1
FULLTILE 1107 149.61840 38.598640 785 1
FULLTILE 1108 201.96110 4.9927220 739 1
FULLTILE 1109 234.08390 44.560810 829 1
FULLTILE 1110 169.86270 10.251710 734 1
FULLTILE 1111 62.219800 3.2122410 736 1
FULLTILE 1112 208.63540 9.8291720 889 1
FULLTILE 1113 145.60930 13.162520 900 1
FULLTILE 1114 178.22440 50.973820 900 1
FULLTILE 1115 206.34810 6.6842410 867 1
FULLTILE 1116 225.61880 38.206340 748 1
FULLTILE 1117 153.45150 42.112970 707 1
FULLTILE 1118 241.60240 59.813920 900 1
FULLTILE 1119 162.90980 4.0070120 852 1
FULLTILE 1120 237.41210 43.690810 830 1
FULLTILE 1121 206.85170 18.492940 733 1
FULLTILE 1122 208.21330 35.214220 809 1
FULLTILE 1123 176.37690 62.891850 857 1
FULLTILE 1124 242.54100 32.610840 900 1
FULLTILE 1125 210.52820 -0.85516390 900 1
FULLTILE 1126 242.42830 46.563560 882 1
FULLTILE 1127 157.58390 21.260090 701 1
FULLTILE 1128 172.81960 45.864690 646 1
FULLTILE 1129 204.49160 15.303970 684 1
FULLTILE 1130 225.58690 25.509670 731 1
FULLTILE 1131 208.56150 7.5219040 670 1
FULLTILE 1132 155.42580 22.181320 870 1
FULLTILE 1133 163.44110 31.057110 871 1
FULLTILE 1134 185.64900 24.062140 705 1
FULLTILE 1135 165.85810 30.002990 817 1
FULLTILE 1136 221.06370 25.226230 648 1
FULLTILE 1137 186.39440 65.211480 833 1
FULLTILE 1138 144.73330 48.232210 859 1
FULLTILE 1139 185.49760 21.517030 794 1
FULLTILE 1140 233.46080 31.855010 817 1
FULLTILE 1141 168.18580 28.903340 818 1
FULLTILE 1142 219.19580 -1.7313370 900 1
FULLTILE 1143 215.78960 42.387920 827 1
FULLTILE 1144 149.57730 59.854500 798 1
FULLTILE 1145 204.56670 32.014800 838 1
FULLTILE 1146 172.58570 21.485270 900 1
FULLTILE 1147 147.74040 9.6601210 801 1
FULLTILE 1148 181.18290 21.639940 844 1
FULLTILE 1149 148.93390 52.110170 900 1
FULLTILE 1150 197.61200 0.89198090 850 1
FULLTILE 1151 228.96140 31.233270 798 1
FULLTILE 1152 159.47860 15.454240 900 1
FULLTILE 1153 176.40760 11.686650 802 1
FULLTILE 1154 189.07480 38.141480 790 1
FULLTILE 1155 136.97600 21.485800 783 1
FULLTILE 1156 175.62230 -0.091033890 847 1
FULLTILE 1157 201.93330 2.6457080 897 1
FULLTILE 1158 222.69630 28.693570 835 1
FULLTILE 1159 132.09380 -1.4252270 900 1
FULLTILE 1160 146.90890 54.086660 900 1
FULLTILE 1161 184.54380 2.0902930 900 1
FULLTILE 1162 172.03530 61.560230 778 1
FULLTILE 1163 231.91210 17.681440 900 1
FULLTILE 1164 253.14050 16.137420 900 1
FULLTILE 1165 160.83190 5.0897520 862 1
FULLTILE 1166 224.42690 30.396270 852 1
FULLTILE 1167 198.85970 37.032710 847 1
FULLTILE 1168 234.14560 19.121530 900 1
FULLTILE 1169 173.35000 -1.2906290 900 1
FULLTILE 1170 204.14660 5.8455330 900 1
FULLTILE 1171 143.19920 9.9936740 900 1
FULLTILE 1172 151.84950 2.7352430 810 1
FULLTILE 1173 207.88660 49.610370 767 1
FULLTILE 1174 144.63680 56.008590 900 1
FULLTILE 1175 203.92160 29.477810 898 1
FULLTILE 1176 182.99210 15.338570 900 1
FULLTILE 1177 217.21720 32.644860 889 1
FULLTILE 1178 230.09680 57.389290 821 1
FULLTILE 1179 223.87990 50.058270 900 1
FULLTILE 1180 224.43180 9.4494050 880 1
FULLTILE 1181 227.18330 29.642550 900 1
FULLTILE 1182 141.13900 44.103910 900 1
FULLTILE 1183 187.89840 25.235170 847 1
FULLTILE 1184 150.35360 46.245730 900 1
FULLTILE 1185 184.71130 48.497650 877 1
FULLTILE 1186 139.54650 41.932320 760 1
FULLTILE 1187 154.13810 3.8437390 750 1
FULLTILE 1188 207.07360 20.948840 900 1
FULLTILE 1189 226.85730 35.972330 874 1
FULLTILE 1190 174.82010 25.417280 780 1
FULLTILE 1191 222.44340 12.896750 722 1
FULLTILE 1192 183.97550 35.779690 853 1
FULLTILE 1193 122.54550 42.285930 900 1
FULLTILE 1194 222.82800 17.313790 900 1
FULLTILE 1195 176.11830 6.9169190 900 1
FULLTILE 1196 134.96870 23.217430 894 1
FULLTILE 1197 192.09870 66.137410 809 1
FULLTILE 1198 152.48920 61.698200 690 1
FULLTILE 1199 199.92900 8.8502090 900 1
FULLTILE 1200 177.02250 29.337750 724 1
FULLTILE 1201 262.75210 28.324000 900 1
FULLTILE 1202 150.23770 12.918270 784 1
FULLTILE 1203 161.80270 26.929400 748 1
FULLTILE 1204 177.01550 26.758180 900 1
FULLTILE 1205 139.85180 37.939610 772 1
FULLTILE 1206 206.37500 30.268310 737 1
FULLTILE 1207 239.84930 45.145490 900 1
FULLTILE 1208 156.06940 37.687750 701 1
FULLTILE 1209 150.78650 50.095720 891 1
FULLTILE 1210 218.53710 24.285580 857 1
FULLTILE 1211 137.23940 23.979570 820 1
FULLTILE 1212 220.71440 61.841800 814 1
FULLTILE 1213 225.50800 47.978010 807 1
FULLTILE 1214 159.71970 20.309390 840 1
FULLTILE 1215 152.92580 28.091550 900 1
FULLTILE 1216 201.68350 37.890200 867 1
FULLTILE 1217 213.89360 48.152160 889 1
FULLTILE 1218 139.52860 24.705330 900 1
FULLTILE 1219 192.90160 44.220160 879 1
FULLTILE 1220 169.99410 32.944520 763 1
FULLTILE 1221 191.78930 39.199450 802 1
FULLTILE 1222 228.27150 59.532110 900 1
FULLTILE 1223 151.48640 40.384270 900 1
FULLTILE 1224 162.03580 36.071350 877 1
FULLTILE 1225 251.19710 50.517870 891 1
FULLTILE 1226 181.04850 19.122970 860 1
FULLTILE 1227 217.45540 40.533010 900 1
FULLTILE 1228 176.82880 60.563100 900 1
FULLTILE 1229 145.51670 10.930430 900 1
FULLTILE 1230 231.79290 36.772950 900 1
FULLTILE 1231 166.97260 45.436030 900 1
FULLTILE 1232 192.67710 55.456690 900 1
FULLTILE 1233 197.58010 -1.4263340 895 1
FULLTILE 1234 154.29460 6.1151240 745 1
FULLTILE 1235 194.25740 49.150440 745 1
FULLTILE 1236 148.62020 48.240680 729 1
FULLTILE 1237 227.25740 15.049770 762 1
FULLTILE 1238 238.23980 41.274340 892 1
FULLTILE 1239 146.74990 50.199590 832 1
FULLTILE 1240 210.64050 3.7769590 766 1
FULLTILE 1241 191.21930 5.1616700 720 1
FULLTILE 1242 158.39570 55.360100 877 1
FULLTILE 1243 193.27720 1.4153910 618 1
FULLTILE 1244 209.63690 24.163950 827 1
FULLTILE 1245 153.23850 23.078150 705 1
FULLTILE 1246 220.52510 36.743630 806 1
FULLTILE 1247 152.98330 18.453290 866 1
FULLTILE 1248 184.52840 46.002880 899 1
FULLTILE 1249 192.45670 27.422440 896 1
FULLTILE 1250 244.71680 33.995980 897 1
FULLTILE 1251 208.89760 31.005960 900 1
FULLTILE 1252 222.06830 8.4243680 763 1
FULLTILE 1253 213.05940 9.2129480 900 1
FULLTILE 1254 166.10860 27.415980 900 1
FULLTILE 1255 134.73910 20.724830 851 1
FULLTILE 1256 115.54520 24.730410 900 1
FULLTILE 1257 233.99460 16.661590 900 1
FULLTILE 1258 155.81200 63.482150 873 1
FULLTILE 1259 189.30210 11.365680 900 1
FULLTILE 1260 220.05320 28.877160 803 1
FULLTILE 1261 166.90590 62.393900 900 1
FULLTILE 1262 226.28360 51.823890 900 1
FULLTILE 1263 199.84410 6.4831120 884 1
FULLTILE 1264 238.92780 38.808160 755 1
FULLTILE 1265 148.63540 25.223810 900 1
FULLTILE 1266 215.75820 38.453310 895 1
FULLTILE 1267 161.47790 63.039980 745 1
FULLTILE 1268 183.78230 30.581990 838 1
FULLTILE 1269 195.91060 53.943290 864 1
FULLTILE 1270 164.07860 37.593750 900 1
FULLTILE 1271 211.14370 35.806800 696 1
FULLTILE 1272 140.88280 48.030300 900 1
FULLTILE 1273 184.80010 6.7887720 753 1
FULLTILE 1274 168.11070 60.126410 865 1
FULLTILE 1275 163.10530 6.3423980 782 1
FULLTILE 1276 156.41230 31.356320 812 1
FULLTILE 1277 127.84530 41.650020 838 1
FULLTILE 1278 247.13800 32.763930 900 1
FULLTILE 1279 149.28470 55.991660 891 1
FULLTILE 1280 198.41250 43.582440 771 1
FULLTILE 1281 186.67830 0.83772390 871 1
FULLTILE 1282 156.10310 0.38754020 866 1
FULLTILE 1283 177.91570 53.393090 750 1
FULLTILE 1284 186.00090 62.906100 854 1
FULLTILE 1285 141.71510 32.124700 806 1
FULLTILE 1286 191.06110 0.48458030 865 1
FULLTILE 1287 254.42770 46.795890 900 1
FULLTILE 1288 153.12100 51.899310 707 1
FULLTILE 1289 178.97260 40.971560 882 1
FULLTILE 1290 147.98340 14.124170 845 1
FULLTILE 1291 227.03110 12.786490 900 1
FULLTILE 1292 228.10330 0.27378600 900 1
FULLTILE 1293 146.44850 42.473410 723 1
FULLTILE 1294 244.41420 36.561680 900 1
FULLTILE 1295 178.67660 46.040140 891 1
FULLTILE 1296 263.04950 30.904020 900 1
FULLTILE 1297 220.05100 11.916200 900 1
FULLTILE 1298 151.59050 -1.8796760 900 1
FULLTILE 1299 229.39860 13.985110 900 1
FULLTILE 1300 188.07680 27.810180 900 1
FULLTILE 1301 190.40820 61.575210 887 1
FULLTILE 1302 234.71830 56.805340 900 1
FULLTILE 1303 123.47540 6.6676290 900 1
FULLTILE 1304 187.18750 12.721400 713 1
FULLTILE 1305 185.00000 11.594840 900 1
FULLTILE 1306 181.27350 59.433330 854 1
FULLTILE 1307 170.50060 25.187940 729 1
FULLTILE 1308 167.61860 8.9335540 816 1
FULLTILE 1309 208.18520 28.488850 773 1
FULLTILE 1310 185.80060 26.628660 763 1
FULLTILE 1311 185.37670 58.210630 857 1
FULLTILE 1312 157.17580 14.117700 853 1
FULLTILE 1313 162.72450 1.6774910 874 1
FULLTILE 1314 168.35800 23.738380 900 1
FULLTILE 1315 155.65130 53.653250 890 1
FULLTILE 1316 204.62650 17.730370 900 1
FULLTILE 1317 172.82210 59.237930 898 1
FULLTILE 1318 227.00960 45.856460 880 1
FULLTILE 1319 153.98800 1.5537500 900 1
FULLTILE 1320 218.80670 34.774130 900 1
FULLTILE 1321 145.79320 17.591790 746 1
FULLTILE 1322 168.32770 26.313890 814 1
FULLTILE 1323 173.53920 1.0363740 774 1
FULLTILE 1324 199.76350 -0.55819300 654 1
FULLTILE 1325 144.63520 32.579510 831 1
FULLTILE 1326 215.13370 5.5565090 896 1
FULLTILE 1327 156.79390 9.5400500 711 1
FULLTILE 1328 181.60420 47.297130 737 1
FULLTILE 1329 218.64440 30.793470 817 1
FULLTILE 1330 211.81370 49.988920 890 1
FULLTILE 1331 189.44610 40.689190 900 1
FULLTILE 1332 171.13920 63.848900 900 1
FULLTILE 1333 219.89200 9.6791260 900 1
FULLTILE 1334 208.39080 0.58988760 868 1
FULLTILE 1335 127.77940 -0.89128300 900 1
FULLTILE 1336 231.81440 43.022620 794 1
FULLTILE 1337 174.76720 22.857770 900 1
FULLTILE 1338 187.27790 44.637860 900 1
FULLTILE 1339 239.01180 47.541130 886 1
FULLTILE 1340 171.93330 9.1615690 900 1
FULLTILE 1341 154.66670 29.737510 680 1
FULLTILE 1342 132.71230 22.418590 822 1
FULLTILE 1343 210.58110 1.4720220 897 1
FULLTILE 1344 227.72600 27.121470 810 1
FULLTILE 1345 130.16920 16.634980 900 1
FULLTILE 1346 240.05130 33.761040 883 1
FULLTILE 1347 176.86480 34.507030 785 1
FULLTILE 1348 181.21830 61.785790 900 1
FULLTILE 1349 214.78130 28.007760 789 1
FULLTILE 1350 224.26210 40.338140 737 1
FULLTILE 1351 241.71370 48.972130 900 1
FULLTILE 1352 174.67810 20.319570 762 1
FULLTILE 1353 186.90290 5.5105770 834 1
FULLTILE 1354 233.80150 14.250230 900 1
FULLTILE 1355 149.93700 8.4404650 897 1
FULLTILE 1356 139.25360 59.712740 768 1
FULLTILE 1357 215.35620 10.085400 827 1
FULLTILE 1358 190.16510 26.355060 779 1
FULLTILE 1359 244.92800 31.413450 900 1
FULLTILE 1360 239.53930 36.301210 900 1
FULLTILE 1361 180.71210 11.682140 900 1
FULLTILE 1362 219.55890 46.360060 742 1
FULLTILE 1363 172.14880 34.361810 900 1
FULLTILE 1364 183.41210 22.862920 839 1
FULLTILE 1365 119.38610 14.361400 900 1
FULLTILE 1366 202.04100 31.193270 847 1
FULLTILE 1367 189.63040 18.728140 856 1
FULLTILE 1368 223.26820 32.698330 900 1
FULLTILE 1369 197.74220 7.9748530 771 1
FULLTILE 1370 222.63380 15.110260 900 1
FULLTILE 1371 213.62500 20.622320 900 1
FULLTILE 1372 234.31610 50.709980 750 1
FULLTILE 1373 164.82430 35.106720 685 1
FULLTILE 1374 163.29650 8.6854460 900 1
FULLTILE 1375 169.51230 5.5156830 900 1
FULLTILE 1376 176.54850 14.126240 900 1
FULLTILE 1377 147.63560 32.888350 879 1
FULLTILE 1378 165.52990 64.625000 898 1
FULLTILE 1379 214.18590 36.283920 900 1
FULLTILE 1380 163.55500 46.307060 880 1
FULLTILE 1381 196.29300 21.753390 726 1
FULLTILE 1382 145.42030 8.6834710 900 1
FULLTILE 1383 161.72950 16.866360 747 1
FULLTILE 1384 195.51010 4.6874700 832 1
FULLTILE 1385 138.49750 35.644220 900 1
FULLTILE 1386 213.12260 29.861170 900 1
FULLTILE 1387 129.86890 46.476490 900 1
FULLTILE 1388 140.91770 9.0847390 900 1
FULLTILE 1389 164.82100 0.62119680 810 1
FULLTILE 1390 170.23510 44.460100 900 1
FULLTILE 1391 197.67780 5.5953730 888 1
FULLTILE 1392 203.58870 36.221010 685 1
FULLTILE 1393 139.93010 27.224620 786 1
FULLTILE 1394 242.19060 35.179690 896 1
FULLTILE 1395 249.30130 36.655470 900 1
FULLTILE 1396 161.48660 29.505780 900 1
FULLTILE 1397 208.48820 5.2167250 897 1
FULLTILE 1398 138.71200 10.484360 900 1
FULLTILE 1399 225.02730 34.350620 712 1
FULLTILE 1400 161.20190 44.762160 900 1
FULLTILE 1401 154.71960 59.636180 900 1
FULLTILE 1402 178.49440 10.494310 900 1
FULLTILE 1403 233.07440 52.972770 900 1
FULLTILE 1404 165.46850 41.541070 900 1
FULLTILE 1405 171.57780 50.714760 900 1
FULLTILE 1406 196.10790 19.238430 900 1
FULLTILE 1407 163.83480 28.482070 720 1
FULLTILE 1408 159.62760 17.853340 900 1
FULLTILE 1409 189.87060 43.212960 800 1
FULLTILE 1410 198.86400 52.368460 814 1
FULLTILE 1411 175.80630 2.2352970 900 1
FULLTILE 1412 140.97080 11.347470 900 1
FULLTILE 1413 182.89740 12.867540 894 1
FULLTILE 1414 140.01570 55.835720 900 1
FULLTILE 1415 191.84520 19.775580 900 1
FULLTILE 1416 179.09160 38.403430 829 1
FULLTILE 1417 144.67660 40.469890 842 1
FULLTILE 1418 172.10130 11.559230 899 1
FULLTILE 1419 188.75590 35.573830 853 1
FULLTILE 1420 148.36090 20.744290 856 1
FULLTILE 1421 199.35530 46.016670 900 1
FULLTILE 1422 174.64260 52.084590 900 1
FULLTILE 1423 154.82780 12.881520 900 1
FULLTILE 1424 215.80230 19.035820 814 1
FULLTILE 1425 217.68940 10.984930 850 1
FULLTILE 1426 190.95830 34.092830 824 1
FULLTILE 1427 130.46710 21.584750 900 1
FULLTILE 1428 150.19780 28.716800 851 1
FULLTILE 1429 163.11950 60.843780 769 1
FULLTILE 1430 158.37130 1.5626490 900 1
FULLTILE 1431 181.59040 49.776430 852 1
FULLTILE 1432 236.22860 18.075880 900 1
FULLTILE 1433 158.19650 -0.76438800 798 1
FULLTILE 1434 192.30970 41.722750 900 1
FULLTILE 1435 166.89910 36.588830 900 1
FULLTILE 1436 167.47080 34.056910 900 1
FULLTILE 1437 163.96000 52.486810 900 1
FULLTILE 1438 138.33810 63.601790 881 1
FULLTILE 1439 161.22070 50.913310 900 1
FULLTILE 1440 199.67580 39.523830 900 1
FULLTILE 1441 230.17810 -0.91126390 900 1
FULLTILE 1442 125.91260 17.317500 900 1
FULLTILE 1443 149.68690 3.9236900 896 1
FULLTILE 1444 211.94260 24.853430 727 1
FULLTILE 1445 194.06430 20.785090 900 1
FULLTILE 1446 173.86660 5.6970500 900 1
FULLTILE 1447 189.17370 56.891200 800 1
FULLTILE 1448 176.47510 39.656940 772 1
FULLTILE 1449 191.18540 63.871570 878 1
FULLTILE 1450 142.30120 27.904280 900 1
FULLTILE 1451 150.54620 17.340880 900 1
FULLTILE 1452 176.97380 31.923190 893 1
FULLTILE 1453 210.61720 29.203060 781 1
FULLTILE 1454 181.33030 57.048900 900 1
FULLTILE 1455 209.54290 51.783610 873 1
FULLTILE 1456 157.69760 45.440750 770 1
FULLTILE 1457 128.22880 20.718520 900 1
FULLTILE 1458 136.48640 9.6310210 900 1
FULLTILE 1459 162.83060 33.593530 900 1
FULLTILE 1460 164.65220 -1.6994610 861 1
FULLTILE 1461 214.27070 25.506310 900 1
FULLTILE 1462 247.23210 30.176660 900 1
FULLTILE 1463 146.12790 24.242770 765 1
FULLTILE 1464 193.56150 46.692160 820 1
FULLTILE 1465 210.03940 26.681500 895 1
FULLTILE 1466 189.38710 13.790920 898 1
FULLTILE 1467 240.42750 31.188330 847 1
FULLTILE 1468 183.54600 25.417770 900 1
FULLTILE 1469 157.20340 35.353740 900 1
FULLTILE 1470 123.53920 35.716430 900 1
FULLTILE 1471 178.62520 12.918810 806 1
FULLTILE 1472 146.30130 38.616790 900 1
FULLTILE 1473 231.69780 55.199610 871 1
FULLTILE 1474 144.72290 52.124250 900 1
FULLTILE 1475 111.45840 35.222450 900 1
FULLTILE 1476 236.43480 23.100640 900 1
FULLTILE 1477 245.67340 45.486910 900 1
FULLTILE 1478 186.78960 3.1606680 878 1
FULLTILE 1479 220.20990 14.138670 789 1
FULLTILE 1480 160.08430 34.522870 870 1
FULLTILE 1481 176.69720 37.087340 900 1
FULLTILE 1482 142.72080 50.106200 900 1
FULLTILE 1483 150.86630 21.745950 671 1
FULLTILE 1484 145.08850 -0.45961990 900 1
FULLTILE 1485 254.16130 36.607430 900 1
FULLTILE 1486 175.91620 44.732000 900 1
FULLTILE 1487 137.30480 33.274790 900 1
FULLTILE 1488 193.33830 3.7548050 900 1
FULLTILE 1489 249.46950 31.488170 900 1
FULLTILE 1490 148.76620 27.197190 829 1
FULLTILE 1491 138.96630 31.518510 900 1
FULLTILE 1492 140.92360 65.649290 886 1
FULLTILE 1493 220.22550 32.905520 789 1
FULLTILE 1494 152.49350 48.042190 900 1
FULLTILE 1495 225.62350 23.007080 900 1
FULLTILE 1496 246.96810 35.343050 900 1
FULLTILE 1497 132.14360 10.268250 900 1
FULLTILE 1498 143.26940 12.234140 900 1
FULLTILE 1499 171.76710 6.7926150 883 1
FULLTILE 1500 156.98430 11.819460 900 1
FULLTILE 1501 154.46080 8.3724750 900 1
FULLTILE 1502 176.26000 9.2846350 900 1
FULLTILE 1503 213.69350 52.073820 900 1
FULLTILE 1504 224.23900 7.2104670 900 1
FULLTILE 1505 245.16850 47.936750 900 1
FULLTILE 1506 158.21320 32.951200 900 1
FULLTILE 1507 212.39410 27.365960 900 1
FULLTILE 1508 193.39670 6.1263850 900 1
FULLTILE 1509 157.89150 61.372540 900 1
FULLTILE 1510 218.35530 22.048810 811 1
FULLTILE 1511 151.98430 5.0071360 900 1
FULLTILE 1512 189.01620 4.1770760 900 1
FULLTILE 1513 221.59540 1.6287230 900 1
FULLTILE 1514 125.83590 14.854230 900 1
FULLTILE 1515 185.66670 60.572800 817 1
FULLTILE 1516 149.96700 42.416830 900 1
FULLTILE 1517 211.59280 22.366160 815 1
FULLTILE 1518 143.41130 16.704600 899 1
FULLTILE 1519 174.47390 15.302000 900 1
FULLTILE 1520 208.42840 2.9081170 889 1
FULLTILE 1521 221.57530 30.976980 900 1
FULLTILE 1522 241.73570 37.720760 900 1
FULLTILE 1523 155.52240 43.797200 900 1
FULLTILE 1524 238.54740 22.009750 900 1
FULLTILE 1525 223.74210 36.524610 668 1
FULLTILE 1526 249.41290 34.073180 900 1
FULLTILE 1527 126.01930 19.805160 900 1
FULLTILE 1528 134.28640 8.7765560 900 1
FULLTILE 1529 124.82620 40.752510 900 1
FULLTILE 1530 193.21320 -0.89756390 900 1
FULLTILE 1531 220.70430 20.751800 898 1
FULLTILE 1532 186.97250 42.112300 779 1
FULLTILE 1533 233.24250 59.031780 801 1
FULLTILE 1534 163.94170 18.315290 900 1
FULLTILE 1535 206.45930 36.949450 900 1
FULLTILE 1536 150.08770 10.687920 797 1
FULLTILE 1537 136.77190 37.379290 900 1
FULLTILE 1538 181.30560 24.180860 899 1
FULLTILE 1539 151.96340 44.207700 900 1
FULLTILE 1540 229.98300 23.625350 900 1
FULLTILE 1541 243.59480 41.629930 900 1
FULLTILE 1542 180.81150 14.137910 900 1
FULLTILE 1543 238.00990 58.345710 858 1
FULLTILE 1544 223.30840 46.216340 900 1
FULLTILE 1545 139.19280 45.892040 900 1
FULLTILE 1546 195.42450 0.0034267890 884 1
FULLTILE 1547 188.91960 1.8405160 900 1
FULLTILE 1548 157.23220 51.495760 837 1
FULLTILE 1549 118.45540 50.188620 900 1
FULLTILE 1550 174.38090 35.741620 890 1
FULLTILE 1551 191.14080 2.8084290 900 1
FULLTILE 1552 202.58910 65.216040 815 1
FULLTILE 1553 204.09390 3.5111370 743 1
FULLTILE 1554 159.99630 47.052090 824 1
FULLTILE 1555 215.24760 7.8317100 900 1
FULLTILE 1556 180.91630 16.625290 730 1
FULLTILE 1557 235.86430 13.198080 900 1
FULLTILE 1558 136.22540 41.433110 900 1
FULLTILE 1559 201.92260 0.31151930 834 1
FULLTILE 1560 155.01580 15.148110 900 1
FULLTILE 1561 257.05870 42.943510 900 1
FULLTILE 1562 174.01640 8.0504890 805 1
FULLTILE 1563 154.19670 36.060930 853 1
FULLTILE 1564 127.43800 48.080870 900 1
FULLTILE 1565 226.00710 1.4736130 900 1
FULLTILE 1566 145.70070 15.382050 900 1
FULLTILE 1567 221.94280 34.778480 900 1
FULLTILE 1568 155.34500 19.769430 900 1
FULLTILE 1569 135.70600 28.281070 900 1
FULLTILE 1570 239.52760 6.2758840 900 1
FULLTILE 1571 240.59290 42.714010 900 1
FULLTILE 1572 241.21620 40.233200 900 1
FULLTILE 1573 164.56860 43.944230 864 1
FULLTILE 1574 167.79160 43.016430 900 1
FULLTILE 1575 251.75260 35.351720 900 1
FULLTILE 1576 155.36760 33.744170 900 1
FULLTILE 1577 165.36630 7.6263420 880 1
FULLTILE 1578 217.55590 8.7398210 900 1
FULLTILE 1579 235.96940 30.823600 864 1
FULLTILE 1580 144.18840 26.050610 866 1
FULLTILE 1581 160.90500 32.049140 770 1
FULLTILE 1582 158.54980 3.8739120 890 1
FULLTILE 1583 229.95580 26.168360 861 1
FULLTILE 1584 196.73110 64.638920 900 1
FULLTILE 1585 176.96200 24.193040 900 1
FULLTILE 1586 259.29140 38.996310 900 1
FULLTILE 1587 171.35410 39.461680 887 1
FULLTILE 1588 123.99350 47.221430 900 1
FULLTILE 1589 235.41560 33.369060 900 1
FULLTILE 1590 174.17460 10.434680 900 1
FULLTILE 1591 181.59680 42.247370 900 1
FULLTILE 1592 237.98310 32.309270 897 1
FULLTILE 1593 236.47600 46.068720 780 1
FULLTILE 1594 152.40430 34.410240 900 1
FULLTILE 1595 135.48170 55.491760 900 1
FULLTILE 1596 133.42160 47.142790 900 1
FULLTILE 1597 150.70580 19.541970 900 1
FULLTILE 1598 174.12100 54.491880 900 1
FULLTILE 1599 184.41540 -0.21792790 787 1
FULLTILE 1600 226.80510 10.531650 892 1
FULLTILE 1601 195.47400 62.391670 900 1
FULLTILE 1602 240.64220 20.882060 899 1
FULLTILE 1603 243.06420 44.120710 805 1
FULLTILE 1604 134.32550 11.114370 900 1
FULLTILE 1605 177.23040 58.202370 900 1
FULLTILE 1606 227.47560 17.334970 900 1
FULLTILE 1607 152.45660 11.745070 900 1
FULLTILE 1608 195.57030 7.0633300 900 1
FULLTILE 1609 212.79720 2.3643300 900 1
FULLTILE 1610 228.39120 43.685770 835 1
FULLTILE 1611 181.60220 44.785510 900 1
FULLTILE 1612 143.12760 7.7385490 900 1
FULLTILE 1613 123.82530 18.849170 900 1
FULLTILE 1614 146.10220 30.751310 871 1
FULLTILE 1615 204.44490 61.342360 842 1
FULLTILE 1616 214.10800 40.271760 694 1
FULLTILE 1617 220.87870 22.959720 867 1
FULLTILE 1618 147.61470 7.4035020 900 1
FULLTILE 1619 137.59280 26.503080 900 1
FULLTILE 1620 173.70620 3.3604280 879 1
FULLTILE 1621 132.10260 7.9151510 900 1
FULLTILE 1622 159.88030 53.155830 900 1
FULLTILE 1623 193.90110 18.275880 900 1
FULLTILE 1624 140.60620 29.730980 887 1
FULLTILE 1625 210.67780 57.800370 900 1
FULLTILE 1626 189.73870 59.246720 861 1
FULLTILE 1627 230.38980 1.4127110 900 1
FULLTILE 1628 234.30210 24.157120 900 1
FULLTILE 1629 123.67160 13.912060 900 1
FULLTILE 1630 236.30920 28.242860 900 1
FULLTILE 1631 142.49400 54.005880 899 1
FULLTILE 1632 149.57420 1.6381120 900 1
FULLTILE 1633 237.43750 34.851140 900 1
FULLTILE 1634 178.06830 3.4037570 900 1
FULLTILE 1635 132.13440 44.835280 900 1
FULLTILE 1636 159.73980 59.215060 900 1
FULLTILE 1637 148.10650 16.336910 882 1
FULLTILE 1638 235.44610 48.408810 900 1
FULLTILE 1639 196.13710 36.107560 900 1
FULLTILE 1640 212.16590 63.757570 877 1
FULLTILE 1641 202.88530 53.026620 900 1
FULLTILE 1642 194.38900 60.110230 900 1
FULLTILE 1643 138.54810 -1.0222030 900 1
FULLTILE 1644 226.27380 42.034990 900 1
FULLTILE 1645 181.58720 37.106760 900 1
FULLTILE 1646 144.74800 28.523050 900 1
FULLTILE 1647 128.52470 50.431060 900 1
FULLTILE 1648 156.30020 47.639690 873 1
FULLTILE 1649 234.68020 35.858810 858 1
FULLTILE 1650 238.10320 49.908300 881 1
FULLTILE 1651 129.94310 40.042280 900 1
FULLTILE 1652 204.08070 1.1766640 885 1
FULLTILE 1653 234.25080 26.722040 900 1
FULLTILE 1654 160.64100 2.7699330 900 1
FULLTILE 1655 237.10440 52.240460 900 1
FULLTILE 1656 165.55200 9.9964630 900 1
FULLTILE 1657 169.18030 57.818990 900 1
FULLTILE 1658 246.73450 37.909760 900 1
FULLTILE 1659 236.44720 25.659060 900 1
FULLTILE 1660 195.29730 42.690330 849 1
FULLTILE 1661 224.85080 44.153030 900 1
FULLTILE 1662 184.36200 43.480460 838 1
FULLTILE 1663 176.21600 42.207040 882 1
FULLTILE 1664 184.91490 9.1792910 900 1
FULLTILE 1665 246.43850 40.462060 900 1
FULLTILE 1666 158.67580 49.295980 900 1
FULLTILE 1667 120.12580 43.781400 900 1
FULLTILE 1668 165.17540 5.2734410 821 1
FULLTILE 1669 202.77470 59.155770 892 1
FULLTILE 1670 194.61230 40.194970 900 1
FULLTILE 1671 130.85240 61.067990 900 1
FULLTILE 1672 246.08830 42.990610 900 1
FULLTILE 1673 137.10400 47.665160 900 1
FULLTILE 1674 187.01420 7.8926340 793 1
FULLTILE 1675 215.03540 3.2729060 900 1
FULLTILE 1676 236.05940 15.617280 900 1
FULLTILE 1677 193.50640 35.124870 803 1
FULLTILE 1678 161.83810 19.328340 870 1
FULLTILE 1679 207.06200 53.541760 870 1
FULLTILE 1680 223.88790 2.6892040 900 1
FULLTILE 1681 221.64540 48.238550 900 1
FULLTILE 1682 248.56820 11.262050 900 1
FULLTILE 1683 153.14240 20.725700 900 1
FULLTILE 1684 147.55130 28.857940 676 1
FULLTILE 1685 143.23370 30.337470 900 1
FULLTILE 1686 137.25390 57.624290 900 1
FULLTILE 1687 171.27060 -0.19318010 900 1
FULLTILE 1688 117.14480 42.732410 900 1
FULLTILE 1689 232.14430 25.179630 859 1
FULLTILE 1690 206.41160 63.491230 855 1
FULLTILE 1691 167.25330 4.2250390 900 1
FULLTILE 1692 154.77840 49.791160 900 1
FULLTILE 1693 193.47010 57.798020 854 1
FULLTILE 1694 242.77280 30.023680 900 1
FULLTILE 1695 238.44950 19.482730 900 1
FULLTILE 1696 196.88950 56.264920 900 1
FULLTILE 1697 240.94860 51.360180 900 1
FULLTILE 1698 167.08430 1.9034760 900 1
FULLTILE 1699 131.92150 38.398860 900 1
FULLTILE 1700 200.82460 63.033170 871 1
FULLTILE 1701 177.59700 55.806600 900 1
FULLTILE 1702 248.43780 46.806480 900 1
FULLTILE 1703 178.83560 43.518750 822 1
FULLTILE 1704 215.95040 21.308590 746 1
FULLTILE 1705 233.98720 29.302960 900 1
FULLTILE 1706 152.12740 7.2615480 900 1
FULLTILE 1707 226.19400 3.7609080 900 1
FULLTILE 1708 231.50450 12.932950 900 1
FULLTILE 1709 248.08650 49.258270 900 1
FULLTILE 1710 123.73760 16.367200 900 1
FULLTILE 1711 224.05930 4.9586420 900 1
FULLTILE 1712 187.10900 10.303910 900 1
FULLTILE 1713 244.90890 21.114810 900 1
FULLTILE 1714 251.37210 48.070170 900 1
FULLTILE 1715 138.89600 17.404350 900 1
FULLTILE 1716 167.43450 6.5674880 900 1
FULLTILE 1717 136.11260 61.504190 900 1
FULLTILE 1718 210.83740 39.862430 900 1
FULLTILE 1719 196.06820 45.155750 892 1
FULLTILE 1720 136.78170 19.034810 896 1
FULLTILE 1721 170.83830 41.977760 820 1
FULLTILE 1722 135.60880 45.441010 900 1
FULLTILE 1723 233.58620 11.879550 900 1
FULLTILE 1724 223.15510 59.832560 896 1
FULLTILE 1725 229.80540 18.680140 900 1
FULLTILE 1726 153.84190 -0.75764170 882 1
FULLTILE 1727 225.31750 57.784210 900 1
FULLTILE 1728 161.34810 57.012810 892 1
FULLTILE 1729 160.45860 0.44238790 892 1
FULLTILE 1730 138.74160 49.833560 900 1
FULLTILE 1731 196.89880 47.603710 897 1
FULLTILE 1732 217.89940 52.183440 900 1
FULLTILE 1733 204.33280 55.260570 877 1
FULLTILE 1734 135.27990 25.742220 900 1
FULLTILE 1735 151.89260 30.446980 900 1
FULLTILE 1736 199.30120 60.809680 900 1
FULLTILE 1737 235.64910 10.814470 900 1
FULLTILE 1738 234.25520 21.618870 895 1
FULLTILE 1739 205.92220 57.448290 900 1
FULLTILE 1740 154.06980 45.945270 804 1
FULLTILE 1741 225.28380 18.386980 876 1
FULLTILE 1742 178.96620 20.402400 900 1
FULLTILE 1743 182.27990 0.99527810 900 1
FULLTILE 1744 233.13310 7.2155180 900 1
FULLTILE 1745 174.08790 38.304510 900 1
FULLTILE 1746 164.57550 58.603810 898 1
FULLTILE 1747 206.27900 4.3649200 886 1
FULLTILE 1748 132.35180 17.468930 900 1
FULLTILE 1749 215.21830 61.864160 849 1
FULLTILE 1750 236.00290 54.537800 861 1
FULLTILE 1751 212.55720 38.080280 900 1
FULLTILE 1752 153.60190 32.110480 900 1
FULLTILE 1753 124.40140 26.459080 900 1
FULLTILE 1754 149.80650 6.1889370 900 1
FULLTILE 1755 138.11870 29.033330 900 1
FULLTILE 1756 217.97450 59.936850 896 1
FULLTILE 1757 178.73460 15.390230 900 1
FULLTILE 1758 166.92230 54.009010 900 1
FULLTILE 1759 251.76210 32.758800 900 1
FULLTILE 1760 197.55110 41.123910 900 1
FULLTILE 1761 244.78210 18.583890 900 1
FULLTILE 1762 157.50180 18.818550 900 1
FULLTILE 1763 181.57950 34.512180 900 1
FULLTILE 1764 228.88370 53.536870 863 1
FULLTILE 1765 154.63930 10.623370 900 1
FULLTILE 1766 180.16380 2.2069990 900 1
FULLTILE 1767 204.61790 38.663680 900 1
FULLTILE 1768 207.72270 59.593590 900 1
FULLTILE 1769 126.22740 36.681310 900 1
FULLTILE 1770 136.52680 11.946720 900 1
FULLTILE 1771 167.86240 51.665840 900 1
FULLTILE 1772 228.30360 2.5796140 900 1
FULLTILE 1773 136.36480 30.808910 900 1
FULLTILE 1774 223.72050 0.39690490 900 1
FULLTILE 1775 242.71820 19.743680 900 1
FULLTILE 1776 226.58970 8.2839020 900 1
FULLTILE 1777 255.54390 19.811170 900 1
FULLTILE 1778 235.19760 6.1174920 900 1
FULLTILE 1779 125.76140 12.413470 900 1
FULLTILE 1780 239.13770 56.048880 900 1
FULLTILE 1781 129.01810 37.580870 900 1
FULLTILE 1782 148.23210 18.541980 900 1
FULLTILE 1783 209.77140 61.696390 900 1
FULLTILE 1784 261.24930 34.982490 900 1
FULLTILE 1785 231.55620 30.309820 887 1
FULLTILE 1786 219.45310 2.8877240 900 1
FULLTILE 1787 146.62480 26.683690 900 1
FULLTILE 1788 242.82850 22.283820 900 1
FULLTILE 1789 174.58190 17.796780 900 1
FULLTILE 1790 137.64100 43.694330 900 1
FULLTILE 1791 183.67040 27.992300 900 1
FULLTILE 1792 213.87560 23.024010 900 1
FULLTILE 1793 223.40470 23.950170 900 1
FULLTILE 1794 238.35800 29.732370 900 1
FULLTILE 1795 145.31900 6.4171730 900 1
FULLTILE 1796 238.11550 14.545180 900 1
FULLTILE 1797 157.35500 16.444830 900 1
FULLTILE 1798 176.87350 21.646730 900 1
FULLTILE 1799 127.99950 15.762460 900 1
FULLTILE 1800 251.71020 37.937910 900 1
FULLTILE 1801 122.11320 25.460510 900 1
FULLTILE 1802 211.36250 53.903680 900 1
FULLTILE 1803 237.47730 7.3662760 900 1
FULLTILE 1804 206.24150 2.0442630 900 1
FULLTILE 1805 126.97980 39.184110 900 1
FULLTILE 1806 244.04320 39.106700 900 1
FULLTILE 1807 191.34070 36.654570 900 1
FULLTILE 1808 206.22770 -0.28901000 900 1
FULLTILE 1809 219.32400 0.59073560 900 1
FULLTILE 1810 138.12970 53.739920 892 1
FULLTILE 1811 221.74480 3.9121970 900 1
FULLTILE 1812 208.78610 55.696610 900 1
FULLTILE 1813 227.79230 22.075440 900 1
FULLTILE 1814 209.45690 37.568760 900 1
FULLTILE 1815 207.67670 39.315910 900 1
FULLTILE 1816 130.98590 42.460670 900 1
FULLTILE 1817 198.01230 58.552760 900 1
FULLTILE 1818 237.24990 5.0165980 900 1
FULLTILE 1819 171.60890 4.4525550 900 1
FULLTILE 1820 138.66930 8.1989210 900 1
FULLTILE 1821 149.02810 30.981830 900 1
FULLTILE 1822 134.56060 18.265820 900 1
FULLTILE 1823 152.28360 9.5032850 900 1
FULLTILE 1824 225.82410 -0.83514560 900 1
FULLTILE 1825 127.58590 32.538180 900 1
FULLTILE 1826 162.55800 -0.64182600 900 1
FULLTILE 1827 177.72070 -1.2338260 895 1
FULLTILE 1828 125.59780 34.146480 900 1
FULLTILE 1829 216.18200 23.652930 894 1
FULLTILE 1830 246.97640 19.918800 900 1
FULLTILE 1831 247.10740 22.455410 900 1
FULLTILE 1832 247.26920 54.093000 900 1
FULLTILE 1833 215.81250 50.198100 894 1
FULLTILE 1834 189.49050 16.239250 900 1
FULLTILE 1835 170.88450 53.106800 900 1
FULLTILE 1836 212.72290 0.051679580 900 1
FULLTILE 1837 181.55350 31.913630 898 1
FULLTILE 1838 120.71030 46.262210 900 1
FULLTILE 1839 223.02680 19.512020 846 1
FULLTILE 1840 221.90110 6.1752290 900 1
FULLTILE 1841 179.08140 22.934790 900 1
FULLTILE 1842 171.78760 36.922610 875 1
FULLTILE 1843 123.65240 55.880070 900 1
FULLTILE 1844 212.80880 59.856170 900 1
FULLTILE 1845 179.25260 33.225800 900 1
FULLTILE 1846 251.65150 40.507260 900 1
FULLTILE 1847 247.68980 51.678910 900 1
FULLTILE 1848 132.98700 24.942120 900 1
FULLTILE 1849 196.79130 38.631200 782 1
FULLTILE 1850 134.95260 39.098260 900 1
FULLTILE 1851 169.58610 35.507690 900 1
FULLTILE 1852 173.30900 43.375000 900 1
FULLTILE 1853 242.53270 57.491450 830 1
FULLTILE 1854 194.01530 37.671730 900 1
FULLTILE 1855 249.18710 21.214430 899 1
FULLTILE 1856 128.22830 35.076900 900 1
FULLTILE 1857 215.53490 57.979070 900 1
FULLTILE 1858 227.22900 55.683980 900 1
FULLTILE 1859 148.07930 40.560320 900 1
FULLTILE 1860 150.68280 32.730040 812 1
FULLTILE 1861 173.72810 40.852050 900 1
FULLTILE 1862 232.04740 20.135690 900 1
FULLTILE 1863 133.34120 27.484580 900 1
FULLTILE 1864 232.13100 22.637920 900 1
FULLTILE 1865 213.35520 55.968750 900 1
FULLTILE 1866 123.59700 11.475370 900 1
FULLTILE 1867 147.50820 5.1409400 900 1
FULLTILE 1868 121.76190 20.366220 900 1
FULLTILE 1869 134.24840 43.156470 900 1
FULLTILE 1870 176.76200 19.121750 900 1
FULLTILE 1871 135.58840 35.005730 900 1
FULLTILE 1872 226.38700 6.0294990 900 1
FULLTILE 1873 155.19440 17.436470 817 1
FULLTILE 1874 222.11080 52.101780 900 1
FULLTILE 1875 151.71880 0.44055410 892 1
FULLTILE 1876 131.06700 48.806270 900 1
FULLTILE 1877 248.94500 41.781120 900 1
FULLTILE 1878 217.29820 4.2027300 900 1
FULLTILE 1879 133.86370 30.032060 900 1
FULLTILE 1880 140.53190 51.947580 900 1
FULLTILE 1881 173.52540 56.878880 900 1
FULLTILE 1882 127.92350 13.321310 900 1
FULLTILE 1883 235.42580 8.4572760 900 1
FULLTILE 1884 169.34720 3.1866600 900 1
FULLTILE 1885 178.84020 17.890270 900 1
FULLTILE 1886 217.75710 48.292450 900 1
FULLTILE 1887 136.38820 0.38905030 900 1
FULLTILE 1888 177.89540 1.0740760 900 1
FULLTILE 1889 238.60470 24.562000 900 1
FULLTILE 1890 215.75090 54.100090 900 1
FULLTILE 1891 125.77520 52.013730 900 1
FULLTILE 1892 229.66990 28.731560 868 1
FULLTILE 1893 240.11180 53.716840 900 1
FULLTILE 1894 170.09670 55.478980 900 1
FULLTILE 1895 204.06890 -1.1575190 890 1
FULLTILE 1896 191.69630 17.275420 900 1
FULLTILE 1897 241.58790 5.1927700 899 1
FULLTILE 1898 141.08890 15.876780 900 1
FULLTILE 1899 219.84890 50.226890 900 1
FULLTILE 1900 249.46890 28.902390 900 1
FULLTILE 1901 221.44790 -0.67835950 900 1
FULLTILE 1902 130.95530 35.940900 900 1
FULLTILE 1903 132.19280 12.641860 900 1
FULLTILE 1904 120.94350 34.696190 900 1
FULLTILE 1905 179.26600 30.636790 900 1
FULLTILE 1906 254.22260 39.186920 900 1
FULLTILE 1907 232.90550 4.9005540 900 1
FULLTILE 1908 124.15840 23.906720 900 1
FULLTILE 1909 124.82210 49.645530 900 1
FULLTILE 1910 169.00450 -1.4520390 892 1
FULLTILE 1911 245.01130 23.665440 900 1
FULLTILE 1912 136.44950 7.3228840 900 1
FULLTILE 1913 219.72930 7.4248220 900 1
FULLTILE 1914 171.44160 2.1258040 900 1
FULLTILE 1915 251.72600 30.169950 900 1
FULLTILE 1916 116.78540 40.203280 899 1
FULLTILE 1917 142.93370 0.87452280 900 1
FULLTILE 1918 249.13940 39.227790 900 1
FULLTILE 1919 162.75170 54.766240 900 1
FULLTILE 1920 239.31050 3.9364700 900 1
FULLTILE 1921 233.36070 9.5384080 900 1
FULLTILE 1922 237.91470 12.123700 900 1
FULLTILE 1923 217.99470 56.067700 900 1
FULLTILE 1924 121.92010 22.903980 900 1
FULLTILE 1925 124.13220 38.249150 900 1
FULLTILE 1926 179.17500 25.487530 900 1
FULLTILE 1927 121.32330 48.729800 900 1
FULLTILE 1928 134.60870 32.550490 900 1
FULLTILE 1929 165.83270 56.325300 900 1
FULLTILE 1930 118.75760 36.195300 900 1
FULLTILE 1931 240.73140 23.430630 900 1
FULLTILE 1932 130.71060 24.104680 900 1
FULLTILE 1933 200.03070 54.672810 900 1
FULLTILE 1934 179.23780 28.056260 900 1
FULLTILE 1935 129.97180 9.4041460 900 1
FULLTILE 1936 179.19040 35.818230 900 1
FULLTILE 1937 230.82490 6.0182020 900 1
FULLTILE 1938 220.43840 57.978310 900 1
FULLTILE 1939 134.37430 13.470240 900 1
FULLTILE 1940 132.54700 57.198330 900 1
FULLTILE 1941 129.73900 52.731860 900 1
FULLTILE 1942 116.47410 37.650930 900 1
FULLTILE 1943 113.64710 31.279490 900 1
FULLTILE 1944 134.21380 59.370530 900 1
FULLTILE 1945 138.75720 12.773640 900 1
FULLTILE 1946 119.60330 41.276150 900 1
FULLTILE 1947 134.84490 49.393520 900 1
FULLTILE 1948 123.05020 33.161470 900 1
FULLTILE 1949 237.70020 9.7332520 900 1
FULLTILE 1950 132.06370 5.5781910 900 1
FULLTILE 1951 217.41770 6.4754420 900 1
FULLTILE 1952 122.35600 28.024900 899 1
FULLTILE 1953 169.17600 0.86617630 900 1
FULLTILE 1954 229.93130 21.120020 900 1
FULLTILE 1955 238.55630 27.141920 900 1
FULLTILE 1956 123.96830 21.366520 900 1
FULLTILE 1957 234.96550 3.7854350 900 1
FULLTILE 1958 166.91260 -0.41502970 900 1
FULLTILE 1959 129.92600 7.0429850 900 1
FULLTILE 1960 130.02370 11.787990 900 1
FULLTILE 1961 128.44740 23.232140 900 1
FULLTILE 1962 126.71210 27.414450 900 1
FULLTILE 1963 130.15310 33.433670 900 1
FULLTILE 1964 117.55390 45.235290 900 1
FULLTILE 1965 143.33930 14.468860 900 1
FULLTILE 1966 244.60050 50.353990 900 1
FULLTILE 1967 118.00100 47.717120 900 1
FULLTILE 1968 123.52300 9.0655210 900 1
FULLTILE 1969 126.83620 54.334650 900 1
FULLTILE 1970 229.16870 11.690220 900 1
FULLTILE 1971 232.45900 0.25963500 900 1
FULLTILE 1972 141.02630 13.608110 900 1
FULLTILE 1973 143.05050 5.4618230 900 1
FULLTILE 1974 121.63930 17.854970 900 1
FULLTILE 1975 136.38950 2.7075840 900 1
FULLTILE 1976 234.54130 -0.85735070 900 1
FULLTILE 1977 227.66750 19.665190 900 1
FULLTILE 1978 239.74820 8.6388690 900 1
FULLTILE 1979 201.31440 56.932400 900 1
FULLTILE 1980 232.00180 27.748550 900 1
FULLTILE 1981 244.64090 16.080930 900 1
FULLTILE 1982 254.10090 34.013310 900 1
FULLTILE 1983 236.70020 60.607060 899 1
FULLTILE 1984 248.71490 44.309860 900 1
FULLTILE 1985 134.25070 6.4507960 900 1
FULLTILE 1986 133.79840 36.713360 900 1
FULLTILE 1987 114.53740 44.122220 900 1
FULLTILE 1988 240.16840 13.439950 900 1
FULLTILE 1989 242.21670 12.327550 900 1
FULLTILE 1990 134.23910 -0.52347980 900 1
FULLTILE 1991 132.25770 15.040770 900 1
FULLTILE 1992 176.65850 16.609600 900 1
FULLTILE 1993 133.02990 40.801540 900 1
FULLTILE 1994 127.85940 10.907110 900 1
FULLTILE 1995 239.96250 11.026110 900 1
FULLTILE 1996 244.00490 52.755570 900 1
FULLTILE 1997 126.19250 22.324350 899 1
FULLTILE 1998 136.40920 51.591970 900 1
FULLTILE 1999 236.82360 0.37037820 900 1
FULLTILE 2000 134.21800 4.1306850 900 1
FULLTILE 2001 259.00730 36.429200 900 1
FULLTILE 2002 240.65670 28.597460 900 1
FULLTILE 2003 251.40880 22.471430 900 1
FULLTILE 2004 120.04720 26.980000 900 1
FULLTILE 2005 122.00290 51.164570 900 1
FULLTILE 2006 126.43020 24.859690 900 1
FULLTILE 2007 133.86690 53.310870 900 1
FULLTILE 2008 130.08690 14.197610 900 1
FULLTILE 2009 256.50660 35.248880 900 1
FULLTILE 2010 225.48380 20.656520 900 1
FULLTILE 2011 219.58600 5.1642650 900 1
FULLTILE 2012 147.31980 0.56379650 900 1
FULLTILE 2013 242.89440 24.847840 900 1
FULLTILE 2014 241.79810 7.5444380 900 1
FULLTILE 2015 132.81350 34.260820 900 1
FULLTILE 2016 238.29810 16.996950 900 1
FULLTILE 2017 134.21670 1.8097270 900 1
FULLTILE 2018 220.17420 54.110080 900 1
FULLTILE 2019 223.22760 21.713090 900 1
FULLTILE 2020 131.07770 54.987070 900 1
FULLTILE 2021 147.41200 2.8625610 900 1
FULLTILE 2022 254.35640 44.284760 900 1
FULLTILE 2023 119.56540 19.325470 900 1
FULLTILE 2024 251.57940 43.055900 900 1
FULLTILE 2025 214.85120 -1.3517270 900 1
FULLTILE 2026 245.04130 28.823320 900 1
FULLTILE 2027 122.78490 53.545030 900 1
FULLTILE 2028 129.05340 28.330640 900 1
FULLTILE 2029 254.28670 41.747130 900 1
FULLTILE 2030 128.71200 25.774140 900 1
FULLTILE 2031 117.78370 25.880920 900 1
FULLTILE 2032 121.92820 39.781210 900 1
FULLTILE 2033 228.72070 7.1437820 900 1
FULLTILE 2034 224.56930 53.919830 900 1
FULLTILE 2035 231.04900 8.3123270 900 1
FULLTILE 2036 119.86160 24.409940 900 1
FULLTILE 2037 182.13370 -1.2984670 900 1
FULLTILE 2038 249.31770 23.759180 899 1
FULLTILE 2039 257.96850 23.510980 900 1
FULLTILE 2040 181.41210 26.742850 900 1
FULLTILE 2041 237.02870 2.6858640 900 1
FULLTILE 2042 256.36110 32.652230 900 1
FULLTILE 2043 247.20430 25.013840 900 1
FULLTILE 2044 246.83970 17.397690 900 1
FULLTILE 2045 253.64490 23.686920 900 1
FULLTILE 2046 230.60490 3.7208580 900 1
FULLTILE 2047 115.67980 27.307520 900 1
FULLTILE 2048 121.50300 12.936960 900 1
FULLTILE 2049 149.46380 -0.67104040 900 1
FULLTILE 2050 243.86040 6.4359310 900 1
FULLTILE 2051 131.01250 26.648590 900 1
FULLTILE 2052 117.49580 20.768790 900 1
FULLTILE 2053 145.16080 1.8525840 900 1
FULLTILE 2054 121.39400 37.249880 900 1
FULLTILE 2055 125.69430 9.9993180 900 1
FULLTILE 2056 132.02370 31.750380 900 1
FULLTILE 2057 256.67020 37.832940 900 1
FULLTILE 2058 124.70140 29.022940 900 1
FULLTILE 2059 131.43300 29.203910 900 1
FULLTILE 2060 242.88530 27.431350 900 1
FULLTILE 2061 115.82440 29.899000 900 1
FULLTILE 2062 251.25350 19.940910 900 1
FULLTILE 2063 242.01040 9.9229900 900 1
FULLTILE 2064 243.32630 55.138660 894 1
FULLTILE 2065 138.56430 1.3055280 900 1
FULLTILE 2066 260.93720 32.403500 900 1
FULLTILE 2067 140.72820 -0.080709430 900 1
FULLTILE 2068 127.08720 29.978700 900 1
FULLTILE 2069 136.57820 14.278240 900 1
FULLTILE 2070 239.10610 1.6177540 900 1
FULLTILE 2071 180.00400 -0.10349360 900 1
FULLTILE 2072 125.09270 31.589440 900 1
FULLTILE 2073 228.50870 4.8680700 900 1
FULLTILE 2074 232.67800 2.5840230 900 1
FULLTILE 2075 114.29740 41.593040 900 1
FULLTILE 2076 251.49040 45.579010 900 1
FULLTILE 2077 244.46220 13.621410 900 1
FULLTILE 2078 118.43050 33.628620 900 1
FULLTILE 2079 228.94090 9.4141310 900 1
FULLTILE 2080 256.85360 40.399180 900 1
FULLTILE 2081 134.44390 15.851210 900 1
FULLTILE 2082 242.58550 17.231080 900 1
FULLTILE 2083 114.08890 39.040220 900 1
FULLTILE 2084 132.39670 51.082730 900 1
FULLTILE 2085 145.23630 4.1428410 900 1
FULLTILE 2086 140.86250 6.8146990 900 1
FULLTILE 2087 246.69270 14.904760 900 1
FULLTILE 2088 217.18590 1.9139770 900 1
FULLTILE 2089 249.03540 18.691310 900 1
FULLTILE 2090 240.52400 18.361470 900 1
FULLTILE 2091 253.48230 21.147940 900 1
FULLTILE 2092 234.74390 1.4590870 900 1
FULLTILE 2093 116.21120 35.079340 900 1
FULLTILE 2094 240.74850 26.006240 900 1
FULLTILE 2095 142.98890 3.1769430 900 1
FULLTILE 2096 250.94570 14.932500 900 1
FULLTILE 2097 120.57480 32.128780 900 1
FULLTILE 2098 119.45570 16.823490 900 1
FULLTILE 2099 247.25110 27.590120 900 1
FULLTILE 2100 244.26640 11.197070 900 1
FULLTILE 2101 231.27700 10.613230 900 1
FULLTILE 2102 249.41520 26.323250 900 1
FULLTILE 2103 245.06310 26.237160 900 1
FULLTILE 2104 251.54440 25.022580 900 1
FULLTILE 2105 246.51360 12.456120 900 1
FULLTILE 2106 140.76570 2.2328290 900 1
FULLTILE 2107 129.52330 30.890460 900 1
FULLTILE 2108 119.70190 21.856560 900 1
FULLTILE 2109 181.49650 29.322070 900 1
FULLTILE 2110 136.41290 5.0168450 900 1
FULLTILE 2111 255.89600 24.893800 900 1
FULLTILE 2112 136.65770 16.636130 900 1
FULLTILE 2113 255.72240 22.340990 900 1
FULLTILE 2114 119.14680 38.746010 899 1
FULLTILE 2115 251.65130 27.590140 900 1
FULLTILE 2116 127.80300 8.5185340 900 1
FULLTILE 2117 254.02540 31.415450 900 1
FULLTILE 2118 138.81480 15.075480 900 1
FULLTILE 2119 258.76010 33.845570 900 1
FULLTILE 2120 121.56330 15.381870 900 1
FULLTILE 2121 115.99570 32.493510 900 1
FULLTILE 2122 120.28050 29.555700 900 1
FULLTILE 2123 248.89290 16.180910 900 1
FULLTILE 2124 125.63170 7.6107930 900 1
FULLTILE 2125 129.89260 4.6921170 900 1
FULLTILE 2126 240.35870 15.883230 900 1
FULLTILE 2127 113.91140 36.467110 900 1
FULLTILE 2128 248.74520 13.699390 900 1
FULLTILE 2129 222.64250 55.976190 900 1
FULLTILE 2130 111.51800 37.809410 900 1
FULLTILE 2131 256.21780 30.054350 900 1
FULLTILE 2132 129.33130 58.857050 900 1
FULLTILE 2133 122.66030 30.594190 900 1
FULLTILE 2134 253.79330 26.247190 900 1
FULLTILE 2135 258.54760 31.250980 900 1
FULLTILE 2136 246.31980 10.042320 900 1
FULLTILE 2137 111.59050 40.378970 900 1
FULLTILE 2138 128.00270 56.612600 900 1
FULLTILE 2139 132.04710 3.2432630 900 1
FULLTILE 2140 244.06210 8.8021640 900 1
FULLTILE 2141 253.30970 18.633060 900 1
FULLTILE 2142 117.63270 23.314830 900 1
FULLTILE 2143 242.41220 14.762030 900 1
FULLTILE 2144 260.67430 29.814620 900 1
FULLTILE 2145 138.62620 5.9097110 900 1
FULLTILE 2146 117.95410 28.462880 900 1
FULLTILE 2147 138.58720 3.6111150 900 1
FULLTILE 2148 251.08880 17.430800 900 1
FULLTILE 2149 113.76460 33.878360 900 1
FULLTILE 2150 217.07650 -0.39677100 900 1
FULLTILE 2151 253.92180 28.824970 900 1
FULLTILE 2152 140.80680 4.5285700 900 1
FULLTILE 2153 260.44280 27.228030 900 1
FULLTILE 2154 127.75430 6.1504370 900 1
FULLTILE 2155 132.06980 0.90886340 900 1
FULLTILE 2156 258.15960 26.075300 900 1
FULLTILE 2157 129.92530 0.010870810 900 1
FULLTILE 2158 214.94330 0.97166210 900 1
FULLTILE 2159 118.16340 31.049450 900 1
FULLTILE 2160 258.35250 28.657020 900 1
FULLTILE 2161 256.06210 27.466420 900 1
FULLTILE 2162 125.59600 2.8703810 900 1
FULLTILE 2163 129.90050 2.3449530 900 1
FULLTILE 2164 127.75490 1.4419030 900 1
FULLTILE 2165 127.74450 3.7875820 900 1
FULLTILE 2166 125.60280 5.2306260 900 1
