# Listing of Field Curvature Data
# 
# File : Z:\harding On My Mac\SDSS4\DuPontFocalPlaneDesign\zplMacro\Nov12_2016\Bowen&Vaughn_bendtomatch_PrimSecParamsFrom19020Apr2LessVignetting.ZMX
# Title: Du Pont 100-in from B&V corrected less vignetting
# Date : 11/13/2016
# 
# 
# Distortion Type: F-Theta
# Shift units are Millimeters.
# Height units are Millimeters.
# Distortion units are Millimeters.
# Maximum Field is 1.000 Degrees.
# 
# Data for wavelength : 0.760000 µm.
# Distortion focal length = 18865.71674
# Y Angle (deg)	      Tan Shift	      Sag Shift	    Real Height	    Ref. Height	     Distortion
yangle tanshift sagshift realheight refheight distortion
     0.00000000	     0.51613756	     0.51613756	     0.00000000	     0.00000000	     0.00000000	
     0.01000000	     0.51616316	     0.51613462	     3.29269088	     3.29268873	     0.00000215	
     0.02000000	     0.51623440	     0.51612583	     6.58539463	     6.58537746	     0.00001717	
     0.03000000	     0.51635131	     0.51611124	     9.87812414	     9.87806619	     0.00005795	
     0.04000000	     0.51651397	     0.51609096	    13.17089228	    13.17075492	     0.00013736	
     0.05000000	     0.51672248	     0.51606515	    16.46371194	    16.46344365	     0.00026829	
     0.06000000	     0.51697697	     0.51603400	    19.75659599	    19.75613237	     0.00046361	
     0.07000000	     0.51727760	     0.51599773	    23.04955732	    23.04882110	     0.00073622	
     0.08000000	     0.51762454	     0.51595664	    26.34260883	    26.34150983	     0.00109900	
     0.09000000	     0.51801801	     0.51591103	    29.63576339	    29.63419856	     0.00156483	
     0.10000000	     0.51845825	     0.51586127	    32.92903391	    32.92688729	     0.00214662	
     0.11000000	     0.51894551	     0.51580777	    36.22243328	    36.21957602	     0.00285726	
     0.12000000	     0.51948009	     0.51575098	    39.51597441	    39.51226475	     0.00370966	
     0.13000000	     0.52006231	     0.51569138	    42.80967020	    42.80495348	     0.00471672	
     0.14000000	     0.52069250	     0.51562951	    46.10353357	    46.09764221	     0.00589136	
     0.15000000	     0.52137103	     0.51556594	    49.39757744	    49.39033094	     0.00724650	
     0.16000000	     0.52209829	     0.51550129	    52.69181474	    52.68301967	     0.00879507	
     0.17000000	     0.52287470	     0.51543623	    55.98625840	    55.97570840	     0.01055000	
     0.18000000	     0.52370069	     0.51537145	    59.28092136	    59.26839712	     0.01252423	
     0.19000000	     0.52457672	     0.51530770	    62.57581657	    62.56108585	     0.01473072	
     0.20000000	     0.52550328	     0.51524577	    65.87095700	    65.85377458	     0.01718242	
     0.21000000	     0.52648087	     0.51518648	    69.16635560	    69.14646331	     0.01989229	
     0.22000000	     0.52751001	     0.51513072	    72.46202537	    72.43915204	     0.02287332	
     0.23000000	     0.52859126	     0.51507938	    75.75797927	    75.73184077	     0.02613850	
     0.24000000	     0.52972517	     0.51503343	    79.05423031	    79.02452950	     0.02970081	
     0.25000000	     0.53091233	     0.51499387	    82.35079150	    82.31721823	     0.03357328	
     0.26000000	     0.53215334	     0.51496172	    85.64767586	    85.60990696	     0.03776890	
     0.27000000	     0.53344881	     0.51493809	    88.94489642	    88.90259569	     0.04230073	
     0.28000000	     0.53479938	     0.51492408	    92.24246622	    92.19528442	     0.04718180	
     0.29000000	     0.53620571	     0.51492086	    95.54039831	    95.48797315	     0.05242517	
     0.30000000	     0.53766844	     0.51492965	    98.83870577	    98.78066187	     0.05804390	
     0.31000000	     0.53918826	     0.51495167	   102.13740169	   102.07335060	     0.06405108	
     0.32000000	     0.54076585	     0.51498824	   105.43649915	   105.36603933	     0.07045981	
     0.33000000	     0.54240192	     0.51504066	   108.73601127	   108.65872806	     0.07728320	
     0.34000000	     0.54409716	     0.51511033	   112.03595117	   111.95141679	     0.08453438	
     0.35000000	     0.54585231	     0.51519864	   115.33633201	   115.24410552	     0.09222649	
     0.36000000	     0.54766806	     0.51530705	   118.63716693	   118.53679425	     0.10037268	
     0.37000000	     0.54954517	     0.51543706	   121.93846911	   121.82948298	     0.10898613	
     0.38000000	     0.55148436	     0.51559020	   125.24025175	   125.12217171	     0.11808004	
     0.39000000	     0.55348637	     0.51576804	   128.54252805	   128.41486044	     0.12766762	
     0.40000000	     0.55555194	     0.51597221	   131.84531125	   131.70754917	     0.13776208	
     0.41000000	     0.55768180	     0.51620436	   135.14861457	   135.00023790	     0.14837668	
     0.42000000	     0.55987671	     0.51646618	   138.45245130	   138.29292662	     0.15952468	
     0.43000000	     0.56213739	     0.51675942	   141.75683472	   141.58561535	     0.17121936	
     0.44000000	     0.56446457	     0.51708585	   145.06177812	   144.87830408	     0.18347404	
     0.45000000	     0.56685900	     0.51744728	   148.36729483	   148.17099281	     0.19630202	
     0.46000000	     0.56932137	     0.51784558	   151.67339820	   151.46368154	     0.20971666	
     0.47000000	     0.57185242	     0.51828263	   154.98010158	   154.75637027	     0.22373131	
     0.48000000	     0.57445283	     0.51876039	   158.28741838	   158.04905900	     0.23835938	
     0.49000000	     0.57712330	     0.51928081	   161.59536199	   161.34174773	     0.25361426	
     0.50000000	     0.57986451	     0.51984592	   164.90394585	   164.63443646	     0.26950939	
     0.51000000	     0.58267710	     0.52045776	   168.21318341	   167.92712519	     0.28605822	
     0.52000000	     0.58556173	     0.52111844	   171.52308815	   171.21981392	     0.30327423	
     0.53000000	     0.58851902	     0.52183008	   174.83367357	   174.51250264	     0.32117092	
     0.54000000	     0.59154956	     0.52259485	   178.14495320	   177.80519137	     0.33976182	
     0.55000000	     0.59465394	     0.52341496	   181.45694058	   181.09788010	     0.35906048	
     0.56000000	     0.59783271	     0.52429266	   184.76964930	   184.39056883	     0.37908047	
     0.57000000	     0.60108639	     0.52523023	   188.08309296	   187.68325756	     0.39983539	
     0.58000000	     0.60441547	     0.52622998	   191.39728517	   190.97594629	     0.42133888	
     0.59000000	     0.60782043	     0.52729429	   194.71223961	   194.26863502	     0.44360459	
     0.60000000	     0.61130168	     0.52842555	   198.02796994	   197.56132375	     0.46664619	
     0.61000000	     0.61485963	     0.52962619	   201.34448988	   200.85401248	     0.49047740	
     0.62000000	     0.61849462	     0.53089868	   204.66181316	   204.14670121	     0.51511196	
     0.63000000	     0.62220698	     0.53224554	   207.97995356	   207.43938994	     0.54056362	
     0.64000000	     0.62599696	     0.53366931	   211.29892485	   210.73207867	     0.56684619	
     0.65000000	     0.62986481	     0.53517256	   214.61874088	   214.02476739	     0.59397348	
     0.66000000	     0.63381068	     0.53675792	   217.93941548	   217.31745612	     0.62195936	
     0.67000000	     0.63783471	     0.53842805	   221.26096255	   220.61014485	     0.65081769	
     0.68000000	     0.64193697	     0.54018563	   224.58339599	   223.90283358	     0.68056241	
     0.69000000	     0.64611748	     0.54203338	   227.90672976	   227.19552231	     0.71120744	
     0.70000000	     0.65037620	     0.54397408	   231.23097782	   230.48821104	     0.74276678	
     0.71000000	     0.65471301	     0.54601050	   234.55615419	   233.78089977	     0.77525442	
     0.72000000	     0.65912777	     0.54814550	   237.88227291	   237.07358850	     0.80868441	
     0.73000000	     0.66362022	     0.55038192	   241.20934805	   240.36627723	     0.84307082	
     0.74000000	     0.66819007	     0.55272268	   244.53739372	   243.65896596	     0.87842776	
     0.75000000	     0.67283694	     0.55517071	   247.86642406	   246.95165469	     0.91476938	
     0.76000000	     0.67756039	     0.55772897	   251.19645325	   250.24434342	     0.95210983	
     0.77000000	     0.68235986	     0.56040046	   254.52749549	   253.53703214	     0.99046334	
     0.78000000	     0.68723477	     0.56318823	   257.85956503	   256.82972087	     1.02984415	
     0.79000000	     0.69218441	     0.56609534	   261.19267615	   260.12240960	     1.07026655	
     0.80000000	     0.69720799	     0.56912490	   264.52684317	   263.41509833	     1.11174483	
     0.81000000	     0.70230464	     0.57228003	   267.86208043	   266.70778706	     1.15429337	
     0.82000000	     0.70747338	     0.57556391	   271.19840234	   270.00047579	     1.19792655	
     0.83000000	     0.71271316	     0.57897974	   274.53582331	   273.29316452	     1.24265879	
     0.84000000	     0.71802280	     0.58253074	   277.87435781	   276.58585325	     1.28850457	
     0.85000000	     0.72340101	     0.58622017	   281.21402035	   279.87854198	     1.33547837	
     0.86000000	     0.72884644	     0.59005134	   284.55482546	   283.17123071	     1.38359476	
     0.87000000	     0.73435757	     0.59402756	   287.89678773	   286.46391944	     1.43286829	
     0.88000000	     0.73993279	     0.59815219	   291.23992177	   289.75660817	     1.48331361	
     0.89000000	     0.74557039	     0.60242862	   294.58424225	   293.04929689	     1.53494536	
     0.90000000	     0.75126851	     0.60686026	   297.92976387	   296.34198562	     1.58777824	
     0.91000000	     0.75702517	     0.61145055	   301.27650136	   299.63467435	     1.64182700	
     0.92000000	     0.76283826	     0.61620298	   304.62446951	   302.92736308	     1.69710643	
     0.93000000	     0.76870553	     0.62112104	   307.97368314	   306.22005181	     1.75363133	
     0.94000000	     0.77462462	     0.62620827	   311.32415712	   309.51274054	     1.81141658	
     0.95000000	     0.78059299	     0.63146822	   314.67590636	   312.80542927	     1.87047709	
     0.96000000	     0.78660799	     0.63690449	   318.02894581	   316.09811800	     1.93082781	
     0.97000000	     0.79266677	     0.64252068	   321.38329046	   319.39080673	     1.99248373	
     0.98000000	     0.79876638	     0.64832046	   324.73895536	   322.68349546	     2.05545990	
     0.99000000	     0.80490368	     0.65430748	   328.09595558	   325.97618419	     2.11977139	
     1.00000000	     0.81107536	     0.66048544	   331.45430625	   329.26887291	     2.18543334	
