# Listing of Field Curvature Data
# 
# File : Z:\harding On My Mac\SDSS4\DuPontFocalPlaneDesign\zplMacro\Nov12_2016\Bowen&Vaughn_bendtomatch_PrimSecParamsFrom19020Apr2LessVignetting.ZMX
# Title: Du Pont 100-in from B&V corrected less vignetting
# Date : 11/13/2016
# 
# 
# Distortion Type: F-Theta
# Shift units are Millimeters.
# Height units are Millimeters.
# Distortion units are Millimeters.
# Maximum Field is 1.000 Degrees.
# 
# Data for wavelength : 0.760000 µm.
# Distortion focal length = 18867.00446
# Y Angle (deg)	      Tan Shift	      Sag Shift	    Real Height	    Ref. Height	     Distortion
yangle tanshift sagshift realheight refheight distortion
     0.00000000	    -0.08386244	    -0.08386244	     0.00000000	     0.00000000	     0.00000000	
     0.01000000	    -0.08383668	    -0.08386529	     3.29291562	     3.29291348	     0.00000215	
     0.02000000	    -0.08376496	    -0.08387384	     6.58584413	     6.58582695	     0.00001718	
     0.03000000	    -0.08364722	    -0.08388801	     9.87879842	     9.87874043	     0.00005798	
     0.04000000	    -0.08348340	    -0.08390769	    13.17179135	    13.17165391	     0.00013744	
     0.05000000	    -0.08327339	    -0.08393275	    16.46483584	    16.46456739	     0.00026845	
     0.06000000	    -0.08301706	    -0.08396297	    19.75794476	    19.75748086	     0.00046389	
     0.07000000	    -0.08271426	    -0.08399815	    23.05113100	    23.05039434	     0.00073666	
     0.08000000	    -0.08236481	    -0.08403798	    26.34440747	    26.34330782	     0.00109965	
     0.09000000	    -0.08196849	    -0.08408216	    29.63778706	    29.63622130	     0.00156576	
     0.10000000	    -0.08152507	    -0.08413031	    32.93128267	    32.92913477	     0.00214790	
     0.11000000	    -0.08103429	    -0.08418204	    36.22490722	    36.22204825	     0.00285897	
     0.12000000	    -0.08049585	    -0.08423690	    39.51867360	    39.51496173	     0.00371187	
     0.13000000	    -0.07990943	    -0.08429439	    42.81259474	    42.80787520	     0.00471954	
     0.14000000	    -0.07927471	    -0.08435399	    46.10668356	    46.10078868	     0.00589488	
     0.15000000	    -0.07859130	    -0.08441511	    49.40095299	    49.39370216	     0.00725083	
     0.16000000	    -0.07785882	    -0.08447714	    52.69541596	    52.68661564	     0.00880032	
     0.17000000	    -0.07707686	    -0.08453942	    55.99008542	    55.97952911	     0.01055630	
     0.18000000	    -0.07624498	    -0.08460124	    59.28497431	    59.27244259	     0.01253171	
     0.19000000	    -0.07536271	    -0.08466187	    62.58009559	    62.56535607	     0.01473952	
     0.20000000	    -0.07442958	    -0.08472050	    65.87546223	    65.85826955	     0.01719268	
     0.21000000	    -0.07344507	    -0.08477632	    69.17108720	    69.15118302	     0.01990418	
     0.22000000	    -0.07240866	    -0.08482845	    72.46698349	    72.44409650	     0.02288699	
     0.23000000	    -0.07131982	    -0.08487598	    75.76316409	    75.73700998	     0.02615412	
     0.24000000	    -0.07017796	    -0.08491795	    79.05964201	    79.02992346	     0.02971856	
     0.25000000	    -0.06898251	    -0.08495336	    82.35643027	    82.32283693	     0.03359333	
     0.26000000	    -0.06773287	    -0.08498118	    85.65354188	    85.61575041	     0.03779147	
     0.27000000	    -0.06642842	    -0.08500032	    88.95098989	    88.90866389	     0.04232601	
     0.28000000	    -0.06506852	    -0.08500966	    92.24878736	    92.20157736	     0.04720999	
     0.29000000	    -0.06365252	    -0.08500803	    95.54694733	    95.49449084	     0.05245649	
     0.30000000	    -0.06217977	    -0.08499423	    98.84548290	    98.78740432	     0.05807858	
     0.31000000	    -0.06064959	    -0.08496701	   102.14440716	   102.08031780	     0.06408936	
     0.32000000	    -0.05906128	    -0.08492508	   105.44373320	   105.37323127	     0.07050192	
     0.33000000	    -0.05741415	    -0.08486711	   108.74347414	   108.66614475	     0.07732939	
     0.34000000	    -0.05570749	    -0.08479173	   112.04364313	   111.95905823	     0.08458490	
     0.35000000	    -0.05394058	    -0.08469753	   115.34425331	   115.25197171	     0.09228161	
     0.36000000	    -0.05211270	    -0.08458305	   118.64531786	   118.54488518	     0.10043267	
     0.37000000	    -0.05022312	    -0.08444680	   121.94684994	   121.83779866	     0.10905128	
     0.38000000	    -0.04827111	    -0.08428723	   125.24886276	   125.13071214	     0.11815063	
     0.39000000	    -0.04625592	    -0.08410279	   128.55136955	   128.42362561	     0.12774393	
     0.40000000	    -0.04417681	    -0.08389184	   131.85438353	   131.71653909	     0.13784443	
     0.41000000	    -0.04203305	    -0.08365274	   135.15791795	   135.00945257	     0.14846538	
     0.42000000	    -0.03982389	    -0.08338378	   138.46198610	   138.30236605	     0.15962005	
     0.43000000	    -0.03754860	    -0.08308323	   141.76660125	   141.59527952	     0.17132173	
     0.44000000	    -0.03520644	    -0.08274931	   145.07177674	   144.88819300	     0.18358373	
     0.45000000	    -0.03279669	    -0.08238020	   148.37752587	   148.18110648	     0.19641939	
     0.46000000	    -0.03031861	    -0.08197404	   151.68386201	   151.47401996	     0.20984206	
     0.47000000	    -0.02777151	    -0.08152894	   154.99079853	   154.76693343	     0.22386510	
     0.48000000	    -0.02515467	    -0.08104297	   158.29834883	   158.05984691	     0.23850192	
     0.49000000	    -0.02246740	    -0.08051414	   161.60652632	   161.35276039	     0.25376593	
     0.50000000	    -0.01970904	    -0.07994044	   164.91534444	   164.64567386	     0.26967058	
     0.51000000	    -0.01687892	    -0.07931982	   168.22481666	   167.93858734	     0.28622931	
     0.52000000	    -0.01397639	    -0.07865018	   171.53495645	   171.23150082	     0.30345563	
     0.53000000	    -0.01100083	    -0.07792939	   174.84577733	   174.52441430	     0.32136304	
     0.54000000	    -0.00795164	    -0.07715529	   178.15729284	   177.81732777	     0.33996507	
     0.55000000	    -0.00482824	    -0.07632565	   181.46951653	   181.11024125	     0.35927528	
     0.56000000	    -0.00163008	    -0.07543825	   184.78246199	   184.40315473	     0.37930726	
     0.57000000	     0.00164337	    -0.07449078	   188.09614282	   187.69606821	     0.40007462	
     0.58000000	     0.00499260	    -0.07348094	   191.41057267	   190.98898168	     0.42159099	
     0.59000000	     0.00841809	    -0.07240635	   194.72576519	   194.28189516	     0.44387003	
     0.60000000	     0.01192026	    -0.07126463	   198.04173408	   197.57480864	     0.46692544	
     0.61000000	     0.01549950	    -0.07005332	   201.35849304	   200.86772211	     0.49077093	
     0.62000000	     0.01915618	    -0.06876997	   204.67605584	   204.16063559	     0.51542025	
     0.63000000	     0.02289061	    -0.06741207	   207.99443624	   207.45354907	     0.54088717	
     0.64000000	     0.02670305	    -0.06597706	   211.31364803	   210.74646255	     0.56718549	
     0.65000000	     0.03059375	    -0.06446236	   214.63370507	   214.03937602	     0.59432904	
     0.66000000	     0.03456286	    -0.06286536	   217.95462120	   217.33228950	     0.62233170	
     0.67000000	     0.03861053	    -0.06118341	   221.27641032	   220.62520298	     0.65120734	
     0.68000000	     0.04273682	    -0.05941380	   224.59908635	   223.91811646	     0.68096989	
     0.69000000	     0.04694176	    -0.05755381	   227.92266324	   227.21102993	     0.71163331	
     0.70000000	     0.05122530	    -0.05560069	   231.24715498	   230.50394341	     0.74321157	
     0.71000000	     0.05558735	    -0.05355163	   234.57257559	   233.79685689	     0.77571870	
     0.72000000	     0.06002774	    -0.05140380	   237.89893912	   237.08977037	     0.80916875	
     0.73000000	     0.06454623	    -0.04915434	   241.22625964	   240.38268384	     0.84357580	
     0.74000000	     0.06914253	    -0.04680034	   244.55455128	   243.67559732	     0.87895396	
     0.75000000	     0.07381625	    -0.04433887	   247.88382818	   246.96851080	     0.91531738	
     0.76000000	     0.07856696	    -0.04176695	   251.21410453	   250.26142427	     0.95268025	
     0.77000000	     0.08339412	    -0.03908160	   254.54539454	   253.55433775	     0.99105679	
     0.78000000	     0.08829713	    -0.03627976	   257.87771248	   256.84725123	     1.03046125	
     0.79000000	     0.09327528	    -0.03335837	   261.21107263	   260.14016471	     1.07090792	
     0.80000000	     0.09832779	    -0.03031433	   264.54548931	   263.43307818	     1.11241112	
     0.81000000	     0.10345380	    -0.02714449	   267.88097688	   266.72599166	     1.15498522	
     0.82000000	     0.10865232	    -0.02384570	   271.21754975	   270.01890514	     1.19864461	
     0.83000000	     0.11392231	    -0.02041475	   274.55522235	   273.31181862	     1.24340374	
     0.84000000	     0.11926258	    -0.01684841	   277.89400916	   276.60473209	     1.28927707	
     0.85000000	     0.12467186	    -0.01314341	   281.23392468	   279.89764557	     1.33627911	
     0.86000000	     0.13014879	    -0.00929647	   284.57498347	   283.19055905	     1.38442442	
     0.87000000	     0.13569186	    -0.00530426	   287.91720012	   286.48347252	     1.43372759	
     0.88000000	     0.14129946	    -0.00116341	   291.26058925	   289.77638600	     1.48420324	
     0.89000000	     0.14696988	     0.00312946	   294.60516553	   293.06929948	     1.53586605	
     0.90000000	     0.15270126	     0.00757775	   297.95094368	   296.36221296	     1.58873072	
     0.91000000	     0.15849163	     0.01218493	   301.29793844	   299.65512643	     1.64281201	
     0.92000000	     0.16433887	     0.01695446	   304.64616461	   302.94803991	     1.69812470	
     0.93000000	     0.17024076	     0.02188986	   307.99563701	   306.24095339	     1.75468362	
     0.94000000	     0.17619491	     0.02699465	   311.34637053	   309.53386687	     1.81250367	
     0.95000000	     0.18219880	     0.03227239	   314.69838008	   312.82678034	     1.87159974	
     0.96000000	     0.18824977	     0.03772668	   318.05168063	   316.11969382	     1.93198681	
     0.97000000	     0.19434500	     0.04336113	   321.40628717	   319.41260730	     1.99367987	
     0.98000000	     0.20048152	     0.04917940	   324.76221476	   322.70552077	     2.05669398	
     0.99000000	     0.20665619	     0.05518514	   328.11947848	   325.99843425	     2.12104423	
     1.00000000	     0.21286572	     0.06138206	   331.47809348	   329.29134773	     2.18674575	
