# Listing of Field Curvature Data
# 
# File : Z:\harding On My Mac\SDSS4\DuPontFocalPlaneDesign\zplMacro\Nov12_2016\Bowen&Vaughn_bendtomatch_PrimSecParamsFrom19020Apr2LessVignetting.ZMX
# Title: Du Pont 100-in from B&V corrected less vignetting
# Date : 11/13/2016
# 
# 
# Distortion Type: F-Theta
# Shift units are Millimeters.
# Height units are Millimeters.
# Distortion units are Millimeters.
# Maximum Field is 1.000 Degrees.
# 
# Data for wavelength : 0.760000 µm.
# Distortion focal length = 18868.31800
# Y Angle (deg)	      Tan Shift	      Sag Shift	    Real Height	    Ref. Height	     Distortion
yangle tanshift sagshift realheight refheight distortion
     0.00000000	     0.03037980	     0.03037980	     0.00000000	     0.00000000	     0.00000000	
     0.01000000	     0.03034847	     0.03035862	     3.29314486	     3.29314273	     0.00000213	
     0.02000000	     0.03025317	     0.03029509	     6.58630251	     6.58628547	     0.00001704	
     0.03000000	     0.03009393	     0.03018927	     9.87948572	     9.87942820	     0.00005751	
     0.04000000	     0.02987083	     0.03004127	    13.17270727	    13.17257094	     0.00013633	
     0.05000000	     0.02958394	     0.02985124	    16.46597995	    16.46571367	     0.00026628	
     0.06000000	     0.02923337	     0.02961937	    19.75931654	    19.75885640	     0.00046013	
     0.07000000	     0.02881924	     0.02934589	    23.05272983	    23.05199914	     0.00073069	
     0.08000000	     0.02834172	     0.02903106	    26.34623262	    26.34514187	     0.00109074	
     0.09000000	     0.02780098	     0.02867521	    29.63983769	    29.63828461	     0.00155308	
     0.10000000	     0.02719720	     0.02827870	    32.93355784	    32.93142734	     0.00213050	
     0.11000000	     0.02653062	     0.02784191	    36.22740588	    36.22457007	     0.00283581	
     0.12000000	     0.02580146	     0.02736530	    39.52139461	    39.51771281	     0.00368180	
     0.13000000	     0.02500999	     0.02684935	    42.81553684	    42.81085554	     0.00468130	
     0.14000000	     0.02415648	     0.02629457	    46.10984540	    46.10399828	     0.00584712	
     0.15000000	     0.02324125	     0.02570154	    49.40433310	    49.39714101	     0.00719209	
     0.16000000	     0.02226460	     0.02507086	    52.69901277	    52.69028374	     0.00872903	
     0.17000000	     0.02122688	     0.02440319	    55.99389726	    55.98342648	     0.01047078	
     0.18000000	     0.02012845	     0.02369921	    59.28899940	    59.27656921	     0.01243019	
     0.19000000	     0.01896968	     0.02295966	    62.58433206	    62.56971195	     0.01462011	
     0.20000000	     0.01775096	     0.02218531	    65.87990808	    65.86285468	     0.01705340	
     0.21000000	     0.01647271	     0.02137698	    69.17574034	    69.15599741	     0.01974293	
     0.22000000	     0.01513535	     0.02053552	    72.47184172	    72.44914015	     0.02270158	
     0.23000000	     0.01373932	     0.01966184	    75.76822512	    75.74228288	     0.02594223	
     0.24000000	     0.01228508	     0.01875688	    79.06490341	    79.03542562	     0.02947780	
     0.25000000	     0.01077309	     0.01782161	    82.36188953	    82.32856835	     0.03332118	
     0.26000000	     0.00920384	     0.01685706	    85.65919639	    85.62171108	     0.03748531	
     0.27000000	     0.00757783	     0.01586429	    88.95683692	    88.91485382	     0.04198310	
     0.28000000	     0.00589554	     0.01484441	    92.25482407	    92.20799655	     0.04682752	
     0.29000000	     0.00415751	     0.01379856	    95.55317080	    95.50113929	     0.05203152	
     0.30000000	     0.00236426	     0.01272792	    98.85189008	    98.79428202	     0.05760806	
     0.31000000	     0.00051631	     0.01163374	   102.15099489	   102.08742475	     0.06357013	
     0.32000000	    -0.00138580	     0.01051726	   105.45049823	   105.38056749	     0.06993074	
     0.33000000	    -0.00334151	     0.00937981	   108.75041311	   108.67371022	     0.07670289	
     0.34000000	    -0.00535029	     0.00822273	   112.05075257	   111.96685296	     0.08389962	
     0.35000000	    -0.00741158	     0.00704741	   115.35152965	   115.25999569	     0.09153396	
     0.36000000	    -0.00952482	     0.00585528	   118.65275740	   118.55313842	     0.09961898	
     0.37000000	    -0.01168946	     0.00464781	   121.95444891	   121.84628116	     0.10816775	
     0.38000000	    -0.01390494	     0.00342651	   125.25661726	   125.13942389	     0.11719337	
     0.39000000	    -0.01617071	     0.00219292	   128.55927557	   128.43256662	     0.12670894	
     0.40000000	    -0.01848621	     0.00094865	   131.86243696	   131.72570936	     0.13672760	
     0.41000000	    -0.02085091	    -0.00030469	   135.16611458	   135.01885209	     0.14726248	
     0.42000000	    -0.02326427	    -0.00156542	   138.47032159	   138.31199483	     0.15832676	
     0.43000000	    -0.02572574	    -0.00283184	   141.77507118	   141.60513756	     0.16993362	
     0.44000000	    -0.02823480	    -0.00410220	   145.08037655	   144.89828029	     0.18209626	
     0.45000000	    -0.03079094	    -0.00537470	   148.38625093	   148.19142303	     0.19482790	
     0.46000000	    -0.03339367	    -0.00664754	   151.69270755	   151.48456576	     0.20814179	
     0.47000000	    -0.03604249	    -0.00791883	   154.99975969	   154.77770850	     0.22205119	
     0.48000000	    -0.03873693	    -0.00918668	   158.30742062	   158.07085123	     0.23656939	
     0.49000000	    -0.04147654	    -0.01044914	   161.61570366	   161.36399396	     0.25170970	
     0.50000000	    -0.04426087	    -0.01170423	   164.92462214	   164.65713670	     0.26748544	
     0.51000000	    -0.04708953	    -0.01294995	   168.23418941	   167.95027943	     0.28390997	
     0.52000000	    -0.04996211	    -0.01418421	   171.54441884	   171.24342217	     0.30099667	
     0.53000000	    -0.05287825	    -0.01540494	   174.85532384	   174.53656490	     0.31875894	
     0.54000000	    -0.05583760	    -0.01661000	   178.16691783	   177.82970763	     0.33721019	
     0.55000000	    -0.05883987	    -0.01779722	   181.47921425	   181.12285037	     0.35636388	
     0.56000000	    -0.06188475	    -0.01896439	   184.79222659	   184.41599310	     0.37623349	
     0.57000000	    -0.06497202	    -0.02010926	   188.10596834	   187.70913584	     0.39683250	
     0.58000000	    -0.06810144	    -0.02122956	   191.42045302	   191.00227857	     0.41817445	
     0.59000000	    -0.07127286	    -0.02232296	   194.73569419	   194.29542130	     0.44027289	
     0.60000000	    -0.07448613	    -0.02338710	   198.05170543	   197.58856404	     0.46314139	
     0.61000000	    -0.07774115	    -0.02441960	   201.36850033	   200.88170677	     0.48679356	
     0.62000000	    -0.08103788	    -0.02541802	   204.68609254	   204.17484951	     0.51124303	
     0.63000000	    -0.08437630	    -0.02637989	   208.00449571	   207.46799224	     0.53650347	
     0.64000000	    -0.08775647	    -0.02730273	   211.32372354	   210.76113497	     0.56258856	
     0.65000000	    -0.09117848	    -0.02818398	   214.64378974	   214.05427771	     0.58951203	
     0.66000000	    -0.09464247	    -0.02902108	   217.96470806	   217.34742044	     0.61728761	
     0.67000000	    -0.09814865	    -0.02981142	   221.28649228	   220.64056318	     0.64592910	
     0.68000000	    -0.10169729	    -0.03055235	   224.60915620	   223.93370591	     0.67545029	
     0.69000000	    -0.10528870	    -0.03124120	   227.93271368	   227.22684864	     0.70586503	
     0.70000000	    -0.10892328	    -0.03187525	   231.25717857	   230.51999138	     0.73718719	
     0.71000000	    -0.11260149	    -0.03245175	   234.58256478	   233.81313411	     0.76943067	
     0.72000000	    -0.11632384	    -0.03296793	   237.90888625	   237.10627685	     0.80260941	
     0.73000000	    -0.12009093	    -0.03342097	   241.23615694	   240.39941958	     0.83673736	
     0.74000000	    -0.12390345	    -0.03380802	   244.56439085	   243.69256231	     0.87182854	
     0.75000000	    -0.12776213	    -0.03412619	   247.89360202	   246.98570505	     0.90789697	
     0.76000000	    -0.13166781	    -0.03437258	   251.22380451	   250.27884778	     0.94495673	
     0.77000000	    -0.13562141	    -0.03454422	   254.55501242	   253.57199052	     0.98302190	
     0.78000000	    -0.13962393	    -0.03463815	   257.88723989	   256.86513325	     1.02210664	
     0.79000000	    -0.14367647	    -0.03465133	   261.22050110	   260.15827598	     1.06222512	
     0.80000000	    -0.14778021	    -0.03458074	   264.55481025	   263.45141872	     1.10339153	
     0.81000000	    -0.15193644	    -0.03442329	   267.89018157	   266.74456145	     1.14562012	
     0.82000000	    -0.15614655	    -0.03417587	   271.22662937	   270.03770419	     1.18892518	
     0.83000000	    -0.16041202	    -0.03383533	   274.56416794	   273.33084692	     1.23332102	
     0.84000000	    -0.16473444	    -0.03339851	   277.90281164	   276.62398965	     1.27882199	
     0.85000000	    -0.16911553	    -0.03286221	   281.24257487	   279.91713239	     1.32544248	
     0.86000000	    -0.17355712	    -0.03222318	   284.58347205	   283.21027512	     1.37319693	
     0.87000000	    -0.17806112	    -0.03147817	   287.92551766	   286.50341786	     1.42209981	
     0.88000000	    -0.18262960	    -0.03062389	   291.26872621	   289.79656059	     1.47216562	
     0.89000000	    -0.18726475	    -0.02965700	   294.61311223	   293.08970332	     1.52340890	
     0.90000000	    -0.19196889	    -0.02857416	   297.95869032	   296.38284606	     1.57584426	
     0.91000000	    -0.19674444	    -0.02737198	   301.30547510	   299.67598879	     1.62948631	
     0.92000000	    -0.20159400	    -0.02604706	   304.65348124	   302.96913153	     1.68434972	
     0.93000000	    -0.20652030	    -0.02459595	   308.00272346	   306.26227426	     1.74044920	
     0.94000000	    -0.21152619	    -0.02301519	   311.35321650	   309.55541699	     1.79779951	
     0.95000000	    -0.21661469	    -0.02130130	   314.70497516	   312.84855973	     1.85641544	
     0.96000000	    -0.22178896	    -0.01945073	   318.05801428	   316.14170246	     1.91631182	
     0.97000000	    -0.22705234	    -0.01745996	   321.41234872	   319.43484520	     1.97750353	
     0.98000000	    -0.23240829	    -0.01532540	   324.76799342	   322.72798793	     2.04000549	
     0.99000000	    -0.23786049	    -0.01304345	   328.12496334	   326.02113066	     2.10383268	
     1.00000000	    -0.24341273	    -0.01061049	   331.48327350	   329.31427340	     2.16900010	
