# Listing of Field Curvature Data
# 
# File : Z:\harding On My Mac\SDSS4\DuPontFocalPlaneDesign\zplMacro\Nov12_2016\Bowen&Vaughn_bendtomatch_PrimSecParamsFrom19020Apr2LessVignetting.ZMX
# Title: Du Pont 100-in from B&V corrected less vignetting
# Date : 11/13/2016
# 
# 
# Distortion Type: F-Theta
# Shift units are Millimeters.
# Height units are Millimeters.
# Distortion units are Millimeters.
# Maximum Field is 1.000 Degrees.
# 
# Data for wavelength : 0.760000 µm.
# Distortion focal length = 18868.29217
# Y Angle (deg)	      Tan Shift	      Sag Shift	    Real Height	    Ref. Height	     Distortion
yangle tanshift sagshift realheight refheight distortion
     0.00000000	    -0.68386244	    -0.68386244	     0.00000000	     0.00000000	     0.00000000	
     0.01000000	    -0.68383653	    -0.68386521	     3.29314037	     3.29313823	     0.00000215	
     0.02000000	    -0.68376432	    -0.68387350	     6.58629364	     6.58627645	     0.00001719	
     0.03000000	    -0.68364575	    -0.68388725	     9.87947269	     9.87941468	     0.00005802	
     0.04000000	    -0.68348076	    -0.68390635	    13.17269043	    13.17255290	     0.00013753	
     0.05000000	    -0.68326926	    -0.68393064	    16.46595974	    16.46569113	     0.00026861	
     0.06000000	    -0.68301109	    -0.68395995	    19.75929352	    19.75882935	     0.00046417	
     0.07000000	    -0.68270612	    -0.68399402	    23.05270468	    23.05196758	     0.00073710	
     0.08000000	    -0.68235416	    -0.68403259	    26.34620611	    26.34510580	     0.00110031	
     0.09000000	    -0.68195500	    -0.68407534	    29.63981073	    29.63824403	     0.00156670	
     0.10000000	    -0.68150839	    -0.68412190	    32.93353144	    32.93138225	     0.00214918	
     0.11000000	    -0.68101409	    -0.68417186	    36.22738115	    36.22452048	     0.00286067	
     0.12000000	    -0.68047179	    -0.68422478	    39.52137279	    39.51765871	     0.00371409	
     0.13000000	    -0.67988117	    -0.68428017	    42.81551928	    42.81079693	     0.00472235	
     0.14000000	    -0.67924191	    -0.68433748	    46.10983355	    46.10393516	     0.00589840	
     0.15000000	    -0.67855363	    -0.68439616	    49.40432854	    49.39707338	     0.00725516	
     0.16000000	    -0.67781593	    -0.68445558	    52.69901718	    52.69021161	     0.00880558	
     0.17000000	    -0.67702842	    -0.68451507	    55.99391244	    55.98334983	     0.01056260	
     0.18000000	    -0.67619064	    -0.68457394	    59.28902725	    59.27648806	     0.01253920	
     0.19000000	    -0.67530214	    -0.68463144	    62.58437460	    62.56962628	     0.01474832	
     0.20000000	    -0.67436242	    -0.68468678	    65.87996746	    65.86276451	     0.01720295	
     0.21000000	    -0.67337100	    -0.68473913	    69.17581880	    69.15590273	     0.01991606	
     0.22000000	    -0.67232733	    -0.68478762	    72.47194162	    72.44904096	     0.02290066	
     0.23000000	    -0.67123088	    -0.68483134	    75.76834892	    75.74217919	     0.02616973	
     0.24000000	    -0.67008108	    -0.68486933	    79.06505372	    79.03531741	     0.02973630	
     0.25000000	    -0.66887734	    -0.68490059	    82.36206903	    82.32845564	     0.03361339	
     0.26000000	    -0.66761906	    -0.68492408	    85.65940790	    85.62159386	     0.03781404	
     0.27000000	    -0.66630563	    -0.68493872	    88.95708337	    88.91473209	     0.04235128	
     0.28000000	    -0.66493641	    -0.68494339	    92.25510850	    92.20787031	     0.04723819	
     0.29000000	    -0.66351074	    -0.68493691	    95.55349636	    95.50100854	     0.05248782	
     0.30000000	    -0.66202797	    -0.68491810	    98.85226003	    98.79414676	     0.05811327	
     0.31000000	    -0.66048742	    -0.68488569	   102.15141262	   102.08728499	     0.06412764	
     0.32000000	    -0.65888839	    -0.68483839	   105.45096724	   105.38042321	     0.07054403	
     0.33000000	    -0.65723019	    -0.68477488	   108.75093702	   108.67356144	     0.07737558	
     0.34000000	    -0.65551212	    -0.68469379	   112.05133509	   111.96669966	     0.08463543	
     0.35000000	    -0.65373344	    -0.68459369	   115.35217462	   115.25983789	     0.09233673	
     0.36000000	    -0.65189344	    -0.68447314	   118.65346878	   118.55297612	     0.10049267	
     0.37000000	    -0.64999139	    -0.68433064	   121.95523076	   121.84611434	     0.10911642	
     0.38000000	    -0.64802655	    -0.68416466	   125.25747377	   125.13925257	     0.11822121	
     0.39000000	    -0.64599818	    -0.68397361	   128.56021104	   128.43239079	     0.12782025	
     0.40000000	    -0.64390553	    -0.68375589	   131.86345580	   131.72552902	     0.13792679	
     0.41000000	    -0.64174788	    -0.68350983	   135.16722133	   135.01866724	     0.14855408	
     0.42000000	    -0.63952446	    -0.68323373	   138.47152089	   138.31180547	     0.15971542	
     0.43000000	    -0.63723456	    -0.68292586	   141.77636779	   141.60494369	     0.17142410	
     0.44000000	    -0.63487743	    -0.68258445	   145.08177535	   144.89808192	     0.18369343	
     0.45000000	    -0.63245233	    -0.68220766	   148.38775691	   148.19122014	     0.19653677	
     0.46000000	    -0.62995856	    -0.68179365	   151.69432583	   151.48435837	     0.20996746	
     0.47000000	    -0.62739539	    -0.68134051	   155.00149548	   154.77749660	     0.22399889	
     0.48000000	    -0.62476213	    -0.68084631	   158.30927928	   158.07063482	     0.23864446	
     0.49000000	    -0.62205807	    -0.68030907	   161.61769065	   161.36377305	     0.25391761	
     0.50000000	    -0.61928254	    -0.67972678	   164.92674303	   164.65691127	     0.26983176	
     0.51000000	    -0.61643489	    -0.67909738	   168.23644990	   167.95004950	     0.28640041	
     0.52000000	    -0.61351446	    -0.67841878	   171.54682475	   171.24318772	     0.30363703	
     0.53000000	    -0.61052063	    -0.67768885	   174.85788110	   174.53632595	     0.32155515	
     0.54000000	    -0.60745279	    -0.67690541	   178.16963249	   177.82946417	     0.34016831	
     0.55000000	    -0.60431037	    -0.67606625	   181.48209248	   181.12260240	     0.35949008	
     0.56000000	    -0.60109282	    -0.67516914	   184.79527468	   184.41574062	     0.37953405	
     0.57000000	    -0.59779959	    -0.67421178	   188.10919269	   187.70887885	     0.40031384	
     0.58000000	    -0.59443020	    -0.67319184	   191.42386017	   191.00201708	     0.42184309	
     0.59000000	    -0.59098418	    -0.67210698	   194.73929077	   194.29515530	     0.44413547	
     0.60000000	    -0.58746110	    -0.67095478	   198.05549821	   197.58829353	     0.46720469	
     0.61000000	    -0.58386055	    -0.66973281	   201.37249621	   200.88143175	     0.49106446	
     0.62000000	    -0.58018219	    -0.66843861	   204.69029852	   204.17456998	     0.51572854	
     0.63000000	    -0.57642569	    -0.66706965	   208.00891891	   207.46770820	     0.54121071	
     0.64000000	    -0.57259078	    -0.66562340	   211.32837121	   210.76084643	     0.56752479	
     0.65000000	    -0.56867724	    -0.66409726	   214.64866926	   214.05398465	     0.59468460	
     0.66000000	    -0.56468488	    -0.66248863	   217.96982691	   217.34712288	     0.62270404	
     0.67000000	    -0.56061358	    -0.66079483	   221.29185809	   220.64026110	     0.65159698	
     0.68000000	    -0.55646325	    -0.65901319	   224.61477670	   223.93339933	     0.68137737	
     0.69000000	    -0.55223388	    -0.65714098	   227.93859672	   227.22653756	     0.71205917	
     0.70000000	    -0.54792550	    -0.65517542	   231.26333214	   230.51967578	     0.74365636	
     0.71000000	    -0.54353822	    -0.65311373	   234.58899699	   233.81281401	     0.77618298	
     0.72000000	    -0.53907220	    -0.65095307	   237.91560532	   237.10595223	     0.80965309	
     0.73000000	    -0.53452767	    -0.64869056	   241.24317123	   240.39909046	     0.84408077	
     0.74000000	    -0.52990492	    -0.64632332	   244.57170883	   243.69222868	     0.87948015	
     0.75000000	    -0.52520433	    -0.64384841	   247.90123229	   246.98536691	     0.91586539	
     0.76000000	    -0.52042635	    -0.64126284	   251.23175581	   250.27850513	     0.95325067	
     0.77000000	    -0.51557151	    -0.63856362	   254.56329360	   253.57164336	     0.99165024	
     0.78000000	    -0.51064041	    -0.63574771	   257.89585993	   256.86478158	     1.03107835	
     0.79000000	    -0.50563374	    -0.63281205	   261.22946910	   260.15791981	     1.07154929	
     0.80000000	    -0.50055229	    -0.62975351	   264.56413544	   263.45105803	     1.11307741	
     0.81000000	    -0.49539692	    -0.62656898	   267.89987333	   266.74419626	     1.15567707	
     0.82000000	    -0.49016862	    -0.62325527	   271.23669717	   270.03733449	     1.19936268	
     0.83000000	    -0.48486842	    -0.61980919	   274.57462140	   273.33047271	     1.24414868	
     0.84000000	    -0.47949751	    -0.61622751	   277.91366050	   276.62361094	     1.29004957	
     0.85000000	    -0.47405715	    -0.61250696	   281.25382901	   279.91674916	     1.33707985	
     0.86000000	    -0.46854872	    -0.60864424	   284.59514148	   283.20988739	     1.38525409	
     0.87000000	    -0.46297371	    -0.60463602	   287.93761250	   286.50302561	     1.43458689	
     0.88000000	    -0.45733373	    -0.60047896	   291.28125672	   289.79616384	     1.48509288	
     0.89000000	    -0.45163049	    -0.59616966	   294.62608881	   293.08930206	     1.53678674	
     0.90000000	    -0.44586584	    -0.59170470	   297.97212349	   296.38244029	     1.58968320	
     0.91000000	    -0.44004176	    -0.58708064	   301.31937552	   299.67557851	     1.64379700	
     0.92000000	    -0.43416036	    -0.58229400	   304.66785970	   302.96871674	     1.69914296	
     0.93000000	    -0.42822386	    -0.57734127	   308.01759088	   306.26185497	     1.75573592	
     0.94000000	    -0.42223464	    -0.57221892	   311.36858394	   309.55499319	     1.81359075	
     0.95000000	    -0.41619522	    -0.56692338	   314.72085380	   312.84813142	     1.87272239	
     0.96000000	    -0.41010826	    -0.56145107	   318.07441544	   316.14126964	     1.93314580	
     0.97000000	    -0.40397659	    -0.55579836	   321.42928387	   319.43440787	     1.99487601	
     0.98000000	    -0.39780316	    -0.54996161	   324.78547415	   322.72754609	     2.05792806	
     0.99000000	    -0.39159111	    -0.54393714	   328.14300138	   326.02068432	     2.12231706	
     1.00000000	    -0.38534373	    -0.53772126	   331.50188070	   329.31382254	     2.18805816	
