# Zenith distance in deg
# Wavelengths in lambda
# Offsets in arcsec
# Calculations from SLALIB
# column for 5013 gives full, others give offset relative to that
# ZD      4000.     4968.00    5013.      5102.      5400.      5700. 8000.0
0       0.00       0.00      -0.00       0.00       0.00       0.00       0.00
3       0.04       0.00       3.02      -0.00      -0.01      -0.02      -0.04
6       0.08       0.00       6.07      -0.00      -0.02      -0.03      -0.08
9       0.12       0.00       9.14      -0.01      -0.03      -0.05      -0.13
12       0.17       0.01      12.27      -0.01      -0.04      -0.06      -0.17
15       0.21       0.01      15.46      -0.01      -0.05      -0.08      -0.22
18       0.26       0.01      18.75      -0.02      -0.06      -0.10      -0.26
21       0.30       0.01      22.15      -0.02      -0.07      -0.12      -0.31
24       0.35       0.01      25.69      -0.02      -0.08      -0.14      -0.36
27       0.40       0.01      29.40      -0.02      -0.10      -0.16      -0.41
30       0.45       0.01      33.31      -0.03      -0.11      -0.18      -0.47
33       0.51       0.02      37.46      -0.03      -0.12      -0.20      -0.52
36       0.57       0.02      41.91      -0.03      -0.14      -0.22      -0.59
39       0.64       0.02      46.70      -0.04      -0.15      -0.25      -0.65
42       0.71       0.02      51.92      -0.04      -0.17      -0.27      -0.73
45       0.79       0.02      57.65      -0.05      -0.19      -0.30      -0.81
48       0.87       0.03      64.01      -0.05      -0.21      -0.34      -0.90
51       0.97       0.03      71.15      -0.06      -0.23      -0.38      -1.00
54       1.08       0.03      79.27      -0.06      -0.26      -0.42      -1.11
57       1.21       0.04      88.64      -0.07      -0.29      -0.47      -1.24
60       1.36       0.04      99.63      -0.08      -0.32      -0.53      -1.40
63       1.54       0.05     112.78      -0.09      -0.36      -0.60      -1.58
66       1.76       0.06     128.89      -0.10      -0.42      -0.68      -1.81
69       2.04       0.06     149.20      -0.12      -0.48      -0.79      -2.09
