typedef struct {
 int blockid;
 float fiber_size;
 char blockletter[2];
 int fiber_number;
 double fibercenx_inches;
 double fiberceny_inches;
 double fibercenx;
 double fiberceny;
} MANGAFIBERBLOCK;


MANGAFIBERBLOCK 1 2.00000 A 1 -8.3100000 8.3700000 -0.96940419 0.97640350
MANGAFIBERBLOCK 1 2.00000 A 2 -8.3100000 8.6700000 -0.96940419 1.0114000
MANGAFIBERBLOCK 1 2.00000 A 3 -8.3100000 8.8300000 -0.96940419 1.0300649
MANGAFIBERBLOCK 1 2.00000 A 4 -8.3100000 8.9900000 -0.96940419 1.0487297
MANGAFIBERBLOCK 1 2.00000 A 5 -8.3100000 9.1500000 -0.96940419 1.0673945
MANGAFIBERBLOCK 1 2.00000 A 6 -8.3100000 9.4400000 -0.96940419 1.1012245
MANGAFIBERBLOCK 2 2.00000 B 7 2.1900000 8.3700000 0.25547475 0.97640350
MANGAFIBERBLOCK 2 2.00000 B 8 2.1900000 8.6700000 0.25547475 1.0114000
MANGAFIBERBLOCK 2 2.00000 B 9 2.1900000 8.8300000 0.25547475 1.0300649
MANGAFIBERBLOCK 2 2.00000 B 10 2.1900000 8.9900000 0.25547475 1.0487297
MANGAFIBERBLOCK 2 2.00000 B 11 2.1900000 9.1500000 0.25547475 1.0673945
MANGAFIBERBLOCK 2 2.00000 B 12 2.1900000 9.4400000 0.25547475 1.1012245
MANGAFIBERBLOCK 3 2.00000 C 13 6.3900000 8.3700000 0.74542633 0.97640350
MANGAFIBERBLOCK 3 2.00000 C 14 6.3900000 8.6700000 0.74542633 1.0114000
MANGAFIBERBLOCK 3 2.00000 C 15 6.3900000 8.8300000 0.74542633 1.0300649
MANGAFIBERBLOCK 3 2.00000 C 16 6.3900000 8.9900000 0.74542633 1.0487297
MANGAFIBERBLOCK 3 2.00000 C 17 6.3900000 9.1500000 0.74542633 1.0673945
MANGAFIBERBLOCK 3 2.00000 C 18 6.3900000 9.4400000 0.74542633 1.1012245
MANGAFIBERBLOCK 4 2.00000 D 19 8.4900000 3.1700000 0.99040211 0.36979678
MANGAFIBERBLOCK 4 2.00000 D 20 8.4900000 3.4700000 0.99040211 0.40479333
MANGAFIBERBLOCK 4 2.00000 D 21 8.4900000 3.6300000 0.99040211 0.42345815
MANGAFIBERBLOCK 4 2.00000 D 22 8.4900000 3.7900000 0.99040211 0.44212297
MANGAFIBERBLOCK 4 2.00000 D 23 8.4900000 3.9500000 0.99040211 0.46078779
MANGAFIBERBLOCK 4 2.00000 D 24 8.4900000 4.2400000 0.99040211 0.49461778
MANGAFIBERBLOCK 5 2.00000 E 25 -8.3100000 1.9200000 -0.96940419 0.22397786
MANGAFIBERBLOCK 5 2.00000 E 26 -8.3100000 2.2200000 -0.96940419 0.25897440
MANGAFIBERBLOCK 5 2.00000 E 27 -8.3100000 2.3800000 -0.96940419 0.27763923
MANGAFIBERBLOCK 5 2.00000 E 28 -8.3100000 2.5400000 -0.96940419 0.29630405
MANGAFIBERBLOCK 5 2.00000 E 29 -8.3100000 2.7000000 -0.96940419 0.31496887
MANGAFIBERBLOCK 5 2.00000 E 30 -8.3100000 2.9900000 -0.96940419 0.34879886
MANGAFIBERBLOCK 6 2.00000 A 1 7.2000000 -1.9200000 0.83991699 -0.22397786
MANGAFIBERBLOCK 6 2.00000 A 2 7.2000000 -2.2200000 0.83991699 -0.25897440
MANGAFIBERBLOCK 6 2.00000 A 3 7.2000000 -2.3800000 0.83991699 -0.27763923
MANGAFIBERBLOCK 6 2.00000 A 4 7.2000000 -2.5400000 0.83991699 -0.29630405
MANGAFIBERBLOCK 6 2.00000 A 5 7.2000000 -2.7000000 0.83991699 -0.31496887
MANGAFIBERBLOCK 6 2.00000 A 6 7.2000000 -2.9900000 0.83991699 -0.34879886
MANGAFIBERBLOCK 7 2.00000 B 7 0.90000000 -1.9200000 0.10498962 -0.22397786
MANGAFIBERBLOCK 7 2.00000 B 8 0.90000000 -2.2200000 0.10498962 -0.25897440
MANGAFIBERBLOCK 7 2.00000 B 9 0.90000000 -2.3800000 0.10498962 -0.27763923
MANGAFIBERBLOCK 7 2.00000 B 10 0.90000000 -2.5400000 0.10498962 -0.29630405
MANGAFIBERBLOCK 7 2.00000 B 11 0.90000000 -2.7000000 0.10498962 -0.31496887
MANGAFIBERBLOCK 7 2.00000 B 12 0.90000000 -2.9900000 0.10498962 -0.34879886
MANGAFIBERBLOCK 8 2.00000 C 13 -9.6000000 -3.1700000 -1.1198893 -0.36979678
MANGAFIBERBLOCK 8 2.00000 C 14 -9.6000000 -3.4700000 -1.1198893 -0.40479333
MANGAFIBERBLOCK 8 2.00000 C 15 -9.6000000 -3.6300000 -1.1198893 -0.42345815
MANGAFIBERBLOCK 8 2.00000 C 16 -9.6000000 -3.7900000 -1.1198893 -0.44212297
MANGAFIBERBLOCK 8 2.00000 C 17 -9.6000000 -3.9500000 -1.1198893 -0.46078779
MANGAFIBERBLOCK 8 2.00000 C 18 -9.6000000 -4.2400000 -1.1198893 -0.49461778
MANGAFIBERBLOCK 9 2.00000 D 19 6.1500000 -5.8700000 0.71742909 -0.68476566
MANGAFIBERBLOCK 9 2.00000 D 20 6.1500000 -6.1700000 0.71742909 -0.71976220
MANGAFIBERBLOCK 9 2.00000 D 21 6.1500000 -6.3300000 0.71742909 -0.73842702
MANGAFIBERBLOCK 9 2.00000 D 22 6.1500000 -6.4900000 0.71742909 -0.75709184
MANGAFIBERBLOCK 9 2.00000 D 23 6.1500000 -6.6500000 0.71742909 -0.77575666
MANGAFIBERBLOCK 9 2.00000 D 24 6.1500000 -6.9400000 0.71742909 -0.80958665
MANGAFIBERBLOCK 10 2.00000 E 25 -4.4000000 -5.8700000 -0.51328260 -0.68476566
MANGAFIBERBLOCK 10 2.00000 E 26 -4.4000000 -6.1700000 -0.51328260 -0.71976220
MANGAFIBERBLOCK 10 2.00000 E 27 -4.4000000 -6.3300000 -0.51328260 -0.73842702
MANGAFIBERBLOCK 10 2.00000 E 28 -4.4000000 -6.4900000 -0.51328260 -0.75709184
MANGAFIBERBLOCK 10 2.00000 E 29 -4.4000000 -6.6500000 -0.51328260 -0.77575666
MANGAFIBERBLOCK 10 2.00000 E 30 -4.4000000 -6.9400000 -0.51328260 -0.80958665
MANGAFIBERBLOCK 11 3.00000 A 1 8.4900000 1.9200000 0.99040211 0.22397786
MANGAFIBERBLOCK 11 3.00000 A 2 8.4900000 2.2200000 0.99040211 0.25897440
MANGAFIBERBLOCK 11 3.00000 A 3 8.4900000 2.3800000 0.99040211 0.27763923
MANGAFIBERBLOCK 11 3.00000 A 4 8.4900000 2.5400000 0.99040211 0.29630405
MANGAFIBERBLOCK 11 3.00000 A 5 8.4900000 2.7000000 0.99040211 0.31496887
MANGAFIBERBLOCK 11 3.00000 A 6 8.4900000 2.9900000 0.99040211 0.34879886
MANGAFIBERBLOCK 12 3.00000 B 7 2.1900000 1.9200000 0.25547475 0.22397786
MANGAFIBERBLOCK 12 3.00000 B 8 2.1900000 2.2200000 0.25547475 0.25897440
MANGAFIBERBLOCK 12 3.00000 B 9 2.1900000 2.3800000 0.25547475 0.27763923
MANGAFIBERBLOCK 12 3.00000 B 10 2.1900000 2.5400000 0.25547475 0.29630405
MANGAFIBERBLOCK 12 3.00000 B 11 2.1900000 2.7000000 0.25547475 0.31496887
MANGAFIBERBLOCK 12 3.00000 B 12 2.1900000 2.9900000 0.25547475 0.34879886
MANGAFIBERBLOCK 13 3.00000 C 13 -6.2100000 1.9200000 -0.72442840 0.22397786
MANGAFIBERBLOCK 13 3.00000 C 14 -6.2100000 2.2200000 -0.72442840 0.25897440
MANGAFIBERBLOCK 13 3.00000 C 15 -6.2100000 2.3800000 -0.72442840 0.27763923
MANGAFIBERBLOCK 13 3.00000 C 16 -6.2100000 2.5400000 -0.72442840 0.29630405
MANGAFIBERBLOCK 13 3.00000 C 17 -6.2100000 2.7000000 -0.72442840 0.31496887
MANGAFIBERBLOCK 13 3.00000 C 18 -6.2100000 2.9900000 -0.72442840 0.34879886
MANGAFIBERBLOCK 14 3.00000 D 19 4.2900000 5.8700000 0.50045054 0.68476566
MANGAFIBERBLOCK 14 3.00000 D 20 4.2900000 6.1700000 0.50045054 0.71976220
MANGAFIBERBLOCK 14 3.00000 D 21 4.2900000 6.3300000 0.50045054 0.73842702
MANGAFIBERBLOCK 14 3.00000 D 22 4.2900000 6.4900000 0.50045054 0.75709184
MANGAFIBERBLOCK 14 3.00000 D 23 4.2900000 6.6500000 0.50045054 0.77575666
MANGAFIBERBLOCK 14 3.00000 D 24 4.2900000 6.9400000 0.50045054 0.80958665
MANGAFIBERBLOCK 15 3.00000 E 25 -6.2100000 5.8700000 -0.72442840 0.68476566
MANGAFIBERBLOCK 15 3.00000 E 26 -6.2100000 6.1700000 -0.72442840 0.71976220
MANGAFIBERBLOCK 15 3.00000 E 27 -6.2100000 6.3300000 -0.72442840 0.73842702
MANGAFIBERBLOCK 15 3.00000 E 28 -6.2100000 6.4900000 -0.72442840 0.75709184
MANGAFIBERBLOCK 15 3.00000 E 29 -6.2100000 6.6500000 -0.72442840 0.77575666
MANGAFIBERBLOCK 15 3.00000 E 30 -6.2100000 6.9400000 -0.72442840 0.80958665
MANGAFIBERBLOCK 16 3.00000 A 1 -6.4500000 -8.3700000 -0.75242563 -0.97640350
MANGAFIBERBLOCK 16 3.00000 A 2 -6.4500000 -8.6700000 -0.75242563 -1.0114000
MANGAFIBERBLOCK 16 3.00000 A 3 -6.4500000 -8.8300000 -0.75242563 -1.0300649
MANGAFIBERBLOCK 16 3.00000 A 4 -6.4500000 -8.9900000 -0.75242563 -1.0487297
MANGAFIBERBLOCK 16 3.00000 A 5 -6.4500000 -9.1500000 -0.75242563 -1.0673945
MANGAFIBERBLOCK 16 3.00000 A 6 -6.4500000 -9.4400000 -0.75242563 -1.1012245
MANGAFIBERBLOCK 17 3.00000 B 7 -2.2500000 -8.3700000 -0.26247406 -0.97640350
MANGAFIBERBLOCK 17 3.00000 B 8 -2.2500000 -8.6700000 -0.26247406 -1.0114000
MANGAFIBERBLOCK 17 3.00000 B 9 -2.2500000 -8.8300000 -0.26247406 -1.0300649
MANGAFIBERBLOCK 17 3.00000 B 10 -2.2500000 -8.9900000 -0.26247406 -1.0487297
MANGAFIBERBLOCK 17 3.00000 B 11 -2.2500000 -9.1500000 -0.26247406 -1.0673945
MANGAFIBERBLOCK 17 3.00000 B 12 -2.2500000 -9.4400000 -0.26247406 -1.1012245
MANGAFIBERBLOCK 18 3.00000 C 13 8.2500000 -8.3700000 0.96240488 -0.97640350
MANGAFIBERBLOCK 18 3.00000 C 14 8.2500000 -8.6700000 0.96240488 -1.0114000
MANGAFIBERBLOCK 18 3.00000 C 15 8.2500000 -8.8300000 0.96240488 -1.0300649
MANGAFIBERBLOCK 18 3.00000 C 16 8.2500000 -8.9900000 0.96240488 -1.0487297
MANGAFIBERBLOCK 18 3.00000 C 17 8.2500000 -9.1500000 0.96240488 -1.0673945
MANGAFIBERBLOCK 18 3.00000 C 18 8.2500000 -9.4400000 0.96240488 -1.1012245
MANGAFIBERBLOCK 19 3.00000 D 19 5.1000000 -1.9200000 0.59494120 -0.22397786
MANGAFIBERBLOCK 19 3.00000 D 20 5.1000000 -2.2200000 0.59494120 -0.25897440
MANGAFIBERBLOCK 19 3.00000 D 21 5.1000000 -2.3800000 0.59494120 -0.27763923
MANGAFIBERBLOCK 19 3.00000 D 22 5.1000000 -2.5400000 0.59494120 -0.29630405
MANGAFIBERBLOCK 19 3.00000 D 23 5.1000000 -2.7000000 0.59494120 -0.31496887
MANGAFIBERBLOCK 19 3.00000 D 24 5.1000000 -2.9900000 0.59494120 -0.34879886
MANGAFIBERBLOCK 20 3.00000 E 25 -9.6000000 -1.9200000 -1.1198893 -0.22397786
MANGAFIBERBLOCK 20 3.00000 E 26 -9.6000000 -2.2200000 -1.1198893 -0.25897440
MANGAFIBERBLOCK 20 3.00000 E 27 -9.6000000 -2.3800000 -1.1198893 -0.27763923
MANGAFIBERBLOCK 20 3.00000 E 28 -9.6000000 -2.5400000 -1.1198893 -0.29630405
MANGAFIBERBLOCK 20 3.00000 E 29 -9.6000000 -2.7000000 -1.1198893 -0.31496887
MANGAFIBERBLOCK 20 3.00000 E 30 -9.6000000 -2.9900000 -1.1198893 -0.34879886
MANGAFIBERBLOCK 21 5.00000 A 1 2.1900000 5.8700000 0.25547475 0.68476566
MANGAFIBERBLOCK 21 5.00000 A 2 2.1900000 6.1700000 0.25547475 0.71976220
MANGAFIBERBLOCK 21 5.00000 A 3 2.1900000 6.3300000 0.25547475 0.73842702
MANGAFIBERBLOCK 21 5.00000 A 4 2.1900000 6.4900000 0.25547475 0.75709184
MANGAFIBERBLOCK 21 5.00000 A 5 2.1900000 6.6500000 0.25547475 0.77575666
MANGAFIBERBLOCK 22 5.00000 B 6 4.2900000 1.9200000 0.50045054 0.22397786
MANGAFIBERBLOCK 22 5.00000 B 7 4.2900000 2.2200000 0.50045054 0.25897440
MANGAFIBERBLOCK 22 5.00000 B 8 4.2900000 2.3800000 0.50045054 0.27763923
MANGAFIBERBLOCK 22 5.00000 B 9 4.2900000 2.5400000 0.50045054 0.29630405
MANGAFIBERBLOCK 22 5.00000 B 10 4.2900000 2.7000000 0.50045054 0.31496887
MANGAFIBERBLOCK 23 5.00000 C 11 -6.2100000 0.67000000 -0.72442840 0.078158942
MANGAFIBERBLOCK 23 5.00000 C 12 -6.2100000 0.97000000 -0.72442840 0.11315548
MANGAFIBERBLOCK 23 5.00000 C 13 -6.2100000 1.1300000 -0.72442840 0.13182031
MANGAFIBERBLOCK 23 5.00000 C 14 -6.2100000 1.2900000 -0.72442840 0.15048513
MANGAFIBERBLOCK 23 5.00000 C 15 -6.2100000 1.4500000 -0.72442840 0.16914995
MANGAFIBERBLOCK 24 5.00000 A 1 5.1000000 -0.67000000 0.59494120 -0.078158942
MANGAFIBERBLOCK 24 5.00000 A 2 5.1000000 -0.97000000 0.59494120 -0.11315548
MANGAFIBERBLOCK 24 5.00000 A 3 5.1000000 -1.1300000 0.59494120 -0.13182031
MANGAFIBERBLOCK 24 5.00000 A 4 5.1000000 -1.2900000 0.59494120 -0.15048513
MANGAFIBERBLOCK 24 5.00000 A 5 5.1000000 -1.4500000 0.59494120 -0.16914995
MANGAFIBERBLOCK 25 5.00000 B 6 -5.4000000 -1.9200000 -0.62993774 -0.22397786
MANGAFIBERBLOCK 25 5.00000 B 7 -5.4000000 -2.2200000 -0.62993774 -0.25897440
MANGAFIBERBLOCK 25 5.00000 B 8 -5.4000000 -2.3800000 -0.62993774 -0.27763923
MANGAFIBERBLOCK 25 5.00000 B 9 -5.4000000 -2.5400000 -0.62993774 -0.29630405
MANGAFIBERBLOCK 25 5.00000 B 10 -5.4000000 -2.7000000 -0.62993774 -0.31496887
MANGAFIBERBLOCK 26 5.00000 C 11 -2.2500000 -5.8700000 -0.26247406 -0.68476566
MANGAFIBERBLOCK 26 5.00000 C 12 -2.2500000 -6.1700000 -0.26247406 -0.71976220
MANGAFIBERBLOCK 26 5.00000 C 13 -2.2500000 -6.3300000 -0.26247406 -0.73842702
MANGAFIBERBLOCK 26 5.00000 C 14 -2.2500000 -6.4900000 -0.26247406 -0.75709184
MANGAFIBERBLOCK 26 5.00000 C 15 -2.2500000 -6.6500000 -0.26247406 -0.77575666
