# File from Jim Gunn, message sdss3-infrastructure/946
# Heights means "radial offset in focal plane"
# Principal ray heights in plate (mm)
# Radius is actually sin(radius)
#           0'   -10'   -20'   -30'   -40'   -50'   -60'   -70'   -80'   -90'
   5300  -0.00  36.26  72.53 108.84 145.18 181.53 217.90 254.29 290.77 327.44
   4000  0.000 -0.002 -0.003 -0.004 -0.005 -0.005 -0.005 -0.004 -0.002  0.003
   5500 -0.000  0.000  0.000  0.000  0.000  0.000  0.000  0.000  0.000 -0.000
   6000  0.000  0.001  0.001  0.001  0.001  0.001  0.001  0.001  0.001 -0.001
   8000  0.000  0.001  0.003  0.003  0.004  0.004  0.004  0.003  0.002 -0.003
  10000  0.000  0.002  0.004  0.005  0.005  0.005  0.005  0.005  0.003 -0.004
  15350 -0.000  0.003  0.006  0.007  0.008  0.008  0.008  0.008  0.004 -0.006
  15950 -0.000  0.003  0.006  0.008  0.008  0.009  0.009  0.008  0.004 -0.006
  16550  0.000  0.004  0.006  0.008  0.009  0.009  0.009  0.008  0.004 -0.007

