0 0 0 0 0, 125.362998084621, -163.424099402207, 3.175
0 0 0 0 0, 198.730886539543, -135.982372001965, 2.16662
0 0 0 0 0, 198.831183099762, -138.521743824216, 2.16662
0 0 0 0 0, 92.3829445679296, -262.845481971717, 2.16662
0 0 0 0 0, 92.3771574101383, -265.387359388065, 2.16662
0 0 0 0 0, -121.692427848607, -263.867123122008, 2.16662
0 0 0 0 0, -121.677949540534, -266.409151225793, 2.16662
0 0 0 0 0, -231.345626666005, -138.065456243212, 2.16662
0 0 0 0 0, -231.203195398966, -140.602886724422, 2.16662
0 0 0 0 0, -198.444617477086, 128.336085041919, 2.16662
0 0 0 0 0, -198.389003255448, 130.876797959904, 2.16662
0 0 0 0 0, -94.6142110694767, 264.555059720494, 2.16662
0 0 0 0 0, -94.6432922983942, 267.09682041588, 2.16662
0 0 0 0 0, 127.693307084397, 259.811181054436, 2.16662
0 0 0 0 0, 127.761542463262, 262.352321176273, 2.16662
0 0 0 0 0, 224.467590100742, 130.644976087719, 2.16662
0 0 0 0 0, 224.47634995653, 133.186359659239, 2.16662
0 0 0 0 0, 14.0555045908029, 63.9773414410331, 2.16662
0 0 0 0 0, 15.3583358091289, 66.1593517172318, 2.16662
0 0 0 0 0, -13.0102111543076, -64.3168670563809, 2.16662
0 0 0 0 0, -14.3070878139967, -66.5024189463544, 2.16662
0 0 0 0 0, 89.861676667719, -134.27765409236, 2.16662
0 0 0 0 0, 89.9271933904512, -136.818129994792, 2.16662
0 0 0 0 0, -17.7155123834594, -73.9139793148811, 2.16662
0 0 0 0 0, 130.208003728897, 235.49294405564, 2.16662
0 0 0 0 0, -61.8626511512407, -230.333147899713, 2.16662
0 0 0 0 0, -96.5381540366419, -290.988746106374, 2.16662
0 0 0 0 0, -114.046835504258, 257.700279708007, 2.16662
0 0 0 0 0, -208.195046491236, 58.0355053449055, 2.16662
0 0 0 0 0, -192.685583048765, -243.560126194296, 2.16662
0 0 0 0 0, -57.6440403135605, -145.081622493514, 2.16662
0 0 0 0 0, -313.49853413534, -56.304305760736, 2.16662
0 0 0 0 0, -306.124586244248, -45.1634428995437, 2.16662
0 0 0 0 0, -154.064350696676, -135.812672767476, 2.16662
0 0 0 0 0, 32.8097759705753, 313.812780915482, 2.16662
0 0 0 0 0, -268.997335242613, 6.67750057894596, 2.16662
0 0 0 0 0, -59.0664172601604, -158.766172108244, 2.16662
0 0 0 0 0, 15.6685143267822, 264.76953225024, 2.16662
0 0 0 0 0, -166.113844956182, 159.985165639339, 2.16662
0 0 0 0 0, -255.177415217158, 149.557204551119, 2.16662
0 0 0 0 0, -45.5597090916095, 23.6036560701506, 2.16662
0 0 0 0 0, -118.244328584557, -139.293519088747, 2.16662
0 0 0 0 0, -237.741500796864, -50.8902606922452, 2.16662
0 0 0 0 0, -125.409412210409, -37.6041274525445, 2.16662
0 0 0 0 0, -56.691272635802, -22.9751983070835, 2.16662
0 0 0 0 0, -300.556913001386, 119.973624062699, 2.16662
0 0 0 0 0, 3.94680922435515, 55.7115926129591, 2.16662
0 0 0 0 0, 57.062057908241, -69.7470909815024, 2.16662
0 0 0 0 0, 49.8574247224513, 18.6518944547611, 2.16662
0 0 0 0 0, 54.8020352837328, -143.037861827093, 2.16662
0 0 0 0 0, -32.875701842365, -211.804817874458, 2.16662
0 0 0 0 0, 254.075089790226, 200.005827757895, 2.16662
0 0 0 0 0, 297.507790131899, 15.8579061855243, 2.16662
0 0 0 0 0, 244.393952556494, -206.242049225634, 2.16662
0 0 0 0 0, 66.2386816269955, 50.1443903736734, 2.16662
0 0 0 0 0, 148.798320131993, 263.063369962978, 2.16662
0 0 0 0 0, 317.483758504003, -47.1049919463497, 2.16662
0 0 0 0 0, -68.9344785823544, -222.334760213723, 2.16662
0 0 0 0 0, 152.477872859679, -45.8579913485074, 2.16662
0 0 0 0 0, 54.5055800672779, -310.532157355113, 2.16662
0 0 0 0 0, 57.3997094066289, -63.4575259237696, 2.16662
0 0 0 0 0, -169.433017219312, 100.157153232054, 2.16662
0 0 0 0 0, 21.0112815122029, 81.4324331480573, 2.16662
0 0 0 0 0, -119.99223930656, 174.116754024156, 2.16662
0 0 0 0 0, 57.4734050021731, -3.90432333359145, 2.16662
0 0 0 0 0, -255.1887018668, -186.678780038277, 2.16662
0 0 0 0 0, 55.4387560890885, -96.8520268102425, 2.16662
0 0 0 0 0, 145.605873477984, 233.191533927614, 2.16662
0 0 0 0 0, 140.64489506681, -123.395216129639, 2.16662
0 0 0 0 0, 34.091576044244, 228.030994834223, 2.16662
0 0 0 0 0, 166.5106032155, -226.814314419941, 2.16662
0 0 0 0 0, -138.071601888043, 21.2473336603809, 2.16662
0 0 0 0 0, 63.2013037854308, 312.272196363927, 2.16662
0 0 0 0 0, 15.7627833798868, -228.266938697554, 2.16662
0 0 0 0 0, -77.0203549438324, -275.809130855977, 2.16662
0 0 0 0 0, -260.004485008567, -30.6188181406773, 2.16662
0 0 0 0 0, 210.041613005733, -157.812134700248, 2.16662
0 0 0 0 0, -208.665692751727, 122.967307734012, 2.16662
0 0 0 0 0, 74.1411987262454, -92.650992776827, 2.16662
0 0 0 0 0, -169.654340144575, -218.994887668394, 2.16662
0 0 0 0 0, -24.9506917945874, 171.488843608263, 2.16662
0 0 0 0 0, 92.4920163476616, 33.5380839983047, 2.16662
0 0 0 0 0, 178.121743795124, -82.1360459346245, 2.16662
0 0 0 0 0, 251.580181322061, -104.891404348136, 2.16662
0 0 0 0 0, -180.495066612472, 101.431179684255, 2.16662
0 0 0 0 0, 314.476182067969, -32.2721849574126, 2.16662
0 0 0 0 0, 8.03718019987833, -9.64754888432399, 2.16662
0 0 0 0 0, 312.54818139874, 32.6157730582421, 2.16662
0 0 0 0 0, 61.9671135523094, 144.646208161767, 2.16662
0 0 0 0 0, -111.564099968744, 161.532235695955, 2.16662
0 0 0 0 0, -263.320909697134, 155.890461445171, 2.16662
0 0 0 0 0, -288.231859243012, -68.5127722764081, 2.16662
0 0 0 0 0, 16.1448476759258, 44.8683690068458, 2.16662
0 0 0 0 0, -149.206541594926, -91.9490294460978, 2.16662
0 0 0 0 0, 282.912902219061, -35.3427483969913, 2.16662
0 0 0 0 0, 200.482421198825, -69.7399867137719, 2.16662
0 0 0 0 0, 13.2429882548408, 50.3981984073552, 2.16662
0 0 0 0 0, 188.528323566711, -131.10840399051, 2.16662
0 0 0 0 0, -51.1077500298334, 55.204862889963, 2.16662
0 0 0 0 0, 218.933860595027, -56.7140711170807, 2.16662
0 0 0 0 0, -47.599115202739, 99.4535505452808, 2.16662
0 0 0 0 0, 285.010731736242, -0.754775670335177, 2.16662
0 0 0 0 0, -138.352816669917, -76.9009862466863, 2.16662
0 0 0 0 0, 54.2797737443024, 299.554791812856, 2.16662
0 0 0 0 0, -167.147563801103, 229.659858387275, 2.16662
0 0 0 0 0, -182.655521172531, -185.1048915735, 2.16662
0 0 0 0 0, 197.354231892004, -190.724521340935, 2.16662
0 0 0 0 0, 121.496386916476, -20.4647566639377, 2.16662
0 0 0 0 0, 13.006761459907, 290.888837321066, 2.16662
0 0 0 0 0, -38.2840987416391, -294.764966566396, 2.16662
0 0 0 0 0, 27.1053980539075, -233.264774251846, 2.16662
0 0 0 0 0, -259.834807185093, -185.017776061877, 2.16662
0 0 0 0 0, -109.447129905519, -19.1791008847778, 2.16662
0 0 0 0 0, -52.2217104272589, 164.509393682836, 2.16662
0 0 0 0 0, -63.7604980970005, -24.8273508002118, 2.16662
0 0 0 0 0, -201.658966384847, 188.54999772382, 2.16662
0 0 0 0 0, 292.021225378301, -39.3195586170823, 2.16662
0 0 0 0 0, 248.850930669053, -68.4602571677658, 2.16662
0 0 0 0 0, 146.617968001774, -37.1188166279777, 2.16662
0 0 0 0 0, 188.066759105886, 20.6120913932074, 2.16662
0 0 0 0 0, -145.031684383269, -101.385634335969, 2.16662
0 0 0 0 0, -195.708783382939, -43.4899306265053, 2.16662
0 0 0 0 0, -258.929793349709, 136.510046804075, 2.16662
0 0 0 0 0, -16.0962565933594, -162.028391062072, 2.16662
0 0 0 0 0, -99.6366927171251, 48.5746625630729, 2.16662
0 0 0 0 0, 222.437376859569, -48.0192919869893, 2.16662
0 0 0 0 0, 265.744525735043, -180.910110176032, 2.16662
0 0 0 0 0, 54.857434984692, 3.18312229626156, 2.16662
0 0 0 0 0, 52.4438930708396, -14.5307712460868, 2.16662
0 0 0 0 0, 151.929142718452, 248.629251388787, 2.16662
0 0 0 0 0, 119.928034160862, 155.581307593217, 2.16662
0 0 0 0 0, -176.24366591684, 175.398434937057, 2.16662
0 0 0 0 0, -179.863419182385, -216.78031493446, 2.16662
0 0 0 0 0, 162.394687283317, 124.911718091678, 2.16662
0 0 0 0 0, 78.2970368266418, -6.87837060755383, 2.16662
0 0 0 0 0, -143.867559757516, 145.330006734298, 2.16662
0 0 0 0 0, -54.3836566182425, 139.677831872071, 2.16662
0 0 0 0 0, 203.384117384212, -105.301328119468, 2.16662
0 0 0 0 0, -69.9681529958546, -5.77262335410082, 2.16662
0 0 0 0 0, -131.160007494143, 150.562503815343, 2.16662
0 0 0 0 0, -84.2355745906926, -70.0793945612361, 2.16662
0 0 0 0 0, -70.3373334976062, 290.151862356509, 2.16662
0 0 0 0 0, -308.887826638866, 93.1679842145694, 2.16662
0 0 0 0 0, -136.923827202183, -94.5376012014319, 2.16662
0 0 0 0 0, -138.282244140798, 256.112526151352, 2.16662
0 0 0 0 0, -205.885859512663, -31.7779615617614, 2.16662
0 0 0 0 0, -118.784880323036, -26.4659445201082, 2.16662
0 0 0 0 0, 151.963456670096, -283.233936427192, 2.16662
0 0 0 0 0, 92.9993633049289, 38.5614890039237, 2.16662
0 0 0 0 0, -114.433288172466, -50.5946414378248, 2.16662
0 0 0 0 0, 174.356893521373, 111.864648273106, 2.16662
0 0 0 0 0, 311.272708713933, 88.4578598273954, 2.16662
0 0 0 0 0, 147.291833601016, -288.715695480796, 2.16662
0 0 0 0 0, -154.646328285077, 30.6063597966672, 2.16662
0 0 0 0 0, 236.365562665365, -96.4392270319524, 2.16662
0 0 0 0 0, 100.900400606054, -113.677540493691, 2.16662
0 0 0 0 0, 211.829214799797, -164.871859426506, 2.16662
0 0 0 0 0, 289.457304756526, 116.051084258672, 2.16662
0 0 0 0 0, -308.034644248633, 34.0733895575688, 2.16662
0 0 0 0 0, 253.787018665795, 87.9131856934854, 2.16662
0 0 0 0 0, -72.0100352596901, -216.203255277737, 2.16662
0 0 0 0 0, 118.594589533561, 71.5524939960254, 2.16662
0 0 0 0 0, -181.30892378912, -190.068433134765, 2.16662
0 0 0 0 0, -236.125331576271, -93.2364204390823, 2.16662
0 0 0 0 0, 77.6623511362698, -248.089201019249, 2.16662
0 0 0 0 0, -120.385369704596, 59.6314534672494, 2.16662
0 0 0 0 0, 255.759959536998, -181.674967866314, 2.16662
0 0 0 0 0, -136.973947731617, -255.761673167932, 2.16662
0 0 0 0 0, 174.578060309698, -24.1431509631301, 2.16662
0 0 0 0 0, -218.096310993543, -32.1330152598322, 2.16662
0 0 0 0 0, -152.072971685622, -271.47291855883, 2.16662
0 0 0 0 0, -57.7402169228893, 188.279012797784, 2.16662
0 0 0 0 0, -294.141831962776, -106.161082519763, 2.16662
0 0 0 0 0, -18.5727140979038, -155.460425450917, 2.16662
0 0 0 0 0, 99.9622314334017, -43.4979654527203, 2.16662
0 0 0 0 0, 166.54312494802, 229.96258516224, 2.16662
0 0 0 0 0, 101.200255616026, -213.545488110625, 2.16662
0 0 0 0 0, 160.588593239758, -116.210042920076, 2.16662
0 0 0 0 0, -241.569027327464, 125.531130774893, 2.16662
0 0 0 0 0, -103.948131786716, -242.782149710538, 2.16662
0 0 0 0 0, -284.489756749108, 126.706846698799, 2.16662
0 0 0 0 0, 260.509317123492, -137.731539672425, 2.16662
0 0 0 0 0, 108.397470169755, -216.348053344601, 2.16662
0 0 0 0 0, -173.630712197267, -242.068722056286, 2.16662
0 0 0 0 0, 57.094092909366, 134.838967309198, 2.16662
0 0 0 0 0, -247.685177283957, -165.362789129676, 2.16662
0 0 0 0 0, 91.0051761737873, -165.936581129459, 2.16662
0 0 0 0 0, -216.991152271343, -163.548541608665, 2.16662
0 0 0 0 0, -108.507207083811, 222.456226904706, 2.16662
0 0 0 0 0, -268.158628768125, 37.8450817887629, 2.16662
0 0 0 0 0, -163.82494275389, -217.72555088943, 2.16662
0 0 0 0 0, -128.865983114566, -160.50638856756, 2.16662
0 0 0 0 0, -26.900706656039, 99.1228712357365, 2.16662
0 0 0 0 0, -65.1673205651037, -20.7267969122673, 2.16662
0 0 0 0 0, 133.928432888707, 237.135360930386, 2.16662
0 0 0 0 0, -211.786602147303, 119.504048839464, 2.16662
0 0 0 0 0, 196.044900918127, 133.752836418549, 2.16662
0 0 0 0 0, -99.2459120787346, -273.870490093332, 2.16662
0 0 0 0 0, -55.9092743347921, 150.878090790388, 2.16662
0 0 0 0 0, 68.948480429637, -250.494940333256, 2.16662
0 0 0 0 0, -186.105010707558, 187.480501499396, 2.16662
0 0 0 0 0, -148.100785113901, 196.793817039317, 2.16662
0 0 0 0 0, 201.178656748272, -60.3604584830902, 2.16662
0 0 0 0 0, -243.378376806379, -175.24421177834, 2.16662
0 0 0 0 0, 3.67109988035202, -122.09057639899, 2.16662
0 0 0 0 0, 17.1956616276023, 204.268969849699, 2.16662
0 0 0 0 0, 133.360215609704, -178.087332306337, 2.16662
0 0 0 0 0, 279.587939595264, -28.1989749788405, 2.16662
0 0 0 0 0, 305.471559318878, -86.0957128635358, 2.16662
0 0 0 0 0, 145.392225319886, 175.714328878306, 2.16662
0 0 0 0 0, 177.75323871738, -35.2511889491907, 2.16662
0 0 0 0 0, -242.851912139895, -17.685344226061, 2.16662
0 0 0 0 0, 42.0204440497558, -61.129557754735, 2.16662
0 0 0 0 0, -119.804560014162, 229.46993844919, 2.16662
0 0 0 0 0, -161.681603237915, 224.205488430861, 2.16662
0 0 0 0 0, 164.978645838503, -79.2424577469298, 2.16662
0 0 0 0 0, 230.832995013504, -148.753387826337, 2.16662
0 0 0 0 0, -125.578814010257, -82.7574614039567, 2.16662
0 0 0 0 0, 49.3035616435811, -223.420478598468, 2.16662
0 0 0 0 0, -238.724199067784, -158.372207622174, 2.16662
0 0 0 0 0, -91.6130887569655, 301.264620822493, 2.16662
0 0 0 0 0, -76.6376083574875, 243.687662242117, 2.16662
0 0 0 0 0, 21.2954183308277, 269.83528612377, 2.16662
0 0 0 0 0, -199.095005358998, -119.728868770202, 2.16662
0 0 0 0 0, 154.387745136793, -57.7539251055784, 2.16662
0 0 0 0 0, 115.765703160046, -233.48596264347, 2.16662
0 0 0 0 0, 239.436715105578, -217.647959052126, 2.16662
0 0 0 0 0, -23.23238307079, -186.961239775593, 2.16662
0 0 0 0 0, 210.970485275819, 136.220686071652, 2.16662
0 0 0 0 0, -20.4340284219456, -267.869374299225, 2.16662
0 0 0 0 0, 300.568183487289, 13.0866379326919, 2.16662
0 0 0 0 0, -229.963316760638, -106.742857781973, 2.16662
0 0 0 0 0, 116.118635715913, -224.897737194723, 2.16662
0 0 0 0 0, 181.101971125175, -19.9838426615091, 2.16662
0 0 0 0 0, 243.118695449953, -201.569037184342, 2.16662
0 0 0 0 0, 221.231448139323, 223.953438732199, 2.16662
0 0 0 0 0, 201.634944108488, 113.707467271146, 2.16662
0 0 0 0 0, -178.097816325669, -98.1769419244016, 2.16662
0 0 0 0 0, 151.252227048725, 4.0397670414107, 2.16662
0 0 0 0 0, 80.4304793346896, 20.000974857798, 2.16662
0 0 0 0 0, -274.207301948666, -82.3704443784067, 2.16662
0 0 0 0 0, -40.8282521349274, -312.142501219329, 2.16662
0 0 0 0 0, 92.6713827180679, -242.407895156725, 2.16662
0 0 0 0 0, 181.649297758275, -239.466722107616, 2.16662
0 0 0 0 0, -209.42072695286, -223.757306630034, 2.16662
0 0 0 0 0, 163.806295207521, 260.789853958006, 2.16662
0 0 0 0 0, -61.5299626398127, -316.55975412997, 2.16662
0 0 0 0 0, 177.868079380533, 18.4533104951208, 2.16662
0 0 0 0 0, 102.569416113725, -122.88738905394, 2.16662
0 0 0 0 0, -153.774888049252, -164.30821749918, 2.16662
0 0 0 0 0, 195.779685260287, -33.662733254583, 2.16662
0 0 0 0 0, 108.068479598051, 235.26717255053, 2.16662
0 0 0 0 0, -103.158960893575, -173.172099898868, 2.16662
0 0 0 0 0, -16.6045076638118, 7.99251190281149, 2.16662
0 0 0 0 0, 64.4667992062473, -30.3381396258447, 2.16662
0 0 0 0 0, -26.9450712221105, 227.693893391991, 2.16662
0 0 0 0 0, -242.324392292627, 63.8165744933644, 2.16662
0 0 0 0 0, 250.044830540416, 169.219271239735, 2.16662
0 0 0 0 0, 129.903390879566, -192.850061780578, 2.16662
0 0 0 0 0, 219.827917330368, 148.212280447798, 2.16662
0 0 0 0 0, 18.1411272402956, 190.720662340384, 2.16662
0 0 0 0 0, 73.9704106303997, -271.198466695543, 2.16662
0 0 0 0 0, 222.432108384185, -17.2976522169076, 2.16662
0 0 0 0 0, 133.864864728928, -245.519380012163, 2.16662
0 0 0 0 0, -142.515678631237, 29.6123215352476, 2.16662
0 0 0 0 0, -100.236866860768, -304.742088129498, 2.16662
0 0 0 0 0, 128.162213552793, 185.884968784429, 2.16662
0 0 0 0 0, -84.3668206674007, 69.7552261119588, 2.16662
0 0 0 0 0, 253.049115565255, 78.0119651795271, 2.16662
0 0 0 0 0, 320.135493741056, -8.48456459263833, 2.16662
0 0 0 0 0, 59.9709155279416, -208.605734464819, 2.16662
0 0 0 0 0, -302.864577341528, 44.7152338022191, 2.16662
0 0 0 0 0, -47.5649199764653, -15.9695529016964, 2.16662
0 0 0 0 0, 71.0375598010247, -34.7166706256601, 2.16662
0 0 0 0 0, -64.1701800878705, -182.0367305336, 2.16662
0 0 0 0 0, -165.149029065528, 5.54358253522078, 2.16662
0 0 0 0 0, -162.408724427353, -242.177372029498, 2.16662
0 0 0 0 0, 22.0873475433877, -77.9156706291691, 2.16662
0 0 0 0 0, -286.085303056707, -36.0172591599207, 2.16662
0 0 0 0 0, -108.687661619822, -106.063179190526, 2.16662
0 0 0 0 0, -266.766390166743, -108.228755185865, 2.16662
0 0 0 0 0, -69.2590472861511, -103.790087238548, 2.16662
0 0 0 0 0, -292.451444336166, 0.139810759785943, 2.16662
0 0 0 0 0, -198.757367280353, -101.393005516087, 2.16662
0 0 0 0 0, -89.9252907058633, 141.762201118998, 2.16662
0 0 0 0 0, -218.816515291074, -70.6260500670061, 2.16662
0 0 0 0 0, 180.613145192505, -84.8900033600966, 2.16662
0 0 0 0 0, 39.8074804959283, 4.6833789397221, 2.16662
0 0 0 0 0, -198.682906860859, -222.515761102683, 2.16662
0 0 0 0 0, 218.033627698035, 58.8006779291879, 2.16662
0 0 0 0 0, 242.779846945263, 211.594111261969, 2.16662
0 0 0 0 0, -94.0080978120404, 1.66942908783094, 2.16662
0 0 0 0 0, 88.6962680695622, 168.974945557263, 2.16662
0 0 0 0 0, -170.891583063752, 217.12183988603, 2.16662
0 0 0 0 0, 19.714082110323, -149.644960233619, 2.16662
0 0 0 0 0, 89.2066343531613, 245.229191105779, 2.16662
0 0 0 0 0, -152.661524579313, -221.116225414085, 2.16662
0 0 0 0 0, 30.7529970983097, 230.30260624239, 2.16662
0 0 0 0 0, -4.52088661625383, 112.908062998611, 2.16662
0 0 0 0 0, -261.369184782144, -135.065864600016, 2.16662
0 0 0 0 0, 212.46476510389, 8.70038604026742, 2.16662
0 0 0 0 0, -23.9739744429847, -266.460525772466, 2.16662
0 0 0 0 0, -97.3031096616742, -77.1011048278366, 2.16662
0 0 0 0 0, 203.924145159721, 81.152840768467, 2.16662
0 0 0 0 0, 39.6321284783961, -303.031222454296, 2.16662
0 0 0 0 0, -73.4210308689286, -219.897883851808, 2.16662
0 0 0 0 0, -129.227477113859, 185.614169915259, 2.16662
0 0 0 0 0, -167.624321941278, -98.4278566029265, 2.16662
0 0 0 0 0, 164.353385083984, -242.341111652742, 2.16662
0 0 0 0 0, 245.84498344546, 52.6106018826012, 2.16662
0 0 0 0 0, -117.310403434123, -283.19975607119, 2.16662
0 0 0 0 0, 175.515594277314, 53.1340607128152, 2.16662
0 0 0 0 0, 65.6867274045339, -289.008685137663, 2.16662
0 0 0 0 0, 102.806318979978, 108.964075211888, 2.16662
0 0 0 0 0, -52.9687870241987, 243.655666326683, 2.16662
0 0 0 0 0, -107.723299583662, -129.874976687835, 2.16662
0 0 0 0 0, 61.9632490383076, 203.404837422978, 2.16662
0 0 0 0 0, 245.868992098992, 1.04927320046684, 2.16662
0 0 0 0 0, 30.2285598434391, 203.437083199624, 2.16662
0 0 0 0 0, 56.6222725026706, 90.0195646863078, 2.16662
0 0 0 0 0, -206.672719813579, -66.4086616310992, 2.16662
0 0 0 0 0, 106.382886460771, -36.0825292637588, 2.16662
0 0 0 0 0, -0.264840006911178, 84.0794390811388, 2.16662
0 0 0 0 0, 67.2032112853664, -85.583820060839, 2.16662
0 0 0 0 0, 65.2794319637272, -56.8774403569826, 2.16662
0 0 0 0 0, -51.7090452345079, -124.776649561758, 2.16662
0 0 0 0 0, -0.723037571035198, 246.241959481013, 2.16662
0 0 0 0 0, 247.442286678726, -42.4068265207117, 2.16662
0 0 0 0 0, -103.39885622972, -280.830326549049, 2.16662
0 0 0 0 0, -140.51854915498, -25.2844982496247, 2.16662
0 0 0 0 0, -147.911868193745, 267.296651481215, 2.16662
0 0 0 0 0, -69.7344087124993, -157.622696207049, 2.16662
0 0 0 0 0, 282.4700746413, -23.5225523932711, 2.16662
0 0 0 0 0, 73.6903439615978, 120.547341800916, 2.16662
0 0 0 0 0, -165.136502473008, -42.7029857087521, 2.16662
0 0 0 0 0, -50.7972831684283, 308.611761930074, 2.16662
0 0 0 0 0, 66.7729577003874, 143.744124895943, 2.16662
0 0 0 0 0, 207.884478129273, -131.012602219263, 2.16662
0 0 0 0 0, 77.6524098706662, -133.137115138149, 2.16662
0 0 0 0 0, 296.159255174072, -97.7057832973438, 2.16662
0 0 0 0 0, -297.139275462369, 75.1397736438443, 2.16662
0 0 0 0 0, -90.1931497938788, 166.946481130993, 2.16662
0 0 0 0 0, -214.60338227235, -109.141645179117, 2.16662
0 0 0 0 0, 166.817687285629, -174.393183998614, 2.16662
0 0 0 0 0, 208.919719622538, 163.163490921597, 2.16662
0 0 0 0 0, -226.174873334696, -149.922156713378, 2.16662
0 0 0 0 0, -290.165212690421, -15.5178486888659, 2.16662
0 0 0 0 0, 231.217742020861, 161.159079224323, 2.16662
0 0 0 0 0, 24.5367062111049, -141.150596581494, 2.16662
0 0 0 0 0, 84.9268569977879, -244.252025611177, 2.16662
0 0 0 0 0, -122.028900472119, 109.882369732042, 2.16662
0 0 0 0 0, -282.193746529047, 17.2687293931773, 2.16662
0 0 0 0 0, -279.57868926129, -38.7726644798194, 2.16662
0 0 0 0 0, -225.399857398394, -127.87995838092, 2.16662
0 0 0 0 0, -157.212419941256, -101.179495428191, 2.16662
0 0 0 0 0, -77.7515983626357, -238.896617919849, 2.16662
0 0 0 0 0, 191.115671354297, -180.879337495622, 2.16662
0 0 0 0 0, 124.7423131405, 221.528463829311, 2.16662
0 0 0 0 0, -26.3014031524446, 111.729411018524, 2.16662
0 0 0 0 0, -43.1550503378512, -82.5270123693565, 2.16662
0 0 0 0 0, -21.4635681945745, -195.547344486359, 2.16662
0 0 0 0 0, -200.691021623976, -56.1511821328305, 2.16662
0 0 0 0 0, -297.820098070562, -24.3911363881985, 2.16662
0 0 0 0 0, -227.408862367658, 96.7105314694066, 2.16662
0 0 0 0 0, 7.3045623447538, 253.311702265774, 2.16662
0 0 0 0 0, 87.5839872694812, 24.1477387413334, 2.16662
0 0 0 0 0, -167.13806617948, -6.14047549804432, 2.16662
0 0 0 0 0, 289.17272557598, -17.8392226713856, 2.16662
0 0 0 0 0, 178.83025352452, -107.041460737842, 2.16662
0 0 0 0 0, 236.726867606967, -105.153707888498, 2.16662
0 0 0 0 0, -239.191049768707, -207.262004525796, 2.16662
0 0 0 0 0, 179.844197366119, -186.134240358985, 2.16662
0 0 0 0 0, 66.8805441507861, 7.38587591297169, 2.16662
0 0 0 0 0, 94.9553250352109, -125.011308329809, 2.16662
0 0 0 0 0, -150.95395260513, -156.879851684819, 2.16662
0 0 0 0 0, -137.546386385343, 162.575525257817, 2.16662
0 0 0 0 0, 18.0664836865425, -240.838955035004, 2.16662
0 0 0 0 0, 206.840244340835, -10.0042786044318, 2.16662
0 0 0 0 0, 7.90845103483268, -67.4845598418306, 2.16662
0 0 0 0 0, -53.3697507037594, 212.403806385197, 2.16662
0 0 0 0 0, 158.058954744345, 12.8247826693245, 2.16662
0 0 0 0 0, -188.333104065056, -45.3287320598097, 2.16662
0 0 0 0 0, -129.786060151879, -40.7262102352365, 2.16662
0 0 0 0 0, -64.0576203538251, -119.321840468547, 2.16662
0 0 0 0 0, 108.01347548854, 191.032220513048, 2.16662
0 0 0 0 0, 116.66806757706, -18.3512689260722, 2.16662
0 0 0 0 0, 2.13276341219682, -198.696685127671, 2.16662
0 0 0 0 0, 25.4938807042049, -102.31922595597, 2.16662
0 0 0 0 0, 21.9624951475555, -178.45072019152, 2.16662
0 0 0 0 0, 85.1720451299952, 102.858530206073, 2.16662
0 0 0 0 0, -96.3168502421936, -102.805068928141, 2.16662
0 0 0 0 0, -215.136678194853, -227.059011169751, 2.16662
0 0 0 0 0, 227.336512098185, 73.0177656533577, 2.16662
0 0 0 0 0, 277.939960018117, 13.9677672621005, 2.16662
0 0 0 0 0, 7.11619805843466, -240.219771253158, 2.16662
0 0 0 0 0, 161.35471507834, -271.394261989559, 2.16662
0 0 0 0 0, -22.4887283388496, 48.4084433836074, 2.16662
0 0 0 0 0, -150.852411161304, -168.556073939564, 2.16662
0 0 0 0 0, -69.3672088158962, -50.3113915977203, 2.16662
0 0 0 0 0, 311.786434725902, 72.8048873660223, 2.16662
0 0 0 0 0, 187.237176248317, 38.1784955428417, 2.16662
0 0 0 0 0, 235.238249986424, 178.963161894416, 2.16662
0 0 0 0 0, -11.6429260986005, 35.0289460282227, 2.16662
0 0 0 0 0, 88.7773311336967, 105.717453919284, 2.16662
0 0 0 0 0, -163.982936791192, 261.677367333204, 2.16662
0 0 0 0 0, -85.1504009764053, 5.56511226728373, 2.16662
0 0 0 0 0, 296.594945069758, 80.411954433161, 2.16662
0 0 0 0 0, 87.6042963613258, 33.4805656749148, 2.16662
0 0 0 0 0, 94.1855784564886, -96.1309741590491, 2.16662
0 0 0 0 0, 289.018465077336, 2.09687348377957, 2.16662
0 0 0 0 0, -52.5693094826721, -235.350506604211, 2.16662
0 0 0 0 0, 166.332278025861, 200.937449044542, 2.16662
0 0 0 0 0, 106.104868732267, -45.1413172905714, 2.16662
0 0 0 0 0, 102.915771341388, -243.836622744797, 2.16662
0 0 0 0 0, 192.666555800965, -256.915510073084, 2.16662
0 0 0 0 0, -77.0648688323835, -155.653470363372, 2.16662
0 0 0 0 0, 140.350527952494, -110.092664959237, 2.16662
0 0 0 0 0, 277.428557828343, 18.0692486617938, 2.16662
0 0 0 0 0, -152.772034231504, 74.2032264592628, 2.16662
0 0 0 0 0, -99.0672588550977, -46.331364608006, 2.16662
0 0 0 0 0, 197.408784174113, -10.2429028740672, 2.16662
0 0 0 0 0, -274.368022988551, -60.9829698352215, 2.16662
0 0 0 0 0, -114.596365542555, 53.0983259866692, 2.16662
0 0 0 0 0, -70.7894228538513, 243.282616772308, 2.16662
0 0 0 0 0, 98.5272181818902, -248.2452371414, 2.16662
0 0 0 0 0, -21.2354893789624, 120.387253242449, 2.16662
0 0 0 0 0, 178.199855102444, 124.978599974165, 2.16662
0 0 0 0 0, -207.906914747657, -218.662746112043, 2.16662
0 0 0 0 0, 24.1027620433408, -239.098671420429, 2.16662
0 0 0 0 0, -243.97327031071, 93.8413819579628, 2.16662
0 0 0 0 0, -97.3182234698813, 302.797945813017, 2.16662
0 0 0 0 0, 44.1460116643646, 148.266766351514, 2.16662
0 0 0 0 0, -232.986732681886, -12.9719165377442, 2.16662
0 0 0 0 0, 53.0109180213161, 69.5919707778099, 2.16662
0 0 0 0 0, -207.312494885772, 51.0119827313212, 2.16662
0 0 0 0 0, -62.7277908142345, 14.3934686811498, 2.16662
0 0 0 0 0, 158.920903814245, -281.765251000413, 2.16662
0 0 0 0 0, 1.71268307659278, -133.035944016519, 2.16662
0 0 0 0 0, 262.78095099639, -105.521063338141, 2.16662
0 0 0 0 0, 309.104921101596, 12.7126897894921, 2.16662
0 0 0 0 0, -53.257150478672, -265.098709423111, 2.16662
0 0 0 0 0, 279.691828776246, -14.0734298459647, 2.16662
0 0 0 0 0, 179.561979510713, 91.3970170555764, 2.16662
0 0 0 0 0, 186.113885021108, 198.454513750885, 2.16662
0 0 0 0 0, 200.838798476632, 139.367493600536, 2.16662
0 0 0 0 0, -158.334565083427, 180.931444468498, 2.16662
0 0 0 0 0, -93.5911504796354, -170.001519050406, 2.16662
0 0 0 0 0, -32.1623209105886, -54.2104114013679, 2.16662
0 0 0 0 0, 50.5707177142603, -114.85378897375, 2.16662
0 0 0 0 0, -144.455431590387, -249.683973907885, 2.16662
0 0 0 0 0, 22.5280454690451, 319.465870085717, 2.16662
0 0 0 0 0, -212.254154015823, -199.915247006923, 2.16662
0 0 0 0 0, 72.9937674249433, 298.63482699531, 2.16662
0 0 0 0 0, 61.957819760908, 218.218956577926, 2.16662
0 0 0 0 0, 212.319728537713, 232.383260548358, 2.16662
0 0 0 0 0, -2.46055742013584, -308.70507916796, 2.16662
0 0 0 0 0, 290.524011066765, -62.2134903342835, 2.16662
0 0 0 0 0, 126.967005456828, -185.406866260512, 2.16662
0 0 0 0 0, 267.179898447308, -73.370742811182, 2.16662
0 0 0 0 0, -270.992482861405, -134.091539246717, 2.16662
0 0 0 0 0, -174.388434433799, -125.235609385098, 2.16662
0 0 0 0 0, 119.859636508358, -298.435714738621, 2.16662
0 0 0 0 0, 268.443339816504, -112.47396460803, 2.16662
0 0 0 0 0, -199.543008707525, -238.615484542377, 2.16662
0 0 0 0 0, 248.344052762156, 126.282333049122, 2.16662
0 0 0 0 0, 181.64184219447, -192.580798439547, 2.16662
0 0 0 0 0, 213.318227040623, -26.3278029581288, 2.16662
0 0 0 0 0, 100.885796702505, 282.057862717815, 2.16662
0 0 0 0 0, -2.75115009837314, -33.278337036827, 2.16662
0 0 0 0 0, -7.4610930673881, 296.341344202782, 2.16662
0 0 0 0 0, 208.7441148074, 28.8488132582171, 2.16662
0 0 0 0 0, 22.7582465524215, 148.995938044099, 2.16662
0 0 0 0 0, -241.221850729179, 85.3085978682527, 2.16662
0 0 0 0 0, 174.803760922909, -7.79539377339992, 2.16662
0 0 0 0 0, -237.557834492794, -1.2186375603463, 2.16662
0 0 0 0 0, -58.4494185633177, -235.862357545413, 2.16662
0 0 0 0 0, 119.062956451304, 4.85881113362682, 2.16662
0 0 0 0 0, 116.639623927376, 60.3178526653076, 2.16662
0 0 0 0 0, -8.06784014204039, 142.742724972202, 2.16662
0 0 0 0 0, 186.031562597162, 169.021693254136, 2.16662
0 0 0 0 0, 94.9148233023845, 255.270987374991, 2.16662
0 0 0 0 0, -90.6668595346309, -64.3076905638717, 2.16662
0 0 0 0 0, 44.1852563261396, -86.6819944207645, 2.16662
0 0 0 0 0, 263.025669339503, -161.418879483402, 2.16662
0 0 0 0 0, 71.1299358369682, -210.625353152495, 2.16662
0 0 0 0 0, 181.28783100031, 63.047631767775, 2.16662
0 0 0 0 0, -40.5345947264569, 116.275582197003, 2.16662
0 0 0 0 0, 36.071095545659, 50.0647105901334, 2.16662
0 0 0 0 0, 196.520973436029, -65.1806880271096, 2.16662
0 0 0 0 0, -89.6677698022706, -289.524162792673, 2.16662
0 0 0 0 0, 259.045712803266, -130.133634779262, 2.16662
0 0 0 0 0, 139.81015740605, -158.006880257644, 2.16662
0 0 0 0 0, -28.5234532933547, 194.824860808184, 2.16662
0 0 0 0 0, 80.6222241420983, -46.3230505662255, 2.16662
0 0 0 0 0, -181.58909378346, 214.377202039528, 2.16662
0 0 0 0 0, -156.99293117295, -16.7371193836782, 2.16662
0 0 0 0 0, -232.832144857147, 2.22902920166588, 2.16662
0 0 0 0 0, -103.870036627539, 252.947484805297, 2.16662
0 0 0 0 0, 121.382776588634, -199.886526886116, 2.16662
0 0 0 0 0, -40.4468234589, 136.682139781608, 2.16662
0 0 0 0 0, -166.299150249971, 41.9853400747945, 2.16662
0 0 0 0 0, 19.3119037219935, -256.727390423845, 2.16662
0 0 0 0 0, 186.061096343712, -229.336675725384, 2.16662
0 0 0 0 0, 245.850303475588, 93.3640982619874, 2.16662
0 0 0 0 0, 111.590470698483, 123.865309518548, 2.16662
0 0 0 0 0, -130.803677905667, 285.041281779511, 2.16662
0 0 0 0 0, -230.918622142819, 198.035610414525, 2.16662
0 0 0 0 0, -99.8448990837936, 208.627344826473, 2.16662
0 0 0 0 0, 136.124524603336, -258.963436449532, 2.16662
0 0 0 0 0, 267.252369739409, -0.815630793729974, 2.16662
0 0 0 0 0, 72.8633438645089, -247.197147380648, 2.16662
0 0 0 0 0, 152.191508949876, -276.239972507271, 2.16662
0 0 0 0 0, 197.975666777587, 189.09429202029, 2.16662
0 0 0 0 0, -270.061783252098, -157.311441527128, 2.16662
0 0 0 0 0, 308.195489989748, 2.41841171515808, 2.16662
0 0 0 0 0, 40.6365677828827, 205.557320767369, 2.16662
0 0 0 0 0, -105.65877383647, 52.6499648996918, 2.16662
0 0 0 0 0, -229.561049124715, -163.298434066111, 2.16662
0 0 0 0 0, -248.382258142903, 188.728506313971, 2.16662
0 0 0 0 0, -202.639236336619, 214.897284750771, 2.16662
0 0 0 0 0, 171.765846137216, 88.1593219250306, 2.16662
0 0 0 0 0, 156.389658021374, -130.509466451258, 2.16662
0 0 0 0 0, -88.1716087978291, -16.2599411241576, 2.16662
0 0 0 0 0, 226.146702330866, -64.4044947513361, 2.16662
0 0 0 0 0, -69.4360383101605, -228.33678370734, 2.16662
0 0 0 0 0, 94.4168200643665, -33.9692091149599, 2.16662
0 0 0 0 0, -91.4579928056126, -5.18919530022468, 2.16662
0 0 0 0 0, -230.836193189098, 214.17526824736, 2.16662
0 0 0 0 0, 247.029874401938, 151.224772406095, 2.16662
0 0 0 0 0, -106.30689362827, 167.809422197925, 2.16662
0 0 0 0 0, 219.765721112748, 167.795093196529, 2.16662
0 0 0 0 0, 77.2667099245902, 228.74751061863, 2.16662
0 0 0 0 0, 10.7446146844411, -95.8940134053181, 2.16662
0 0 0 0 0, -83.7219227482881, -287.29433914532, 2.16662
0 0 0 0 0, -28.3910390822983, -55.3439183663509, 2.16662
0 0 0 0 0, 96.5614603828735, -297.432056463184, 2.16662
0 0 0 0 0, -154.09842482796, 277.264117373966, 2.16662
0 0 0 0 0, -227.352422511273, 221.816219351797, 2.16662
0 0 0 0 0, 62.5378905191144, -239.525967917602, 2.16662
0 0 0 0 0, -181.259317513646, -124.749194356747, 2.16662
0 0 0 0 0, 46.659160237275, 23.3699437870794, 2.16662
0 0 0 0 0, 74.7883208683001, -57.5855213008818, 2.16662
0 0 0 0 0, -277.399763013446, -115.019567675563, 2.16662
0 0 0 0 0, -293.657106836442, 52.750081759442, 2.16662
0 0 0 0 0, 142.112047188196, 199.443643703666, 2.16662
0 0 0 0 0, -243.721471855422, -168.929355274499, 2.16662
0 0 0 0 0, 137.661496746346, 171.310474249501, 2.16662
0 0 0 0 0, -35.5272639388324, -123.306892043749, 2.16662
0 0 0 0 0, -197.914312244683, 46.8739655545163, 2.16662
0 0 0 0 0, -142.150876088132, 206.576493553671, 2.16662
0 0 0 0 0, 141.834841327681, 171.207887412355, 2.16662
0 0 0 0 0, -222.789015761621, 130.903266197586, 2.16662
0 0 0 0 0, 42.4552881713038, -235.444228658964, 2.16662
0 0 0 0 0, 23.6019364859281, 113.140219498918, 2.16662
0 0 0 0 0, -17.6727488155886, -106.863613660142, 2.16662
0 0 0 0 0, 151.045642508181, 171.581401830273, 2.16662
0 0 0 0 0, -0.216798108520765, -15.7535078923667, 2.16662
0 0 0 0 0, 214.284887589787, 200.906616243274, 2.16662
0 0 0 0 0, -88.8356511075743, -117.154319059978, 2.16662
0 0 0 0 0, 279.414740012333, 55.0516404452509, 2.16662
0 0 0 0 0, 216.943623541217, 48.8581674409073, 2.16662
0 0 0 0 0, 189.21219462629, 57.7628078096508, 2.16662
0 0 0 0 0, -169.476920418038, 5.53781665675054, 2.16662
0 0 0 0 0, 53.1358559242498, 164.927211942067, 2.16662
0 0 0 0 0, 218.155240043423, -100.700008143321, 2.16662
0 0 0 0 0, -204.844070409922, 227.28650724949, 2.16662
0 0 0 0 0, 309.616598320505, -58.025702585094, 2.16662
0 0 0 0 0, 217.500727452474, -170.396652237384, 2.16662
0 0 0 0 0, -261.746319539113, 171.073452677548, 2.16662
0 0 0 0 0, 259.194784668964, 146.001905231068, 2.16662
0 0 0 0 0, -29.3028082739013, 136.937546172434, 2.16662
0 0 0 0 0, 155.451881441257, 128.794228780719, 2.16662
0 0 0 0 0, -178.065973295978, 206.513328064462, 2.16662
0 0 0 0 0, 71.5485396438393, -223.651525455034, 2.16662
0 0 0 0 0, -131.287370027239, 110.53110923596, 2.16662
0 0 0 0 0, 255.421165788513, 63.8830067556566, 2.16662
0 0 0 0 0, 37.8824221238619, -281.840849476247, 2.16662
0 0 0 0 0, -61.0929213342531, -243.881811076605, 2.16662
0 0 0 0 0, 185.104522064583, -180.26456541615, 2.16662
0 0 0 0 0, 298.455614681565, -52.2859049501164, 2.16662
0 0 0 0 0, 23.0938880580927, -192.882287080342, 2.16662
0 0 0 0 0, 155.550876771854, -72.8430682553265, 2.16662
0 0 0 0 0, 105.615587166481, -228.205616280111, 2.16662
0 0 0 0 0, -61.9561835707008, 221.552952623641, 2.16662
0 0 0 0 0, 130.787784228477, 34.5549886386069, 2.16662
0 0 0 0 0, 93.4000041397223, 66.9617921436943, 2.16662
0 0 0 0 0, 188.708202542633, -222.776107426395, 2.16662
0 0 0 0 0, 38.2087038307535, -75.7837872684254, 2.16662
0 0 0 0 0, -266.10926239025, -36.5155368888062, 2.16662
0 0 0 0 0, 75.4327800941485, -313.165443637669, 2.16662
0 0 0 0 0, 15.5307644794761, -22.2732420900649, 2.16662
0 0 0 0 0, -313.161540608277, 31.8308241131109, 2.16662
0 0 0 0 0, 116.846117404452, 263.885435570171, 2.16662
0 0 0 0 0, 200.41216757597, 161.193409325001, 2.16662
0 0 0 0 0, 77.0440715455944, 263.366358526747, 2.16662
0 0 0 0 0, -219.194474779663, 145.126091969485, 2.16662
0 0 0 0 0, 197.115587158068, -179.339867415875, 2.16662
0 0 0 0 0, 31.8325587914748, -63.4692427518674, 2.16662
0 0 0 0 0, 93.6912251605353, 107.649454197131, 2.16662
0 0 0 0 0, -176.155019003304, -246.695886323854, 2.16662
0 0 0 0 0, -165.152158965353, -249.400176042414, 2.16662
0 0 0 0 0, 14.8161314099599, -250.489111604936, 2.16662
0 0 0 0 0, -43.6154399887319, -151.92745669824, 2.16662
0 0 0 0 0, 76.4082348272918, -282.78341422917, 2.16662
0 0 0 0 0, 64.7709686230902, -214.493420248093, 2.16662
0 0 0 0 0, 182.123141332941, -177.609180078584, 2.16662
0 0 0 0 0, 215.863804736173, -83.863796513334, 2.16662
0 0 0 0 0, -185.25143697854, 48.7641736811815, 2.16662
0 0 0 0 0, -234.948209347776, 91.4682702819216, 2.16662
0 0 0 0 0, -78.6736308939837, -21.644823912642, 2.16662
0 0 0 0 0, -29.8130706947468, 170.916838230227, 2.16662
0 0 0 0 0, 64.9441551945869, 123.844025548657, 2.16662
0 0 0 0 0, 60.5074891534458, 200.292045065395, 2.16662
0 0 0 0 0, 221.881366615554, 2.0886417665851, 2.16662
0 0 0 0 0, 184.406017295028, 77.5877193913814, 2.16662
0 0 0 0 0, -138.744517760922, 54.6323659108417, 2.16662
0 0 0 0 0, -158.848047400612, 95.0598960599611, 2.16662
0 0 0 0 0, -83.3941491725308, -259.228386784866, 2.16662
0 0 0 0 0, 224.029866894805, -225.326107149452, 2.16662
0 0 0 0 0, -48.4184976931116, -155.113472112048, 2.16662
0 0 0 0 0, 117.01712560087, -131.265026676818, 2.16662
0 0 0 0 0, 97.8750479133455, -84.3011308205483, 2.16662
0 0 0 0 0, 256.044377027226, -33.2364141605237, 2.16662
0 0 0 0 0, 84.3549460297218, 32.4037428671489, 2.16662
0 0 0 0 0, 203.976996789495, 49.7607044159173, 2.16662
0 0 0 0 0, 172.997246227676, 149.339579175134, 2.16662
0 0 0 0 0, 285.194061671206, 146.994462765013, 2.16662
0 0 0 0 0, 70.810809118963, 217.399901081986, 2.16662
0 0 0 0 0, -3.61877635856212, -281.439663588726, 2.16662
0 0 0 0 0, 85.2039624172235, -226.105759362067, 2.16662
0 0 0 0 0, -135.10819571073, -170.070129769363, 2.16662
0 0 0 0 0, -170.287052248729, -234.406874001384, 2.16662
0 0 0 0 0, -113.696973197212, -234.014603660364, 2.16662
0 0 0 0 0, 7.71356386251681, -228.975615867223, 2.16662
0 0 0 0 0, 81.605799517364, -230.251596955188, 2.16662
0 0 0 0 0, 143.955852432755, -252.326599156558, 2.16662
0 0 0 0 0, -261.929413045606, -122.65884700714, 2.16662
0 0 0 0 0, -111.617245054788, -175.181991666168, 2.16662
0 0 0 0 0, -5.51885878744854, -159.673325840127, 2.16662
0 0 0 0 0, 137.720868939593, -130.919462629832, 2.16662
0 0 0 0 0, 236.809245491489, -173.484115336363, 2.16662
0 0 0 0 0, -247.75707888277, -52.2057886075737, 2.16662
0 0 0 0 0, -126.219464516601, -72.3829597950639, 2.16662
0 0 0 0 0, 35.0715740861719, -47.9821574362661, 2.16662
0 0 0 0 0, 156.113111838845, -34.3319341081206, 2.16662
0 0 0 0 0, 290.065457206106, -74.7603601160331, 2.16662
0 0 0 0 0, -231.070754807455, 24.292973509251, 2.16662
0 0 0 0 0, -106.02706592754, -5.13864706016462, 2.16662
0 0 0 0 0, 61.0721881568348, 15.7938680081971, 2.16662
0 0 0 0 0, 166.676256186046, 6.69537738375972, 2.16662
0 0 0 0 0, 251.194829538493, 26.6561486731898, 2.16662
0 0 0 0 0, -244.401981192727, 109.604188548585, 2.16662
0 0 0 0 0, -110.156683460143, 139.405347393078, 2.16662
0 0 0 0 0, 18.347418402394, 133.0003195424, 2.16662
0 0 0 0 0, 183.449234693381, 106.955911100625, 2.16662
0 0 0 0 0, 274.715052501583, 109.365067397992, 2.16662
0 0 0 0 0, -182.425129495622, 225.819529197493, 2.16662
0 0 0 0 0, -94.6490844446997, 228.567562120897, 2.16662
0 0 0 0 0, 22.9475635778156, 236.833246138897, 2.16662
0 0 0 0 0, 104.10175031422, 227.928751576169, 2.16662
0 0 0 0 0, 182.525207387372, 222.811046002435, 2.16662
0 0 0 0 0, -14.1143187812973, 129.510310698531, 2.16662
0 0 0 0 0, -222.034059514661, -177.117040371293, 2.16662
-1 0 0 0 0, 0, 0, 3.175
