0 0 0 0 0, 39.2724640203552, 244.593863617186, 3.175
0 0 0 0 0, 0.918837041069679, 13.2895116554172, 3.175
0 0 0 0 0, -13.3461781874819, 48.1687933811055, 3.175
0 0 0 0 0, -66.812017487172, -31.6017537612775, 3.175
0 0 0 0 0, -215.030297154363, -97.2378489630936, 3.175
0 0 0 0 0, 197.594619230289, -132.449280953148, 2.16662
0 0 0 0 0, 197.62287603512, -134.990461993431, 2.16662
0 0 0 0 0, 95.5513134138625, -263.963741204848, 2.16662
0 0 0 0 0, 95.5683374394593, -266.505604945136, 2.16662
0 0 0 0 0, -120.001979639811, -268.302763968383, 2.16662
0 0 0 0 0, -119.897117311711, -270.842716922276, 2.16662
0 0 0 0 0, -227.096941732498, -132.562683850461, 2.16662
0 0 0 0 0, -227.066614666806, -135.10390970155, 2.16662
0 0 0 0 0, -201.156319292387, 128.872766065436, 2.16662
0 0 0 0 0, -201.111648281484, 131.413695142431, 2.16662
0 0 0 0 0, -94.7213614579922, 272.401575320395, 2.16662
0 0 0 0 0, -94.9102863264146, 274.93665882761, 2.16662
0 0 0 0 0, 127.948698563025, 266.318187214451, 2.16662
0 0 0 0 0, 127.884320100618, 268.859510638916, 2.16662
0 0 0 0 0, 226.659438987883, 129.516331983145, 2.16662
0 0 0 0 0, 226.691228717667, 132.057530253682, 2.16662
0 0 0 0 0, 9.41436583376932, 67.2444435220156, 2.16662
0 0 0 0 0, 10.6595398507417, 69.4598627771925, 2.16662
0 0 0 0 0, -11.738111650634, -64.8207593066043, 2.16662
0 0 0 0 0, -13.0261366908168, -67.011537858403, 2.16662
0 0 0 0 0, 93.6749418165156, -130.365229939238, 2.16662
0 0 0 0 0, 93.6606850547142, -132.906505296321, 2.16662
0 0 0 0 0, -115.377041349333, 32.9917088671564, 2.16662
0 0 0 0 0, 141.732733904428, 48.3863608562488, 2.16662
0 0 0 0 0, -62.4714851038855, -270.060308415789, 2.16662
0 0 0 0 0, 252.99821434083, -194.661693380841, 2.16662
0 0 0 0 0, 189.842123406751, -36.1694763622324, 2.16662
0 0 0 0 0, 57.4457209037061, -139.858066965728, 2.16662
0 0 0 0 0, -35.9447109753286, 297.620063137298, 2.16662
0 0 0 0 0, 4.28735403203256, -254.807955564701, 2.16662
0 0 0 0 0, -319.697196109658, 38.6390952838415, 2.16662
0 0 0 0 0, 26.8253724604361, 107.818487832754, 2.16662
0 0 0 0 0, 271.257455209463, -24.5393815455699, 2.16662
0 0 0 0 0, 244.408104183101, -92.2500293761687, 2.16662
0 0 0 0 0, 95.9495861543097, -145.541098286778, 2.16662
0 0 0 0 0, -115.096520504861, 173.706510886421, 2.16662
0 0 0 0 0, -54.3876950406405, 88.9216705396305, 2.16662
0 0 0 0 0, -184.303078179522, -159.705171470027, 2.16662
0 0 0 0 0, 108.789387943306, 213.535074178978, 2.16662
0 0 0 0 0, 236.97399724885, 160.777513749643, 2.16662
0 0 0 0 0, 102.128793533174, 164.651663195875, 2.16662
0 0 0 0 0, -217.861506915217, -10.4934252483631, 2.16662
0 0 0 0 0, 184.600856524343, -213.541704871451, 2.16662
0 0 0 0 0, 151.967712447431, -83.4398406970495, 2.16662
0 0 0 0 0, 246.616678603789, 1.17527110233023, 2.16662
0 0 0 0 0, -2.35321213333711, -172.852754594343, 2.16662
0 0 0 0 0, -288.394376418376, 63.0139134322175, 2.16662
0 0 0 0 0, -24.626762870421, -246.143155287356, 2.16662
0 0 0 0 0, 121.160012725682, 38.682252223908, 2.16662
0 0 0 0 0, -0.382789013479754, -231.057972359957, 2.16662
0 0 0 0 0, 161.574118681972, -14.1451277205553, 2.16662
0 0 0 0 0, -98.4701620416466, 228.303910091059, 2.16662
0 0 0 0 0, -58.4331053703906, 157.77525645199, 2.16662
0 0 0 0 0, 175.882356355225, 106.328014269841, 2.16662
0 0 0 0 0, -47.3422113862311, -14.138357896445, 2.16662
0 0 0 0 0, 29.0092893171612, 235.228847299005, 2.16662
0 0 0 0 0, 224.548950353364, -186.629724998363, 2.16662
0 0 0 0 0, -247.566468858382, 172.51440914838, 2.16662
0 0 0 0 0, -312.294195249353, 68.8470699101928, 2.16662
0 0 0 0 0, -104.974189108614, -211.788190427064, 2.16662
0 0 0 0 0, -280.172088384002, 59.3523823099069, 2.16662
0 0 0 0 0, -172.198777159407, 34.7636864654579, 2.16662
0 0 0 0 0, 179.980982040597, 236.383968232315, 2.16662
0 0 0 0 0, 160.857474214206, -168.460832001628, 2.16662
0 0 0 0 0, -14.6265182669202, 67.2647055021832, 2.16662
0 0 0 0 0, 172.750755051228, -170.937973763063, 2.16662
0 0 0 0 0, 131.184402080199, -39.2923874501665, 2.16662
0 0 0 0 0, 321.1416837776, 45.6527636671361, 2.16662
0 0 0 0 0, 20.8308278228949, -197.713890139556, 2.16662
0 0 0 0 0, -21.1834142467841, 93.6418291673968, 2.16662
0 0 0 0 0, -62.8535039744039, 214.283598971166, 2.16662
0 0 0 0 0, 281.33137463345, 72.5741662734993, 2.16662
0 0 0 0 0, -161.565146893443, -36.6897564241623, 2.16662
0 0 0 0 0, 109.062086332037, 248.871487516768, 2.16662
0 0 0 0 0, -79.639680614686, -115.715066524009, 2.16662
0 0 0 0 0, -204.396457271908, 190.307677636671, 2.16662
0 0 0 0 0, -6.8884918888923, 83.5402127458249, 2.16662
0 0 0 0 0, -99.1317727248183, -272.768669079202, 2.16662
0 0 0 0 0, -186.753363827525, -222.917003203036, 2.16662
0 0 0 0 0, 164.970171258453, 119.032982732493, 2.16662
0 0 0 0 0, 112.033394203071, 183.57133808227, 2.16662
0 0 0 0 0, 212.574159697209, 104.505521979271, 2.16662
0 0 0 0 0, 24.196329664821, 233.754879687566, 2.16662
0 0 0 0 0, 8.57727071832422, 31.0153804241353, 2.16662
0 0 0 0 0, -204.435318242103, -135.903371962994, 2.16662
0 0 0 0 0, 273.475817629313, 99.7645249498213, 2.16662
0 0 0 0 0, -6.25060934742433, 170.861447592973, 2.16662
0 0 0 0 0, -112.983122663233, -186.578596810403, 2.16662
0 0 0 0 0, 271.134621878887, -18.1434241418885, 2.16662
0 0 0 0 0, 152.536276095466, 224.152915264149, 2.16662
0 0 0 0 0, -187.855120250603, -120.038365997141, 2.16662
0 0 0 0 0, -51.1422521827287, -76.0303659390353, 2.16662
0 0 0 0 0, -180.699635896004, 113.446938150389, 2.16662
0 0 0 0 0, 97.725708648508, -205.245303831987, 2.16662
0 0 0 0 0, -71.6974624018529, 145.261625816686, 2.16662
0 0 0 0 0, 123.681452931305, 125.631634521654, 2.16662
0 0 0 0 0, 162.042341108632, 230.716916878896, 2.16662
0 0 0 0 0, 133.367005185798, -144.202184346224, 2.16662
0 0 0 0 0, -153.813198131546, 106.520215911202, 2.16662
0 0 0 0 0, -66.0850035877289, -82.8145832166936, 2.16662
0 0 0 0 0, 15.9225393170328, -217.954189620146, 2.16662
0 0 0 0 0, -271.300094100002, 66.7311675833225, 2.16662
0 0 0 0 0, 34.6702596302359, 268.095057087544, 2.16662
0 0 0 0 0, 44.3579868783924, -184.578863860087, 2.16662
0 0 0 0 0, -80.1779344338943, 6.70424931933161, 2.16662
0 0 0 0 0, 186.94896815838, 198.878479881168, 2.16662
0 0 0 0 0, -91.4837700010683, -52.8367619200809, 2.16662
0 0 0 0 0, -14.3045826522756, -101.999621553984, 2.16662
0 0 0 0 0, -249.834394056892, -171.51715567926, 2.16662
0 0 0 0 0, 79.3258510861606, -77.220476895228, 2.16662
0 0 0 0 0, -22.4313631939987, 102.895086067687, 2.16662
0 0 0 0 0, -120.405151604637, -234.488568435241, 2.16662
0 0 0 0 0, -32.7583247905164, 322.192461519163, 2.16662
0 0 0 0 0, -207.681611915872, 7.26226039264706, 2.16662
0 0 0 0 0, 1.51700742574742, -209.094531087351, 2.16662
0 0 0 0 0, -147.925162229979, -42.6634196815439, 2.16662
0 0 0 0 0, -279.433343119502, -55.3974791570066, 2.16662
0 0 0 0 0, 219.651207609971, -207.405046570532, 2.16662
0 0 0 0 0, -36.6748616096143, 5.73640013187546, 2.16662
0 0 0 0 0, 106.617788225908, 234.02500597254, 2.16662
0 0 0 0 0, 251.716380145657, 10.0050806159085, 2.16662
0 0 0 0 0, 211.312254078305, -138.341454065855, 2.16662
0 0 0 0 0, -285.523392835453, 27.6884135740078, 2.16662
0 0 0 0 0, 3.55554334629727e-13, -244.412207191924, 2.16662
0 0 0 0 0, -116.556304067082, 139.21102226641, 2.16662
0 0 0 0 0, 202.27384645823, -188.875718951309, 2.16662
0 0 0 0 0, -16.2666156076221, -170.998247374239, 2.16662
0 0 0 0 0, 18.8744988642789, -119.206558225597, 2.16662
0 0 0 0 0, -80.3205528208951, -271.526008275075, 2.16662
0 0 0 0 0, -239.267576752895, -171.218423235056, 2.16662
0 0 0 0 0, 128.849240318795, -181.559657401013, 2.16662
0 0 0 0 0, -19.5256794391089, 231.210514110535, 2.16662
0 0 0 0 0, -251.061248092842, -167.125267952006, 2.16662
0 0 0 0 0, 229.586101372098, -37.0345986367333, 2.16662
0 0 0 0 0, 16.8294400959807, -21.7513823522628, 2.16662
0 0 0 0 0, -103.919902271562, -159.974381128944, 2.16662
0 0 0 0 0, 114.927476258082, -286.117880403085, 2.16662
0 0 0 0 0, -159.76665122811, -166.68368948749, 2.16662
0 0 0 0 0, -191.003412537213, 232.725741124705, 2.16662
0 0 0 0 0, -114.452334578881, -245.983921165658, 2.16662
0 0 0 0 0, 250.888827276021, -151.72003884938, 2.16662
0 0 0 0 0, 68.281542059037, -247.621930460036, 2.16662
0 0 0 0 0, -103.726589471132, 277.565492644401, 2.16662
0 0 0 0 0, -158.66990715608, 37.0262136275044, 2.16662
0 0 0 0 0, 75.2937181714246, 250.403824149654, 2.16662
0 0 0 0 0, 151.669598014113, 239.860573157506, 2.16662
0 0 0 0 0, -70.4849733510865, -263.459172483992, 2.16662
0 0 0 0 0, 307.006972656564, 78.2776522112444, 2.16662
0 0 0 0 0, 21.7622911879149, -262.556944039198, 2.16662
0 0 0 0 0, -73.2097931944442, -150.350818277177, 2.16662
0 0 0 0 0, 267.078337802102, 162.586983446523, 2.16662
0 0 0 0 0, -62.4427765150994, -128.864729258797, 2.16662
0 0 0 0 0, 55.382981002289, 148.999201585783, 2.16662
0 0 0 0 0, -156.537659101717, 226.295543734301, 2.16662
0 0 0 0 0, -123.23336087678, 93.4267892263043, 2.16662
0 0 0 0 0, -35.4887152302047, -131.76210197828, 2.16662
0 0 0 0 0, 122.625293104542, 144.281882719846, 2.16662
0 0 0 0 0, 310.796802145583, -31.0864730796716, 2.16662
0 0 0 0 0, -43.5216871468799, -228.303207085526, 2.16662
0 0 0 0 0, -71.0972004710041, 233.244550237101, 2.16662
0 0 0 0 0, 212.987887584114, -95.1230767605895, 2.16662
0 0 0 0 0, -38.0313553676794, 187.165860079742, 2.16662
0 0 0 0 0, 85.0130520664715, 18.2156375020166, 2.16662
0 0 0 0 0, -72.6837571639596, 282.214519215252, 2.16662
0 0 0 0 0, -142.860658373127, 134.736054903681, 2.16662
0 0 0 0 0, -31.8489616969383, 94.7508606420293, 2.16662
0 0 0 0 0, -232.26591727909, -85.2064588816184, 2.16662
0 0 0 0 0, 219.694048349919, 63.0482480131089, 2.16662
0 0 0 0 0, 145.050338354654, 255.938821890316, 2.16662
0 0 0 0 0, 261.130870678753, 127.777423870231, 2.16662
0 0 0 0 0, -237.042502541171, -115.211356988217, 2.16662
0 0 0 0 0, 272.695282984693, 8.01407128010526, 2.16662
0 0 0 0 0, -29.9020387892442, 248.212257480955, 2.16662
0 0 0 0 0, 70.3275415874476, 210.326302513917, 2.16662
0 0 0 0 0, -270.387520022467, 83.3506505963779, 2.16662
0 0 0 0 0, 265.032803991256, 17.2233423478733, 2.16662
0 0 0 0 0, -251.506119742549, 96.761102449923, 2.16662
0 0 0 0 0, 59.1459740815993, 273.018001978559, 2.16662
0 0 0 0 0, -80.301947765864, -104.002970390673, 2.16662
0 0 0 0 0, 20.6023006014137, -89.2494481148459, 2.16662
0 0 0 0 0, 250.672090010494, -19.3448796538342, 2.16662
0 0 0 0 0, -93.3352923666649, 249.717765768335, 2.16662
0 0 0 0 0, 279.938470782803, -151.163418077631, 2.16662
0 0 0 0 0, -194.73683532148, 191.552321325837, 2.16662
0 0 0 0 0, -130.084516868615, -130.378134748812, 2.16662
0 0 0 0 0, -120.342915036694, -108.22083046609, 2.16662
0 0 0 0 0, 222.229369332505, -74.6079425465902, 2.16662
0 0 0 0 0, 34.7499141683925, 151.191614199381, 2.16662
0 0 0 0 0, -182.184356730021, 226.880320337809, 2.16662
0 0 0 0 0, -264.463725451878, -50.1461074171163, 2.16662
0 0 0 0 0, 256.223328005184, 31.763074205468, 2.16662
0 0 0 0 0, -44.8072553115119, -222.414006962118, 2.16662
0 0 0 0 0, 75.6095341047242, -8.80936142836557, 2.16662
0 0 0 0 0, 11.3189881991257, 132.855942888418, 2.16662
0 0 0 0 0, 117.700942994602, -131.302609188153, 2.16662
0 0 0 0 0, 39.0995656654381, 129.319258064613, 2.16662
0 0 0 0 0, -139.271588565505, 74.4669932223822, 2.16662
0 0 0 0 0, -104.372337949837, -270.767641659593, 2.16662
0 0 0 0 0, 13.9683314215067, 309.507930312478, 2.16662
0 0 0 0 0, 130.084322700692, 12.9791718579279, 2.16662
0 0 0 0 0, -8.39773208128221, 112.233557931476, 2.16662
0 0 0 0 0, -315.138944760013, 31.8408571018843, 2.16662
0 0 0 0 0, -22.5379614245096, 99.3472749874545, 2.16662
0 0 0 0 0, 285.35361852319, -100.840874965066, 2.16662
0 0 0 0 0, -247.887311825928, -192.317627287048, 2.16662
0 0 0 0 0, -204.244317668948, -117.963568898725, 2.16662
0 0 0 0 0, -59.5274305558736, -84.7468451367764, 2.16662
0 0 0 0 0, 101.7118692055, 84.4101281513213, 2.16662
0 0 0 0 0, -77.2555086675124, -126.235943449457, 2.16662
0 0 0 0 0, 114.884375976571, -51.6994349076924, 2.16662
0 0 0 0 0, -309.960210925866, 64.8961232204776, 2.16662
0 0 0 0 0, 250.087298042845, -120.094006456978, 2.16662
0 0 0 0 0, 26.5117983618697, -185.114274636859, 2.16662
0 0 0 0 0, -81.8277555737608, -87.9071165417593, 2.16662
0 0 0 0 0, -35.0151474213979, -145.994296479644, 2.16662
0 0 0 0 0, -56.3645106514432, -194.994339635328, 2.16662
0 0 0 0 0, -28.9453564980525, 193.430315722572, 2.16662
0 0 0 0 0, -119.238942042162, -201.767066977124, 2.16662
0 0 0 0 0, 82.8087445475888, -91.1253528524976, 2.16662
0 0 0 0 0, 124.106028517706, -90.3842095269351, 2.16662
0 0 0 0 0, 169.887535854236, -203.313083551576, 2.16662
0 0 0 0 0, 155.547795372623, -254.230243198922, 2.16662
0 0 0 0 0, 269.0022418007, -70.7296778449047, 2.16662
0 0 0 0 0, 10.4198304646421, -182.332733429854, 2.16662
0 0 0 0 0, 59.1824017443549, -110.646347484028, 2.16662
0 0 0 0 0, 63.2066947798135, 174.941967072174, 2.16662
0 0 0 0 0, -220.329442275458, 175.483678919663, 2.16662
0 0 0 0 0, -19.4142322172712, -198.65060375314, 2.16662
0 0 0 0 0, -46.5566411553363, -26.6181031212078, 2.16662
0 0 0 0 0, -90.1405357511454, -1.0586456296866, 2.16662
0 0 0 0 0, -258.048002285937, -96.9578904367299, 2.16662
0 0 0 0 0, 36.5233590701026, 32.7416005321966, 2.16662
0 0 0 0 0, 64.8966044175285, 11.9054130830666, 2.16662
0 0 0 0 0, -81.5572190830408, 152.912156942292, 2.16662
0 0 0 0 0, -263.607747277593, 20.6194610768615, 2.16662
0 0 0 0 0, -264.65707041795, -145.330831305614, 2.16662
0 0 0 0 0, 144.370649708171, 195.431749151307, 2.16662
0 0 0 0 0, -106.16865344538, 241.714274891587, 2.16662
0 0 0 0 0, -149.989016335159, -30.5412891977925, 2.16662
0 0 0 0 0, -214.467292433454, 5.82708673516085, 2.16662
0 0 0 0 0, -13.6834337361181, -177.789135489827, 2.16662
0 0 0 0 0, -6.19995885945853, -119.969825247741, 2.16662
0 0 0 0 0, -284.678260782148, -67.7411849071309, 2.16662
0 0 0 0 0, 182.23069732199, -176.347767030622, 2.16662
0 0 0 0 0, 60.7740840468102, -257.845952370931, 2.16662
0 0 0 0 0, -208.668351764118, 86.8348516899863, 2.16662
0 0 0 0 0, -295.15171476708, -80.2917218957664, 2.16662
0 0 0 0 0, -122.701620423943, 225.959612385311, 2.16662
0 0 0 0 0, -157.525489064998, -140.761788433923, 2.16662
0 0 0 0 0, 55.5036450130271, 186.947258328822, 2.16662
0 0 0 0 0, 66.1411266816558, 156.140734462053, 2.16662
0 0 0 0 0, -212.272106324758, 233.842273221491, 2.16662
0 0 0 0 0, 43.9925093255336, -31.0112561216095, 2.16662
0 0 0 0 0, 77.3028760308757, 203.006532451286, 2.16662
0 0 0 0 0, -314.396295942985, 78.7624421390715, 2.16662
0 0 0 0 0, 192.28895721916, 187.058241409952, 2.16662
0 0 0 0 0, 2.56842646248025, 238.386927256485, 2.16662
0 0 0 0 0, -159.734424101922, 252.617740467382, 2.16662
0 0 0 0 0, 282.324163296227, -8.21456972914982, 2.16662
0 0 0 0 0, 242.57623701794, 16.1257287451131, 2.16662
0 0 0 0 0, 253.557146832061, 134.142128671092, 2.16662
0 0 0 0 0, 134.049445250076, 288.205742460625, 2.16662
0 0 0 0 0, 237.319863306323, -74.4074946067924, 2.16662
0 0 0 0 0, -10.1369548581118, -269.102587283983, 2.16662
0 0 0 0 0, 284.980427555306, 15.6840422085562, 2.16662
0 0 0 0 0, 138.0254767932, -151.486780505456, 2.16662
0 0 0 0 0, -111.622205239122, 60.7144523516464, 2.16662
0 0 0 0 0, 135.020573334133, -147.678641403439, 2.16662
0 0 0 0 0, 124.489896946425, 92.2031146953884, 2.16662
0 0 0 0 0, 217.998830047038, 214.492322020994, 2.16662
0 0 0 0 0, -99.0078715217006, -138.642615420119, 2.16662
0 0 0 0 0, -93.897751077988, 128.523577798824, 2.16662
0 0 0 0 0, -68.6621692697605, -96.8118882309225, 2.16662
0 0 0 0 0, -192.354347514568, -45.5796982780347, 2.16662
0 0 0 0 0, -257.992912660965, -78.4386741207445, 2.16662
0 0 0 0 0, -238.768506862024, -158.485884348391, 2.16662
0 0 0 0 0, -86.733399250998, 46.4802295710447, 2.16662
0 0 0 0 0, -51.2223908410998, 302.844464758744, 2.16662
0 0 0 0 0, -66.2328387269472, 153.902708709868, 2.16662
0 0 0 0 0, -158.490105613125, -157.645339122724, 2.16662
0 0 0 0 0, 269.084061224833, 17.5168455507285, 2.16662
0 0 0 0 0, -173.964616802674, 75.9816026613214, 2.16662
0 0 0 0 0, -212.094673252502, -139.531414282189, 2.16662
0 0 0 0 0, -180.44797047551, 213.426177241876, 2.16662
0 0 0 0 0, 103.917150964754, 122.453821834664, 2.16662
0 0 0 0 0, 189.237849213914, 2.14446778298178, 2.16662
0 0 0 0 0, 50.6325420260022, 188.714539421554, 2.16662
0 0 0 0 0, 185.020298499348, 222.493554189414, 2.16662
0 0 0 0 0, -92.4353025388908, 260.881055948702, 2.16662
0 0 0 0 0, -176.112743786002, 270.872231988074, 2.16662
0 0 0 0 0, 182.814084791965, 96.891667541849, 2.16662
0 0 0 0 0, 143.699898721713, 36.3783054633823, 2.16662
0 0 0 0 0, 213.423916774877, -106.637130438853, 2.16662
0 0 0 0 0, 34.0815506377395, 51.5288285893156, 2.16662
0 0 0 0 0, -52.0541262523057, -27.4280795550389, 2.16662
0 0 0 0 0, 191.506372159162, -200.873728400843, 2.16662
0 0 0 0 0, -227.140263627309, -149.345246682928, 2.16662
0 0 0 0 0, 88.3566354063058, -249.030287999203, 2.16662
0 0 0 0 0, -86.2209622056684, -181.376962617791, 2.16662
0 0 0 0 0, -68.6832266117902, -101.460068373026, 2.16662
0 0 0 0 0, 171.959287085639, -240.504209932021, 2.16662
0 0 0 0 0, 41.4874239763847, -253.95352116953, 2.16662
0 0 0 0 0, -131.4843874975, -155.418608409159, 2.16662
0 0 0 0 0, -224.402136109721, 173.090297562589, 2.16662
0 0 0 0 0, -135.160323936, 75.9916021462646, 2.16662
0 0 0 0 0, -314.647469985747, -38.2316446146221, 2.16662
0 0 0 0 0, 284.286140556344, 115.418246226979, 2.16662
0 0 0 0 0, -247.659994345408, 139.231341286668, 2.16662
0 0 0 0 0, 277.62407128771, 28.6344718746374, 2.16662
0 0 0 0 0, 77.0698509565872, -37.6665902455802, 2.16662
0 0 0 0 0, -97.7591463475816, -88.5686873148299, 2.16662
0 0 0 0 0, 140.519170304357, -13.183885666557, 2.16662
0 0 0 0 0, -120.872353654265, -247.953614193779, 2.16662
0 0 0 0 0, -73.3914908504595, -156.637627787052, 2.16662
0 0 0 0 0, -91.6950661881288, -16.2398440163682, 2.16662
0 0 0 0 0, -277.729547120635, 92.5084512282502, 2.16662
0 0 0 0 0, -35.4336846579187, -169.392155836305, 2.16662
0 0 0 0 0, -187.390795249397, -16.5265720080896, 2.16662
0 0 0 0 0, 199.091246416188, 170.014378038501, 2.16662
0 0 0 0 0, 85.536343830211, -107.403027662595, 2.16662
0 0 0 0 0, 106.756214047602, -265.961633944564, 2.16662
0 0 0 0 0, -139.326788835148, 187.747910167913, 2.16662
0 0 0 0 0, -74.1185977987245, 89.5949050295036, 2.16662
0 0 0 0 0, -49.7161159199403, -255.251827490576, 2.16662
0 0 0 0 0, -215.191549768076, -109.615105351653, 2.16662
0 0 0 0 0, 199.204705532071, 24.9077505504878, 2.16662
0 0 0 0 0, 43.0199604753765, -215.472805573515, 2.16662
0 0 0 0 0, 171.026160683675, -108.434420485725, 2.16662
0 0 0 0 0, 84.6562002708975, 118.329251973463, 2.16662
0 0 0 0 0, -83.7694740425988, 76.6899380594011, 2.16662
0 0 0 0 0, -136.790849295746, -241.602228019078, 2.16662
0 0 0 0 0, -158.267043719883, -84.0585444925588, 2.16662
0 0 0 0 0, -150.399067717201, 110.914769027867, 2.16662
0 0 0 0 0, -132.50787660937, -236.510159652036, 2.16662
0 0 0 0 0, -133.984915159562, -42.4609278805813, 2.16662
0 0 0 0 0, 36.0121212949342, -71.9707058256208, 2.16662
0 0 0 0 0, -4.55083946787625, 91.0676216854592, 2.16662
0 0 0 0 0, 39.5374923723275, 176.870224200483, 2.16662
0 0 0 0 0, 113.210309014677, -199.320078418491, 2.16662
0 0 0 0 0, -63.4595172100675, 232.740116141943, 2.16662
0 0 0 0 0, 159.810636854763, 54.0590468816684, 2.16662
0 0 0 0 0, 34.095509519666, 128.411430025874, 2.16662
0 0 0 0 0, -135.234917774199, -206.231882659543, 2.16662
0 0 0 0 0, 306.968388825313, -31.377357805459, 2.16662
0 0 0 0 0, -26.0424047133687, -108.91346178508, 2.16662
0 0 0 0 0, 122.663026490389, -184.524076986389, 2.16662
0 0 0 0 0, -82.1855551855221, -154.445945495002, 2.16662
0 0 0 0 0, -157.812228268544, 30.94423144129, 2.16662
0 0 0 0 0, 107.20343704046, 238.584283852479, 2.16662
0 0 0 0 0, 108.854835326338, -283.232504324154, 2.16662
0 0 0 0 0, -146.831367428621, 267.696875541071, 2.16662
0 0 0 0 0, 100.221431933729, -217.746813819003, 2.16662
0 0 0 0 0, 73.6910639543466, -184.600542766508, 2.16662
0 0 0 0 0, 37.0170211969681, -202.691198798445, 2.16662
0 0 0 0 0, 87.8863804774985, -242.045949807728, 2.16662
0 0 0 0 0, -166.146717593986, 151.925415536728, 2.16662
0 0 0 0 0, -193.953538965889, -50.7695196556948, 2.16662
0 0 0 0 0, -131.678145193323, 155.29168451773, 2.16662
0 0 0 0 0, 147.35780708324, -253.207163444133, 2.16662
0 0 0 0 0, 278.943764099442, -146.833798591578, 2.16662
0 0 0 0 0, 159.186859361061, -233.861189127448, 2.16662
0 0 0 0 0, 35.4015203782701, 169.767829178587, 2.16662
0 0 0 0 0, 219.655319064494, -227.694591427537, 2.16662
0 0 0 0 0, 133.022493686738, -192.061968448244, 2.16662
0 0 0 0 0, -132.629563538389, -80.8262934245031, 2.16662
0 0 0 0 0, -160.298377987748, -137.895944700959, 2.16662
0 0 0 0 0, 65.1061453221671, -141.513385476252, 2.16662
0 0 0 0 0, 118.113272606583, 260.952628966803, 2.16662
0 0 0 0 0, -210.248260308404, -5.82387905567448, 2.16662
0 0 0 0 0, 17.2081623170791, 224.931676117972, 2.16662
0 0 0 0 0, 190.381294170402, 84.1675723398371, 2.16662
0 0 0 0 0, 224.692370606974, 22.4143523387931, 2.16662
0 0 0 0 0, 96.0897580026091, 26.729192461625, 2.16662
0 0 0 0 0, 3.19288133887228, -144.941381856893, 2.16662
0 0 0 0 0, 239.343810263352, -12.5302457008159, 2.16662
0 0 0 0 0, 293.795951613774, -130.893504713642, 2.16662
0 0 0 0 0, 151.327751476124, 76.0666952860662, 2.16662
0 0 0 0 0, 237.558337681748, 40.4584296278398, 2.16662
0 0 0 0 0, 168.283162472043, -34.7623186942609, 2.16662
0 0 0 0 0, 154.109352902582, -1.32077884555604, 2.16662
0 0 0 0 0, -148.497843499839, -72.4551475797214, 2.16662
0 0 0 0 0, -98.7789969325427, -37.3410544059172, 2.16662
0 0 0 0 0, -103.620222318497, 247.973185930162, 2.16662
0 0 0 0 0, 35.6520553975748, -8.0251975440002, 2.16662
0 0 0 0 0, -217.457385935123, -44.7214029599302, 2.16662
0 0 0 0 0, -121.716403710767, 57.1344952488555, 2.16662
0 0 0 0 0, -102.053196303433, -281.157027624885, 2.16662
0 0 0 0 0, 124.949216341924, 78.5105396750764, 2.16662
0 0 0 0 0, 220.589059931552, 88.0250262174329, 2.16662
0 0 0 0 0, -18.4195793734438, 83.1953797294408, 2.16662
0 0 0 0 0, 116.929671079926, 244.750998643007, 2.16662
0 0 0 0 0, -214.027078213303, 148.923484648031, 2.16662
0 0 0 0 0, 170.324301205832, -196.752593116543, 2.16662
0 0 0 0 0, -198.168264869484, -175.359692621647, 2.16662
0 0 0 0 0, -152.546817944261, -107.049570947526, 2.16662
0 0 0 0 0, 43.0019769724925, 49.4016169184736, 2.16662
0 0 0 0 0, -12.6208145860089, 280.730896051719, 2.16662
0 0 0 0 0, -216.971623984783, -6.06183900993127, 2.16662
0 0 0 0 0, -304.635015600474, -107.686942604627, 2.16662
0 0 0 0 0, -275.414111308878, -113.852368497365, 2.16662
0 0 0 0 0, -93.0387208218318, 77.7500399394637, 2.16662
0 0 0 0 0, -97.6763204425076, 206.693308787167, 2.16662
0 0 0 0 0, 222.62521612587, 84.2048608090526, 2.16662
0 0 0 0 0, 204.677908193955, -118.755948221381, 2.16662
0 0 0 0 0, 278.682544678377, 107.996004763315, 2.16662
0 0 0 0 0, 241.405797753008, 170.558318235271, 2.16662
0 0 0 0 0, 228.740035040071, 147.537490538482, 2.16662
0 0 0 0 0, -119.40901921879, 67.4651664981803, 2.16662
0 0 0 0 0, -172.663718746608, -152.981124950681, 2.16662
0 0 0 0 0, 91.3702821101157, 102.434684295598, 2.16662
0 0 0 0 0, 220.079466083157, -161.040595827917, 2.16662
0 0 0 0 0, 289.351859530089, 50.966568309064, 2.16662
0 0 0 0 0, 249.946574506333, 144.676582138243, 2.16662
0 0 0 0 0, -61.0811340305225, -106.057322841844, 2.16662
0 0 0 0 0, 245.9879265634, -106.524724486102, 2.16662
0 0 0 0 0, -5.38396339119258, 278.738086462352, 2.16662
0 0 0 0 0, -94.0333372296534, -280.091459821132, 2.16662
0 0 0 0 0, 260.85128138281, 117.751490766155, 2.16662
0 0 0 0 0, 228.781187784599, 0.780752182327743, 2.16662
0 0 0 0 0, 278.119143991461, 41.8712197303371, 2.16662
0 0 0 0 0, 203.113833024925, -238.190103085376, 2.16662
0 0 0 0 0, -266.509449929404, 112.071428957662, 2.16662
0 0 0 0 0, -286.390389471844, -38.576351739103, 2.16662
0 0 0 0 0, 156.828681635165, 68.4961411650075, 2.16662
0 0 0 0 0, 7.29104559497041, -123.479602127284, 2.16662
0 0 0 0 0, -113.499419041397, 6.49921843835279, 2.16662
0 0 0 0 0, 131.671458438516, 87.197145946718, 2.16662
0 0 0 0 0, 137.270258463224, -281.277447684481, 2.16662
0 0 0 0 0, -111.447684447545, 165.059357425814, 2.16662
0 0 0 0 0, 272.375672763389, 63.5560595608345, 2.16662
0 0 0 0 0, -64.4574576412915, 273.575344389888, 2.16662
0 0 0 0 0, -163.8955182906, -30.9332970187358, 2.16662
0 0 0 0 0, -294.234574913244, -124.852349395918, 2.16662
0 0 0 0 0, -236.455154536769, -189.425152281659, 2.16662
0 0 0 0 0, 117.4896584343, -67.9341814646186, 2.16662
0 0 0 0 0, -117.203164552788, -140.280246375794, 2.16662
0 0 0 0 0, 256.577939494829, 107.363344753896, 2.16662
0 0 0 0 0, 179.926181601504, -51.2463645867298, 2.16662
0 0 0 0 0, -109.213389915793, -157.199974770726, 2.16662
0 0 0 0 0, 247.758659430245, 190.262010413261, 2.16662
0 0 0 0 0, 132.739004032417, 295.574297505919, 2.16662
0 0 0 0 0, -120.373164926081, -151.514234036153, 2.16662
0 0 0 0 0, -128.473965405639, -279.822387894532, 2.16662
0 0 0 0 0, -202.072171411616, -225.929477028156, 2.16662
0 0 0 0 0, 22.4407016735458, 72.5296324097031, 2.16662
0 0 0 0 0, -69.71251528292, -123.519222375902, 2.16662
0 0 0 0 0, -50.28282725948, 103.755843358212, 2.16662
0 0 0 0 0, 247.752174795897, 139.679519864775, 2.16662
0 0 0 0 0, 141.077368703325, -37.4402584027303, 2.16662
0 0 0 0 0, -181.673982905702, -20.684230793573, 2.16662
0 0 0 0 0, -149.250621342961, -241.030068074687, 2.16662
0 0 0 0 0, -62.4726807985075, 8.83992245722104, 2.16662
0 0 0 0 0, -105.980686136079, -116.85395670328, 2.16662
0 0 0 0 0, -139.912742964661, -137.644390088639, 2.16662
0 0 0 0 0, -192.373988760159, -199.868329226598, 2.16662
0 0 0 0 0, -184.835161647654, 175.009019810061, 2.16662
0 0 0 0 0, 208.00521981707, 82.6911919804223, 2.16662
0 0 0 0 0, -152.300524776916, 124.243928800455, 2.16662
0 0 0 0 0, 322.016798706817, -26.8298048199699, 2.16662
0 0 0 0 0, 232.699677754589, -47.398999018636, 2.16662
0 0 0 0 0, -177.26383608363, -185.456608501486, 2.16662
0 0 0 0 0, 136.662707495025, 101.413600765826, 2.16662
0 0 0 0 0, -118.475501139962, -256.208858801548, 2.16662
0 0 0 0 0, 268.483657178709, 107.139086336228, 2.16662
0 0 0 0 0, 64.414813184697, -263.895918856116, 2.16662
0 0 0 0 0, -34.193771261069, 284.846859736489, 2.16662
0 0 0 0 0, 213.909439799924, -126.716361118458, 2.16662
0 0 0 0 0, 260.27127940985, -82.5667392085937, 2.16662
0 0 0 0 0, 188.053031433867, 241.718573265366, 2.16662
0 0 0 0 0, 14.2518111785148, 268.280189560019, 2.16662
0 0 0 0 0, 167.749252737301, 40.3201386022232, 2.16662
0 0 0 0 0, 3.15004754279432, 183.309819413655, 2.16662
0 0 0 0 0, 118.821503229761, 284.164471948388, 2.16662
0 0 0 0 0, -272.356446396825, 61.7970535002762, 2.16662
0 0 0 0 0, 121.562922132594, -158.712090552239, 2.16662
0 0 0 0 0, -74.6715412886782, 223.774633287817, 2.16662
0 0 0 0 0, -274.90800433738, 22.7993855291189, 2.16662
0 0 0 0 0, -265.339368504147, -4.14121635129866, 2.16662
0 0 0 0 0, -274.472983389843, -156.58372632365, 2.16662
0 0 0 0 0, -204.121118568368, -81.4028745244319, 2.16662
0 0 0 0 0, 48.5131270951392, -219.010796755278, 2.16662
0 0 0 0 0, 277.806005792373, 87.7726130352197, 2.16662
0 0 0 0 0, 16.7887885840825, 56.5018363544058, 2.16662
0 0 0 0 0, -19.7579824030388, -115.510130981533, 2.16662
0 0 0 0 0, -170.122487005473, 73.5967740982479, 2.16662
0 0 0 0 0, -268.874193815581, -24.6333225030846, 2.16662
0 0 0 0 0, -223.600838945001, -24.6587877453043, 2.16662
0 0 0 0 0, 64.2158341912658, 313.897326967002, 2.16662
0 0 0 0 0, 54.4760458065427, -94.769860357019, 2.16662
0 0 0 0 0, -128.780489810793, 27.4467124486132, 2.16662
0 0 0 0 0, -130.667173287538, -144.929689088533, 2.16662
0 0 0 0 0, -168.78582851686, 262.979256554247, 2.16662
0 0 0 0 0, 135.879333343446, 70.9580630622835, 2.16662
0 0 0 0 0, -170.103050831973, -254.182563445792, 2.16662
0 0 0 0 0, 151.851179737809, 41.3266464395036, 2.16662
0 0 0 0 0, 148.586236826121, -44.2866892356298, 2.16662
0 0 0 0 0, -206.135484369291, 157.082193665089, 2.16662
0 0 0 0 0, -33.3067666731628, 126.073876586139, 2.16662
0 0 0 0 0, 98.838786485763, -173.131965278887, 2.16662
0 0 0 0 0, -186.463727660434, 155.017250474336, 2.16662
0 0 0 0 0, 70.8617153760683, 312.313040037977, 2.16662
0 0 0 0 0, -272.496821346211, 44.428881833874, 2.16662
0 0 0 0 0, -45.9078693248387, -79.2661897719444, 2.16662
0 0 0 0 0, -188.752968046222, 24.7312148393184, 2.16662
0 0 0 0 0, 147.128607244728, 169.010765845688, 2.16662
0 0 0 0 0, -138.805413949254, 83.4072145949101, 2.16662
0 0 0 0 0, -159.68384278291, -6.91471245218663, 2.16662
0 0 0 0 0, 43.9960298424241, -179.116823173198, 2.16662
0 0 0 0 0, -132.345872247508, -14.9958027779952, 2.16662
0 0 0 0 0, 121.514183877189, -4.82363485483616, 2.16662
0 0 0 0 0, 164.568785960801, 61.1563914509845, 2.16662
0 0 0 0 0, 151.621673154716, -215.037516759854, 2.16662
0 0 0 0 0, 83.3106940356845, -263.659419935085, 2.16662
0 0 0 0 0, 144.362046566491, 8.36522901078292, 2.16662
0 0 0 0 0, 275.496932573838, -92.782590942891, 2.16662
0 0 0 0 0, 87.4504872621779, -118.599390882637, 2.16662
0 0 0 0 0, 0.149498639203466, 112.069005489434, 2.16662
0 0 0 0 0, -290.64445779772, -13.798237897145, 2.16662
0 0 0 0 0, -264.814109752453, -21.0500726741514, 2.16662
0 0 0 0 0, 31.2696258364638, 73.6992772024954, 2.16662
0 0 0 0 0, 128.232662258709, 131.439247202162, 2.16662
0 0 0 0 0, -77.9502273522999, 187.82530814312, 2.16662
0 0 0 0 0, 205.504401683384, -226.828517165765, 2.16662
0 0 0 0 0, -78.6472336074599, -267.066420485311, 2.16662
0 0 0 0 0, 270.666050957126, -125.651901440082, 2.16662
0 0 0 0 0, 13.9513674455661, -2.20037866899552, 2.16662
0 0 0 0 0, 150.016009739361, 139.849166214732, 2.16662
0 0 0 0 0, -136.824516562678, 176.687311500242, 2.16662
0 0 0 0 0, -215.509280295602, 100.103536496569, 2.16662
0 0 0 0 0, 70.081709332986, 224.318311051518, 2.16662
0 0 0 0 0, 42.7058536855826, 139.027505084425, 2.16662
0 0 0 0 0, -152.689513671495, -166.456857574766, 2.16662
0 0 0 0 0, -7.83763508821196, -113.901625815308, 2.16662
0 0 0 0 0, -111.656633205338, -134.988855565146, 2.16662
0 0 0 0 0, 236.744706897994, 65.2638718565182, 2.16662
0 0 0 0 0, -229.587563945884, -7.34071138697758, 2.16662
0 0 0 0 0, -132.550468217334, 295.329995169784, 2.16662
0 0 0 0 0, -75.1393098457544, -60.2070701486804, 2.16662
0 0 0 0 0, -48.9648375738377, -143.812508457849, 2.16662
0 0 0 0 0, 45.6938931588392, -299.742576570472, 2.16662
0 0 0 0 0, 30.6904419164452, -220.15101061925, 2.16662
0 0 0 0 0, 145.366631985082, -112.392414955998, 2.16662
0 0 0 0 0, 306.609838734492, 46.7187629270617, 2.16662
0 0 0 0 0, 242.335839726859, 5.68689545078256, 2.16662
0 0 0 0 0, 93.3362804043797, -8.69413854118419, 2.16662
0 0 0 0 0, -66.973647157769, -5.22831392501137, 2.16662
0 0 0 0 0, -72.5723919542525, -185.966952920309, 2.16662
0 0 0 0 0, -265.728337755696, -176.117670957387, 2.16662
0 0 0 0 0, 200.118820376016, 87.4310307744315, 2.16662
0 0 0 0 0, 30.5506620589701, 294.168927503992, 2.16662
0 0 0 0 0, 187.909015696908, -3.33029837631296, 2.16662
0 0 0 0 0, -96.8602077647509, 88.0004623236741, 2.16662
0 0 0 0 0, -198.899581541256, -209.397183077807, 2.16662
0 0 0 0 0, 23.6828557167358, -154.121986043352, 2.16662
0 0 0 0 0, -251.063776982041, 164.174170500144, 2.16662
0 0 0 0 0, 175.902444511301, 184.874511395361, 2.16662
0 0 0 0 0, -17.1947642413094, 91.26402413008, 2.16662
0 0 0 0 0, -147.202585199394, 17.0373921018821, 2.16662
0 0 0 0 0, 4.07485261381619, 114.606430342889, 2.16662
0 0 0 0 0, 54.1965150885213, -112.787393371427, 2.16662
0 0 0 0 0, 204.892655956525, 212.550320393658, 2.16662
0 0 0 0 0, 238.093248698781, -22.675577748564, 2.16662
0 0 0 0 0, 193.660784679624, 200.958732033636, 2.16662
0 0 0 0 0, -23.8390398584765, -300.768604141182, 2.16662
0 0 0 0 0, -88.6247914712631, 11.4539485357736, 2.16662
0 0 0 0 0, -98.3149247983934, -80.6587721640822, 2.16662
0 0 0 0 0, 176.059559431317, 52.1443556263195, 2.16662
0 0 0 0 0, -183.753558257276, -78.7694657215319, 2.16662
0 0 0 0 0, 52.6385040124703, 139.344521621994, 2.16662
0 0 0 0 0, 115.840024618104, -203.931268875632, 2.16662
0 0 0 0 0, -38.4791125698139, 250.96804170505, 2.16662
0 0 0 0 0, 6.65823973886735, -272.852929126284, 2.16662
0 0 0 0 0, -117.707820566041, 2.00291754320664, 2.16662
0 0 0 0 0, 149.370039654633, -259.057785551296, 2.16662
0 0 0 0 0, -50.5350321293239, 195.084741373803, 2.16662
0 0 0 0 0, -28.3354444454563, -150.410356791316, 2.16662
0 0 0 0 0, 68.3480420251323, 86.6021220801493, 2.16662
0 0 0 0 0, 10.1628939138396, -103.422817972284, 2.16662
0 0 0 0 0, 60.4398980898717, -116.472326229008, 2.16662
0 0 0 0 0, 137.222251457733, -230.713712897145, 2.16662
0 0 0 0 0, -174.725963755402, -68.1756757607883, 2.16662
0 0 0 0 0, -317.638890621478, 10.0956803724492, 2.16662
0 0 0 0 0, 138.353886368318, 185.712922955768, 2.16662
0 0 0 0 0, -160.10604770239, 103.927566290298, 2.16662
0 0 0 0 0, 170.153692481743, -73.373730652071, 2.16662
0 0 0 0 0, -271.886378074791, -6.85168309584241, 2.16662
0 0 0 0 0, -139.240339259411, -51.3500401178018, 2.16662
0 0 0 0 0, 110.325586678793, -252.123106382437, 2.16662
0 0 0 0 0, -146.138866790952, 215.212403796153, 2.16662
0 0 0 0 0, -271.501388394421, 108.677991212388, 2.16662
0 0 0 0 0, 94.8537830425564, -16.9825637627673, 2.16662
0 0 0 0 0, -89.2408920497081, 103.283092268902, 2.16662
0 0 0 0 0, 318.524672844998, -39.7760919958084, 2.16662
0 0 0 0 0, 163.905154310907, -133.065428057093, 2.16662
0 0 0 0 0, -136.519391611073, 110.917275803399, 2.16662
0 0 0 0 0, 43.8388664977182, 100.942580037308, 2.16662
0 0 0 0 0, 267.974280683053, 69.0215998721138, 2.16662
0 0 0 0 0, -89.7021065338689, 203.184633809773, 2.16662
0 0 0 0 0, -172.17032385317, -54.7197103113086, 2.16662
0 0 0 0 0, -309.665547342588, -45.9169347329016, 2.16662
0 0 0 0 0, -69.6400594638538, -292.254173667082, 2.16662
0 0 0 0 0, -62.333620243977, -202.630622162559, 2.16662
0 0 0 0 0, 79.8506762195235, -245.473910501385, 2.16662
0 0 0 0 0, 96.9784453545538, -186.715228372294, 2.16662
0 0 0 0 0, 189.584648888764, -110.343110097371, 2.16662
0 0 0 0 0, 177.042169047025, -182.274927730501, 2.16662
0 0 0 0 0, -306.380349202429, -3.06121014164234, 2.16662
0 0 0 0 0, -227.617064694676, 114.060361311159, 2.16662
0 0 0 0 0, -26.7595384776419, 285.953432301069, 2.16662
0 0 0 0 0, -46.3252351780218, 298.192074936307, 2.16662
0 0 0 0 0, 146.384178458848, 108.790196286964, 2.16662
0 0 0 0 0, 16.7163623376765, 195.842753010552, 2.16662
0 0 0 0 0, 251.322704417302, 2.08224128158914, 2.16662
0 0 0 0 0, 222.233825830986, 221.583834304673, 2.16662
0 0 0 0 0, 21.9274566466701, -320.344679746961, 2.16662
0 0 0 0 0, 75.620255992267, -312.45362129875, 2.16662
0 0 0 0 0, -113.897143762528, -84.7536375614764, 2.16662
0 0 0 0 0, -170.590455885992, 148.886892061363, 2.16662
0 0 0 0 0, -137.344325192182, -128.602581666918, 2.16662
0 0 0 0 0, -37.2956804517508, -105.370842090117, 2.16662
0 0 0 0 0, -76.7362057444869, 144.056465436239, 2.16662
0 0 0 0 0, -140.307713344424, 163.260587851604, 2.16662
0 0 0 0 0, 28.0302547440676, 148.429847007742, 2.16662
0 0 0 0 0, 191.662326296658, 153.907849233839, 2.16662
0 0 0 0 0, 201.680608720561, 220.057789210174, 2.16662
0 0 0 0 0, 241.317654501889, 216.377878996195, 2.16662
0 0 0 0 0, 129.889098820209, 241.700074873722, 2.16662
0 0 0 0 0, 72.1137200887169, 276.241804027152, 2.16662
0 0 0 0 0, 143.665207808777, -92.5465311748838, 2.16662
0 0 0 0 0, -300.227200882956, 45.0249400592526, 2.16662
0 0 0 0 0, -136.750907618201, -223.676362008119, 2.16662
0 0 0 0 0, -78.8760877035719, -282.123102706565, 2.16662
0 0 0 0 0, 23.7152950186601, -223.596224157329, 2.16662
0 0 0 0 0, 95.3234846027234, -232.150549039753, 2.16662
0 0 0 0 0, 162.476611820561, -207.749185843596, 2.16662
0 0 0 0 0, -238.748599286293, -146.267693231444, 2.16662
0 0 0 0 0, -139.387158424974, -152.893075145106, 2.16662
0 0 0 0 0, -50.3919074320393, -117.987326911283, 2.16662
0 0 0 0 0, 57.145063556203, -129.794171460248, 2.16662
0 0 0 0 0, 215.422098130917, -139.687283852772, 2.16662
0 0 0 0 0, -270.705622576056, -66.4426821051829, 2.16662
0 0 0 0 0, -140.234694381354, -58.8368055496208, 2.16662
0 0 0 0 0, -57.4186354060225, -66.8707496121022, 2.16662
0 0 0 0 0, 123.589887579109, -37.0978705521012, 2.16662
0 0 0 0 0, 244.282577194736, -37.2753249971334, 2.16662
0 0 0 0 0, -309.169904380537, 26.2493248913098, 2.16662
0 0 0 0 0, -114.986530522074, 58.3023550316885, 2.16662
0 0 0 0 0, 53.4869410301393, 23.2833208995335, 2.16662
0 0 0 0 0, 158.60160478444, 60.5658672976983, 2.16662
0 0 0 0 0, 251.030925380677, 38.1647839151236, 2.16662
0 0 0 0 0, -214.108091640877, 129.834089975536, 2.16662
0 0 0 0 0, -112.650393478781, 118.858471200277, 2.16662
0 0 0 0 0, -9.88301727089745, 120.760341790452, 2.16662
0 0 0 0 0, 122.017728508376, 122.409655691404, 2.16662
0 0 0 0 0, 237.865539852489, 141.022408885258, 2.16662
0 0 0 0 0, -177.998265973778, 244.084225172585, 2.16662
0 0 0 0 0, -60.1881143777364, 230.967358839557, 2.16662
0 0 0 0 0, -3.76563628051483, 235.349173465043, 2.16662
0 0 0 0 0, 98.2882218095863, 245.139789429137, 2.16662
0 0 0 0 0, 176.552734247193, 214.906052757999, 2.16662
0 0 0 0 0, -22.876858434628, -117.848927239981, 2.16662
0 0 0 0 0, -93.846174598795, -1.00206387417718, 2.16662
-1 0 0 0 0, 0, 0, 3.175
