0 0 0 0 0, -4.26758714625739, 138.227855567316, 3.175
0 0 0 0 0, 133.049615374138, 7.92779717656681, 3.175
0 0 0 0 0, -207.510085493118, -11.2322870948903, 3.175
0 0 0 0 0, 236.699940875794, -80.0561356254767, 3.175
0 0 0 0 0, 195.964691309501, -132.108416638414, 2.16662
0 0 0 0 0, 195.985999729137, -134.649653820632, 2.16662
0 0 0 0 0, 94.6004025908845, -268.417026594943, 2.16662
0 0 0 0 0, 94.7082104622273, -270.956754776875, 2.16662
0 0 0 0 0, -121.606135488063, -273.057041942982, 2.16662
0 0 0 0 0, -121.404573799101, -275.591239399741, 2.16662
0 0 0 0 0, -229.622366534591, -136.473099719807, 2.16662
0 0 0 0 0, -229.512353112445, -139.012131336361, 2.16662
0 0 0 0 0, -198.485224534208, 132.540739874297, 2.16662
0 0 0 0 0, -198.515354793447, 135.081902875508, 2.16662
0 0 0 0 0, -84.4933321866242, 259.967777532707, 2.16662
0 0 0 0 0, -84.4288529982647, 262.508759827756, 2.16662
0 0 0 0 0, 126.804403027823, 258.712120058282, 2.16662
0 0 0 0 0, 126.895009562336, 261.252525720252, 2.16662
0 0 0 0 0, 229.494509042823, 134.687631106917, 2.16662
0 0 0 0 0, 229.420872199871, 137.227979142919, 2.16662
0 0 0 0 0, 14.3649392113018, 73.7537166454657, 2.16662
0 0 0 0 0, 15.4928042166395, 76.0311486012526, 2.16662
0 0 0 0 0, -13.571659126966, -68.292920548068, 2.16662
0 0 0 0 0, -14.7981773483925, -70.5187451593457, 2.16662
0 0 0 0 0, 87.0093384118403, -128.754745015659, 2.16662
0 0 0 0 0, 86.9622503004833, -131.295639633177, 2.16662
0 0 0 0 0, -83.227986187606, 297.521293254698, 2.16662
0 0 0 0 0, -120.468698107034, -16.9761324013592, 2.16662
0 0 0 0 0, 21.4447195832351, 173.976718067776, 2.16662
0 0 0 0 0, -4.50137609690016, -294.798507079023, 2.16662
0 0 0 0 0, -52.3780852260494, 138.54844302935, 2.16662
0 0 0 0 0, 92.3764905010403, 295.130013137506, 2.16662
0 0 0 0 0, 113.67414107212, 167.797784296106, 2.16662
0 0 0 0 0, -184.409481275223, -265.125207759588, 2.16662
0 0 0 0 0, -107.811656268583, -269.035025049921, 2.16662
0 0 0 0 0, -139.110283308396, 217.767346428088, 2.16662
0 0 0 0 0, 138.333989223465, 70.5244384349236, 2.16662
0 0 0 0 0, 114.25801327303, 176.248540423696, 2.16662
0 0 0 0 0, 47.9415535779022, 202.155606572872, 2.16662
0 0 0 0 0, 191.743919655646, 15.5650956195917, 2.16662
0 0 0 0 0, 110.479717955687, 229.866929155353, 2.16662
0 0 0 0 0, -92.4462878937761, 186.96564465832, 2.16662
0 0 0 0 0, -201.732767154326, 27.6987479500877, 2.16662
0 0 0 0 0, 255.124504557547, -93.2763939334416, 2.16662
0 0 0 0 0, 46.8465475800639, -313.623702450775, 2.16662
0 0 0 0 0, 154.087847163234, -220.02129467982, 2.16662
0 0 0 0 0, -21.7645604312665, -146.886759668025, 2.16662
0 0 0 0 0, 32.8481575869286, -248.206886611883, 2.16662
0 0 0 0 0, 141.645582023951, -272.324811303387, 2.16662
0 0 0 0 0, -63.3990341285659, 220.556361387869, 2.16662
0 0 0 0 0, -2.65552225821684, -146.127524496384, 2.16662
0 0 0 0 0, -225.89378725235, 156.135732161573, 2.16662
0 0 0 0 0, -14.377467227622, 144.759132897017, 2.16662
0 0 0 0 0, -39.562010893921, 103.337329117164, 2.16662
0 0 0 0 0, -101.704778347741, 174.213264882135, 2.16662
0 0 0 0 0, -194.832987732703, -122.011639193808, 2.16662
0 0 0 0 0, 294.776188616796, -48.6613261235012, 2.16662
0 0 0 0 0, -50.670538175317, 127.514368144203, 2.16662
0 0 0 0 0, 11.736006644749, 244.65606776067, 2.16662
0 0 0 0 0, 254.415383259889, 177.915451090876, 2.16662
0 0 0 0 0, -320.262890478263, 13.1602867695226, 2.16662
0 0 0 0 0, 91.4404097014338, -232.825805605842, 2.16662
0 0 0 0 0, 82.9711808123986, -312.62064330601, 2.16662
0 0 0 0 0, 71.9180378454853, -52.5982866816226, 2.16662
0 0 0 0 0, -55.4948537210195, -106.213012916487, 2.16662
0 0 0 0 0, 70.2845682651947, 137.13572587198, 2.16662
0 0 0 0 0, -23.9903514373578, -156.770549165258, 2.16662
0 0 0 0 0, -163.142095070415, -66.9094758580606, 2.16662
0 0 0 0 0, 125.781729828093, 277.101882102457, 2.16662
0 0 0 0 0, -35.9046680703882, 235.89218283863, 2.16662
0 0 0 0 0, -267.202028282393, -125.164152634054, 2.16662
0 0 0 0 0, -157.355947032322, 245.879251077255, 2.16662
0 0 0 0 0, -280.658017203973, 139.731932647202, 2.16662
0 0 0 0 0, 289.804607773192, 88.1801317103359, 2.16662
0 0 0 0 0, -21.9587351249089, -170.481889231233, 2.16662
0 0 0 0 0, 21.6452933456809, 95.823562137535, 2.16662
0 0 0 0 0, -10.599911686961, -184.075180184133, 2.16662
0 0 0 0 0, -239.302821103187, 156.458315966372, 2.16662
0 0 0 0 0, -95.389004445694, -29.0650241454198, 2.16662
0 0 0 0 0, 83.6126043970641, -75.3149485410712, 2.16662
0 0 0 0 0, -20.1857293247493, -263.941844967365, 2.16662
0 0 0 0 0, -235.589104408335, 90.0395198615203, 2.16662
0 0 0 0 0, 69.8066188265815, 251.676490952846, 2.16662
0 0 0 0 0, 206.834468401314, 108.781784704828, 2.16662
0 0 0 0 0, -51.3187619582881, 164.737978036864, 2.16662
0 0 0 0 0, -144.659007793291, 136.269520671783, 2.16662
0 0 0 0 0, -145.163475992308, -129.487748276345, 2.16662
0 0 0 0 0, 65.4182107725961, -36.5807437442458, 2.16662
0 0 0 0 0, -232.058943537044, -158.295460341758, 2.16662
0 0 0 0 0, 100.171248476503, -31.6376038480166, 2.16662
0 0 0 0 0, 37.2179071207287, 193.925308632246, 2.16662
0 0 0 0 0, 132.132374711699, -17.774973978808, 2.16662
0 0 0 0 0, 56.4616784823543, 26.0154062973007, 2.16662
0 0 0 0 0, -73.1610968074471, -301.061790852408, 2.16662
0 0 0 0 0, -270.411431159157, 124.852701098285, 2.16662
0 0 0 0 0, -206.077879621044, -19.2378555402967, 2.16662
0 0 0 0 0, -228.598443425386, 143.259261283795, 2.16662
0 0 0 0 0, 189.575346363409, -78.9394384748915, 2.16662
0 0 0 0 0, 43.3270056011195, 178.173492781255, 2.16662
0 0 0 0 0, -287.894003579425, 67.993350991787, 2.16662
0 0 0 0 0, -164.795724875542, -208.162507998408, 2.16662
0 0 0 0 0, -41.9721100456496, -245.34428131355, 2.16662
0 0 0 0 0, -97.1673816707262, -257.704202598842, 2.16662
0 0 0 0 0, 34.8417032550189, -160.844403378592, 2.16662
0 0 0 0 0, 311.155223495621, 5.01331908861545, 2.16662
0 0 0 0 0, -64.6000541711821, 169.047263262435, 2.16662
0 0 0 0 0, 176.11814519621, 64.6402619466037, 2.16662
0 0 0 0 0, -10.1626136477591, -262.914969116412, 2.16662
0 0 0 0 0, 40.3049011299741, -70.9532842517863, 2.16662
0 0 0 0 0, -123.449919476721, -209.690585525295, 2.16662
0 0 0 0 0, 195.985694531035, -87.6099117367874, 2.16662
0 0 0 0 0, -159.397565058681, -18.461422709653, 2.16662
0 0 0 0 0, -34.6284994795718, 76.0653198051389, 2.16662
0 0 0 0 0, 66.3128472305893, -313.787773834677, 2.16662
0 0 0 0 0, 200.062317113639, 133.816679012687, 2.16662
0 0 0 0 0, -45.1591815709552, 236.929851113606, 2.16662
0 0 0 0 0, -246.673374859719, -4.61901795555126, 2.16662
0 0 0 0 0, 3.16537618884182, 300.431310584383, 2.16662
0 0 0 0 0, 74.2447591582383, -148.186416023223, 2.16662
0 0 0 0 0, 166.545448237993, -35.8973923443761, 2.16662
0 0 0 0 0, 86.3358933568681, 301.32190884967, 2.16662
0 0 0 0 0, 19.6358823474848, -62.0292156530942, 2.16662
0 0 0 0 0, 173.741071722381, 116.361760494583, 2.16662
0 0 0 0 0, -5.47510392481828, -112.209848092705, 2.16662
0 0 0 0 0, -5.51144989307774, 162.87810091971, 2.16662
0 0 0 0 0, 101.556037329256, -22.1711906284256, 2.16662
0 0 0 0 0, -294.586501945418, 36.151425034546, 2.16662
0 0 0 0 0, 127.961112343945, 172.119388448284, 2.16662
0 0 0 0 0, 91.9468405217569, 230.819789516159, 2.16662
0 0 0 0 0, -25.6988364947353, -85.3449639701392, 2.16662
0 0 0 0 0, 56.755189291255, 34.2383672086476, 2.16662
0 0 0 0 0, -124.028486550357, -255.601664649955, 2.16662
0 0 0 0 0, 229.107302096116, 66.6794085574696, 2.16662
0 0 0 0 0, 207.470655102903, 9.99151771976484, 2.16662
0 0 0 0 0, 239.986882332071, -124.525765602752, 2.16662
0 0 0 0 0, -75.808012670369, -187.514258466464, 2.16662
0 0 0 0 0, -141.989130798861, -208.470324091041, 2.16662
0 0 0 0 0, -274.397348158565, 11.1654693906168, 2.16662
0 0 0 0 0, -190.093283161068, -166.266050489359, 2.16662
0 0 0 0 0, 130.357994081395, -32.8757209960014, 2.16662
0 0 0 0 0, 98.2932475508411, 106.007090712862, 2.16662
0 0 0 0 0, -51.6212459500621, 23.6064096188871, 2.16662
0 0 0 0 0, 28.7557527708384, -296.088231147531, 2.16662
0 0 0 0 0, 221.499095933605, 160.028811422475, 2.16662
0 0 0 0 0, -301.05108018611, 67.5140253750266, 2.16662
0 0 0 0 0, -214.279894402038, -100.976123451326, 2.16662
0 0 0 0 0, -185.023726533243, -106.37573324781, 2.16662
0 0 0 0 0, 154.682855486804, 211.230594557581, 2.16662
0 0 0 0 0, -43.761524062594, 309.091879731693, 2.16662
0 0 0 0 0, 272.290831789085, 151.493784292018, 2.16662
0 0 0 0 0, 75.0486972657642, -231.988310609999, 2.16662
0 0 0 0 0, 140.660720658946, 168.940829446609, 2.16662
0 0 0 0 0, -196.810311060869, -3.92782699942371, 2.16662
0 0 0 0 0, 30.0235890963264, -118.229831205922, 2.16662
0 0 0 0 0, -160.319132768965, -155.185541214407, 2.16662
0 0 0 0 0, -122.999562299388, 40.2882804168919, 2.16662
0 0 0 0 0, 28.1734334515449, -107.182037282192, 2.16662
0 0 0 0 0, -102.26467591887, -208.8372616398, 2.16662
0 0 0 0 0, 31.0248880476369, 30.2600536867768, 2.16662
0 0 0 0 0, 53.2986499130754, -145.577179450017, 2.16662
0 0 0 0 0, 21.075801944148, -155.561218072544, 2.16662
0 0 0 0 0, 304.96373582938, 35.7150114941778, 2.16662
0 0 0 0 0, 113.897459412223, 30.5501138935002, 2.16662
0 0 0 0 0, -146.453272817153, 82.5585095894538, 2.16662
0 0 0 0 0, 95.40397098587, 21.0908718783602, 2.16662
0 0 0 0 0, 25.8848173398511, -89.7411821451842, 2.16662
0 0 0 0 0, -2.24416614286188, 323.900608861969, 2.16662
0 0 0 0 0, 29.5137570064795, 81.4102157931734, 2.16662
0 0 0 0 0, -61.4762999517665, -82.3837986985334, 2.16662
0 0 0 0 0, -125.572745549093, -262.976431917207, 2.16662
0 0 0 0 0, -218.106030978482, -235.522472707201, 2.16662
0 0 0 0 0, -309.328575845727, -22.8144451830061, 2.16662
0 0 0 0 0, 246.782901859541, -126.650329361022, 2.16662
0 0 0 0 0, -277.539476606449, -46.2784413364863, 2.16662
0 0 0 0 0, -150.717460871637, -269.365141363396, 2.16662
0 0 0 0 0, -69.8543079279821, 147.376269903606, 2.16662
0 0 0 0 0, 124.685608924163, 124.751241959721, 2.16662
0 0 0 0 0, -288.705700755076, -57.7076159527681, 2.16662
0 0 0 0 0, -219.779948041539, 155.757661559509, 2.16662
0 0 0 0 0, 224.162294043873, 116.112953302161, 2.16662
0 0 0 0 0, 122.31807195703, 133.08833520791, 2.16662
0 0 0 0 0, 132.02691187054, 275.298854282222, 2.16662
0 0 0 0 0, -121.766042307769, 246.201702550439, 2.16662
0 0 0 0 0, -19.9044185368889, -277.305613735097, 2.16662
0 0 0 0 0, 293.343844152268, 105.909226243181, 2.16662
0 0 0 0 0, 25.3862272922651, -81.2146187308561, 2.16662
0 0 0 0 0, 103.31471454191, 288.343386373685, 2.16662
0 0 0 0 0, -44.6895294850024, 67.8808870492918, 2.16662
0 0 0 0 0, -169.547319174818, 52.3908092411607, 2.16662
0 0 0 0 0, 45.0053807666612, -185.677540449545, 2.16662
0 0 0 0 0, 213.371271827197, -123.769140889231, 2.16662
0 0 0 0 0, -34.2595411939046, 287.186192330789, 2.16662
0 0 0 0 0, -16.1980892681817, -141.407000067729, 2.16662
0 0 0 0 0, -72.2142470969916, 59.5333267208226, 2.16662
0 0 0 0 0, 195.441080043795, -156.94017190791, 2.16662
0 0 0 0 0, -212.250918716888, 183.589540624064, 2.16662
0 0 0 0 0, 183.872283203995, -24.7287384264325, 2.16662
0 0 0 0 0, 90.1814754724802, 162.504671915307, 2.16662
0 0 0 0 0, -66.0144659351352, 174.586390351334, 2.16662
0 0 0 0 0, 32.1172857868384, -37.020694489512, 2.16662
0 0 0 0 0, -50.7853498453229, -12.4500070277847, 2.16662
0 0 0 0 0, 0.686073718050036, -81.0903776546668, 2.16662
0 0 0 0 0, -317.145488356494, -53.8583347390057, 2.16662
0 0 0 0 0, 221.151610617868, 170.26608388581, 2.16662
0 0 0 0 0, -214.272584791548, 158.031384056293, 2.16662
0 0 0 0 0, 276.98084898187, -163.595950668909, 2.16662
0 0 0 0 0, 48.1978989389684, 168.958266472679, 2.16662
0 0 0 0 0, -159.973593962085, 84.5069600882332, 2.16662
0 0 0 0 0, 221.716415268037, 44.4323660519637, 2.16662
0 0 0 0 0, 270.780726223529, -130.065066311014, 2.16662
0 0 0 0 0, 52.6341599866519, 114.718990282763, 2.16662
0 0 0 0 0, -56.7938209535189, 191.9243557732, 2.16662
0 0 0 0 0, 82.5437666165479, -297.539713783717, 2.16662
0 0 0 0 0, 183.637239928569, 48.7304856904077, 2.16662
0 0 0 0 0, -113.190742421786, 6.39480185807114, 2.16662
0 0 0 0 0, -232.875506363614, 211.686421496855, 2.16662
0 0 0 0 0, -94.4591809147919, 180.432663712605, 2.16662
0 0 0 0 0, 160.655488807702, -107.180497916751, 2.16662
0 0 0 0 0, -91.7403770633101, -143.03540912032, 2.16662
0 0 0 0 0, -142.246212469311, -105.303996867973, 2.16662
0 0 0 0 0, -196.454687577836, 159.981777784755, 2.16662
0 0 0 0 0, -215.125210824152, -20.2352539377115, 2.16662
0 0 0 0 0, 230.7427846268, 45.8109539390947, 2.16662
0 0 0 0 0, -17.3055942252591, 244.541144497326, 2.16662
0 0 0 0 0, 226.624582290093, -228.581400887869, 2.16662
0 0 0 0 0, 120.483787675599, 205.702232194155, 2.16662
0 0 0 0 0, 1.72343797657395, -165.429143649627, 2.16662
0 0 0 0 0, -278.983648939266, 157.30022963043, 2.16662
0 0 0 0 0, 44.4733921331873, -264.565465649685, 2.16662
0 0 0 0 0, -125.256919111905, -57.9246585341518, 2.16662
0 0 0 0 0, 122.745866786569, -180.220989004137, 2.16662
0 0 0 0 0, -261.183007806097, 173.669543389771, 2.16662
0 0 0 0 0, 232.585533490605, -32.963299923539, 2.16662
0 0 0 0 0, 206.241597246754, 73.6034173391016, 2.16662
0 0 0 0 0, 84.0844288806747, 257.576420861579, 2.16662
0 0 0 0 0, 112.487633023415, 217.767098575067, 2.16662
0 0 0 0 0, 259.209197956561, 49.1280447445128, 2.16662
0 0 0 0 0, -193.343023852419, 207.517414024397, 2.16662
0 0 0 0 0, 209.204093639165, 224.875266188625, 2.16662
0 0 0 0 0, 216.387671336293, 185.545234189249, 2.16662
0 0 0 0 0, 207.415137869852, -80.7787010273862, 2.16662
0 0 0 0 0, 22.1462980607274, -105.567172559156, 2.16662
0 0 0 0 0, 241.865528261894, 44.5080862183325, 2.16662
0 0 0 0 0, 58.4835456708894, 60.5930248210662, 2.16662
0 0 0 0 0, -22.5619145705181, 104.692142480911, 2.16662
0 0 0 0 0, 100.447831164586, 96.9529353379201, 2.16662
0 0 0 0 0, 164.900318292994, 157.155674729122, 2.16662
0 0 0 0 0, -13.7813362728624, 215.823495191205, 2.16662
0 0 0 0 0, 88.2478067403454, -58.1963723628818, 2.16662
0 0 0 0 0, -19.811374222388, 97.6333868076355, 2.16662
0 0 0 0 0, 33.4358954975666, 49.4792301858724, 2.16662
0 0 0 0 0, -8.32008095543264, 32.6928576605926, 2.16662
0 0 0 0 0, -132.550309239264, 256.121755654049, 2.16662
0 0 0 0 0, -58.2814511231833, -185.357806214515, 2.16662
0 0 0 0 0, 12.0900940027337, -85.6337681119061, 2.16662
0 0 0 0 0, -161.395769995897, 214.315446978188, 2.16662
0 0 0 0 0, 175.452362121397, 272.4824220654, 2.16662
0 0 0 0 0, -86.4252273277199, 308.494966055678, 2.16662
0 0 0 0 0, -269.9569857303, 149.613304550692, 2.16662
0 0 0 0 0, 130.652654676359, 115.13354542964, 2.16662
0 0 0 0 0, 107.48710135048, -75.6987455865374, 2.16662
0 0 0 0 0, 73.7229116032488, 68.3588188013356, 2.16662
0 0 0 0 0, 165.226218882882, 131.026989393661, 2.16662
0 0 0 0 0, -141.239485281915, -15.5530291784899, 2.16662
0 0 0 0 0, -145.890522135615, 10.7644432341293, 2.16662
0 0 0 0 0, 6.84671494061514, 54.9310109673391, 2.16662
0 0 0 0 0, 3.87928232757509, -294.582999624078, 2.16662
0 0 0 0 0, 128.032803860901, 100.714977881305, 2.16662
0 0 0 0 0, -270.38829178851, -67.8386592426971, 2.16662
0 0 0 0 0, -88.5984068849317, -222.539436596845, 2.16662
0 0 0 0 0, -120.073300063977, 269.341345095236, 2.16662
0 0 0 0 0, 116.373946726724, 117.487246052666, 2.16662
0 0 0 0 0, -75.3046094613536, -178.836410156156, 2.16662
0 0 0 0 0, 165.63249540621, 59.4841763093663, 2.16662
0 0 0 0 0, -65.7626300620897, 187.453870231434, 2.16662
0 0 0 0 0, 12.0200946012437, -270.126046271188, 2.16662
0 0 0 0 0, -37.5805910831191, -292.491415983463, 2.16662
0 0 0 0 0, 176.076916217649, -193.055913931348, 2.16662
0 0 0 0 0, 74.108332783859, 80.8810264214974, 2.16662
0 0 0 0 0, -155.868353900994, -130.189674111533, 2.16662
0 0 0 0 0, -106.530453397338, 64.2061008137074, 2.16662
0 0 0 0 0, -138.963244653001, -83.2882137489746, 2.16662
0 0 0 0 0, -83.9424899235355, 183.301744226607, 2.16662
0 0 0 0 0, -57.5612837465154, 220.484638663076, 2.16662
0 0 0 0 0, -59.8285483137063, -73.4206818101851, 2.16662
0 0 0 0 0, -154.87119504303, 24.0784595741749, 2.16662
0 0 0 0 0, 107.524463202756, -44.3056441316545, 2.16662
0 0 0 0 0, 75.8705197941693, 6.42513990995519, 2.16662
0 0 0 0 0, -219.607782477023, -127.242070877622, 2.16662
0 0 0 0 0, 66.0100987471654, 236.808837875722, 2.16662
0 0 0 0 0, -201.95857590994, -72.6667596011452, 2.16662
0 0 0 0 0, -164.418002273487, 75.6344835548718, 2.16662
0 0 0 0 0, -55.9014102776075, -197.398408086973, 2.16662
0 0 0 0 0, 86.0349520343383, -251.429865713442, 2.16662
0 0 0 0 0, 150.931521324044, 143.444757904144, 2.16662
0 0 0 0 0, 182.207019503806, 141.757322446097, 2.16662
0 0 0 0 0, 76.4773384186901, -166.388556390501, 2.16662
0 0 0 0 0, -175.395046839273, 212.169830984879, 2.16662
0 0 0 0 0, 7.57607399394358, -119.020493882309, 2.16662
0 0 0 0 0, 207.132776178303, 239.563392469823, 2.16662
0 0 0 0 0, 175.979667867048, -149.286088173104, 2.16662
0 0 0 0 0, 68.6082379559223, 186.598729660801, 2.16662
0 0 0 0 0, 7.86631269956236, 111.092022441561, 2.16662
0 0 0 0 0, 18.7578530257253, -68.6339854133906, 2.16662
0 0 0 0 0, 289.049525183291, -58.8501324245942, 2.16662
0 0 0 0 0, 307.131737441268, -86.9939323966967, 2.16662
0 0 0 0 0, 142.045425524479, 52.2347417274974, 2.16662
0 0 0 0 0, -66.7429893443297, 93.8925083167776, 2.16662
0 0 0 0 0, -226.65726692653, 211.989650950349, 2.16662
0 0 0 0 0, -134.946904562864, 219.439915041395, 2.16662
0 0 0 0 0, 32.6477851887357, -107.050811283776, 2.16662
0 0 0 0 0, 216.077937615792, 107.342004911437, 2.16662
0 0 0 0 0, 144.525783279307, 120.808565991042, 2.16662
0 0 0 0 0, 274.116872126316, -47.6339454638619, 2.16662
0 0 0 0 0, 54.5767752206046, 104.907474512079, 2.16662
0 0 0 0 0, 122.073278558897, -157.619829252644, 2.16662
0 0 0 0 0, -34.2301418781898, -191.820953502388, 2.16662
0 0 0 0 0, 108.694406229257, 73.6105753926318, 2.16662
0 0 0 0 0, 108.952128311008, 25.2871530955773, 2.16662
0 0 0 0 0, 107.937162730479, -291.463247010303, 2.16662
0 0 0 0 0, 173.382283478459, -28.6800917191404, 2.16662
0 0 0 0 0, 5.44596992636731, -111.940333996875, 2.16662
0 0 0 0 0, -221.149108131015, 190.909093379884, 2.16662
0 0 0 0 0, 222.285059458473, -16.1693002598949, 2.16662
0 0 0 0 0, 251.352151275569, -32.4082933096784, 2.16662
0 0 0 0 0, -95.358725927773, 41.1923657127971, 2.16662
0 0 0 0 0, -78.9577065279391, -224.485877099585, 2.16662
0 0 0 0 0, 79.2240953908193, 282.730497565162, 2.16662
0 0 0 0 0, 320.751739774691, -24.2206720946801, 2.16662
0 0 0 0 0, 198.897046945514, -9.62392114178217, 2.16662
0 0 0 0 0, 270.386182887629, 61.3193154939067, 2.16662
0 0 0 0 0, -59.1639296068628, -215.004416610522, 2.16662
0 0 0 0 0, 197.618796281516, 130.404644504538, 2.16662
0 0 0 0 0, -191.752449188577, -170.099344512976, 2.16662
0 0 0 0 0, 183.325201702019, -18.1835661495386, 2.16662
0 0 0 0 0, 0.713117110823145, 173.90733780514, 2.16662
0 0 0 0 0, 208.439371148869, -72.3535735303607, 2.16662
0 0 0 0 0, 11.3260833898857, -106.311986140452, 2.16662
0 0 0 0 0, -161.518160749776, -36.2889004480804, 2.16662
0 0 0 0 0, 90.42590586273, -89.045635779871, 2.16662
0 0 0 0 0, 45.1717005723563, 189.779555433764, 2.16662
0 0 0 0 0, 229.954601269797, -83.5899117759413, 2.16662
0 0 0 0 0, 27.6339866820719, 214.603311148602, 2.16662
0 0 0 0 0, 134.707355262257, -116.522840694402, 2.16662
0 0 0 0 0, 39.5988625056194, -256.742120146054, 2.16662
0 0 0 0 0, 144.610701821517, 151.981797262812, 2.16662
0 0 0 0 0, -37.2279336968852, 20.7303731131191, 2.16662
0 0 0 0 0, 131.668479111348, 74.7233807800732, 2.16662
0 0 0 0 0, 138.059353340327, -191.428100903399, 2.16662
0 0 0 0 0, 113.644033760205, 18.3550148381928, 2.16662
0 0 0 0 0, -27.8608189665679, -45.4734444830535, 2.16662
0 0 0 0 0, -149.440367273441, -121.08946423715, 2.16662
0 0 0 0 0, -196.909130802521, -99.2440427733673, 2.16662
0 0 0 0 0, 115.818980746635, 259.515946575522, 2.16662
0 0 0 0 0, 140.549882894669, 26.0826708597915, 2.16662
0 0 0 0 0, 46.3079171795795, 1.86455407630804, 2.16662
0 0 0 0 0, 96.7446543254155, 194.734322627152, 2.16662
0 0 0 0 0, 225.100610976183, 214.391814848499, 2.16662
0 0 0 0 0, 138.76182812971, -102.300115015953, 2.16662
0 0 0 0 0, -45.7215279532964, 143.845161153397, 2.16662
0 0 0 0 0, 112.180897987196, -28.8835122231513, 2.16662
0 0 0 0 0, 133.231766830255, -184.876644854915, 2.16662
0 0 0 0 0, -215.715040032745, -227.067016051016, 2.16662
0 0 0 0 0, -131.870103865341, -132.09198562869, 2.16662
0 0 0 0 0, -86.240243405375, 132.548993221567, 2.16662
0 0 0 0 0, -205.231019986871, -60.634600706238, 2.16662
0 0 0 0 0, 139.192382098532, 94.2060194255588, 2.16662
0 0 0 0 0, 29.2707230983744, 258.807840121508, 2.16662
0 0 0 0 0, 283.811383662586, 112.647860557945, 2.16662
0 0 0 0 0, 8.34982026588177, -115.116851126949, 2.16662
0 0 0 0 0, 254.415669903057, 86.16723643159, 2.16662
0 0 0 0 0, 279.646916562245, 159.185874437336, 2.16662
0 0 0 0 0, 28.6213716832179, 268.797981175528, 2.16662
0 0 0 0 0, 141.585078724315, -53.750474789074, 2.16662
0 0 0 0 0, -78.8987848894571, -191.523595226335, 2.16662
0 0 0 0 0, -145.297446570524, -249.893917406043, 2.16662
0 0 0 0 0, -54.5839414672048, 98.6489302041847, 2.16662
0 0 0 0 0, 30.6447949090154, -64.840804249925, 2.16662
0 0 0 0 0, 126.513577669264, 110.557186480486, 2.16662
0 0 0 0 0, -261.447070797864, 189.900129018367, 2.16662
0 0 0 0 0, 14.4527700564326, 318.705175847648, 2.16662
0 0 0 0 0, -172.203215947391, 76.7366724648005, 2.16662
0 0 0 0 0, -70.3281093766007, 105.436261147351, 2.16662
0 0 0 0 0, 56.603427690854, -101.830664585237, 2.16662
0 0 0 0 0, 309.972111250663, -47.56252597536, 2.16662
0 0 0 0 0, 51.5183952464309, -273.144670744338, 2.16662
0 0 0 0 0, 122.509720674217, -94.5106855442828, 2.16662
0 0 0 0 0, 219.929821088351, 194.502052807601, 2.16662
0 0 0 0 0, 198.117734999589, -78.2723765766453, 2.16662
0 0 0 0 0, -162.488820800527, 131.83193851779, 2.16662
0 0 0 0 0, -45.7290887072533, 259.215734824228, 2.16662
0 0 0 0 0, 294.222658697819, 10.9247024720466, 2.16662
0 0 0 0 0, 101.496879611719, -77.4063944548045, 2.16662
0 0 0 0 0, -295.181558698281, -68.1676486793876, 2.16662
0 0 0 0 0, -170.326076208953, -234.928188648421, 2.16662
0 0 0 0 0, 264.995048658897, 165.333822746605, 2.16662
0 0 0 0 0, 80.3842343190554, 30.3332594805521, 2.16662
0 0 0 0 0, -110.356682313763, -30.8619775658919, 2.16662
0 0 0 0 0, -81.6200144861577, -55.4955959173692, 2.16662
0 0 0 0 0, -68.4394655807035, 113.182702021969, 2.16662
0 0 0 0 0, 163.36361696548, 117.637526137233, 2.16662
0 0 0 0 0, -160.736894825648, -122.364849270218, 2.16662
0 0 0 0 0, -246.111521465703, -33.6889701588006, 2.16662
0 0 0 0 0, 158.275399081919, 110.036026105362, 2.16662
0 0 0 0 0, -242.155810875635, -38.2204608860191, 2.16662
0 0 0 0 0, -105.437523170756, -303.355663305011, 2.16662
0 0 0 0 0, -131.560256507762, 48.6114668157979, 2.16662
0 0 0 0 0, -310.81538326198, -77.1485321962251, 2.16662
0 0 0 0 0, 170.008776814072, 7.06199355164251, 2.16662
0 0 0 0 0, 248.079791311979, -122.599414058118, 2.16662
0 0 0 0 0, 119.604115595754, 7.78985399240097, 2.16662
0 0 0 0 0, -47.2752661798436, 191.026837000877, 2.16662
0 0 0 0 0, -126.877074472462, -140.224758383612, 2.16662
0 0 0 0 0, -103.653091491726, -307.554296794804, 2.16662
0 0 0 0 0, -166.832355690844, 267.213796911411, 2.16662
0 0 0 0 0, 145.937373646738, 280.255550709519, 2.16662
0 0 0 0 0, -115.625609023974, -258.004828440777, 2.16662
0 0 0 0 0, 194.377694766486, 179.280681047392, 2.16662
0 0 0 0 0, 64.42689641807, 247.259369020657, 2.16662
0 0 0 0 0, 248.555728416666, -129.914042173608, 2.16662
0 0 0 0 0, -32.3012424911031, 12.1370731157302, 2.16662
0 0 0 0 0, -152.613049230516, 15.1552988764724, 2.16662
0 0 0 0 0, 283.588232281454, 24.8980502018667, 2.16662
0 0 0 0 0, 241.425516010974, -199.175919634328, 2.16662
0 0 0 0 0, 90.3237255100818, -216.166123970072, 2.16662
0 0 0 0 0, 127.161025021932, -58.8288829691837, 2.16662
0 0 0 0 0, 191.945917638126, 129.061910450931, 2.16662
0 0 0 0 0, -5.18923196771347, 36.9968718700922, 2.16662
0 0 0 0 0, 167.481003097465, 43.1887501382005, 2.16662
0 0 0 0 0, 83.6757438922664, -172.614251105101, 2.16662
0 0 0 0 0, 47.6593592326653, 33.9274944489579, 2.16662
0 0 0 0 0, 97.5274289767418, 111.158874877472, 2.16662
0 0 0 0 0, -94.7160747534269, 263.193372924882, 2.16662
0 0 0 0 0, 115.135108529478, -218.92520705308, 2.16662
0 0 0 0 0, 252.561938134675, 93.9600607162455, 2.16662
0 0 0 0 0, -180.023777252912, -163.444510825267, 2.16662
0 0 0 0 0, -125.452063905561, 66.1979391612271, 2.16662
0 0 0 0 0, 102.116314906231, -184.192588005774, 2.16662
0 0 0 0 0, 222.296732309062, -201.006231238831, 2.16662
0 0 0 0 0, -203.170037258979, 188.812498739862, 2.16662
0 0 0 0 0, 236.152200892764, -139.27647892629, 2.16662
0 0 0 0 0, 148.386407857476, -266.752719018399, 2.16662
0 0 0 0 0, -90.7412159229007, -21.7042386666271, 2.16662
0 0 0 0 0, 21.5334241990383, -218.428423089027, 2.16662
0 0 0 0 0, -161.658915557283, 221.58205683881, 2.16662
0 0 0 0 0, -146.519185845598, 147.327863420067, 2.16662
0 0 0 0 0, 219.888795325051, 59.4842989086357, 2.16662
0 0 0 0 0, 38.5423816423426, -64.2596057699055, 2.16662
0 0 0 0 0, 223.718818580964, -89.4189486159823, 2.16662
0 0 0 0 0, 252.093339760347, -192.417968745627, 2.16662
0 0 0 0 0, 151.48595373711, -44.9117013709499, 2.16662
0 0 0 0 0, -95.8466596935963, 164.512386442409, 2.16662
0 0 0 0 0, 153.831325755903, -259.62832443572, 2.16662
0 0 0 0 0, -241.952773382444, 101.891511597154, 2.16662
0 0 0 0 0, -27.020080214962, 25.2974973992181, 2.16662
0 0 0 0 0, -120.092465723567, -8.4767498968387, 2.16662
0 0 0 0 0, 237.593690978625, 196.095433617183, 2.16662
0 0 0 0 0, -309.449330249365, -91.4129761973368, 2.16662
0 0 0 0 0, 0.449276007397392, -131.768028772679, 2.16662
0 0 0 0 0, -94.5229174467213, -120.112331730824, 2.16662
0 0 0 0 0, 6.65047739353585, 307.725816500337, 2.16662
0 0 0 0 0, 25.5149898415469, -156.977024433897, 2.16662
0 0 0 0 0, 86.0397162154616, 131.926526343164, 2.16662
0 0 0 0 0, 80.7671839768752, 147.717451794226, 2.16662
0 0 0 0 0, 101.234654077922, -306.914905600274, 2.16662
0 0 0 0 0, 4.563879483189, -199.313047045462, 2.16662
0 0 0 0 0, 0.906044987070677, -257.839096912949, 2.16662
0 0 0 0 0, -228.046602368385, -124.126528071275, 2.16662
0 0 0 0 0, -94.0434457778074, 83.9214754215069, 2.16662
0 0 0 0 0, 210.235072391858, 121.091597764897, 2.16662
0 0 0 0 0, -135.1099451312, -107.749749950144, 2.16662
0 0 0 0 0, 0.932713576001818, 11.8496252619068, 2.16662
0 0 0 0 0, 212.897858911168, -153.219220539104, 2.16662
0 0 0 0 0, -212.358515150338, -166.725181048962, 2.16662
0 0 0 0 0, -272.54166247871, -105.00024783176, 2.16662
0 0 0 0 0, 99.402518726039, -128.852342511212, 2.16662
0 0 0 0 0, 204.472774697293, 37.1311011510401, 2.16662
0 0 0 0 0, -205.899525222983, -134.922750335123, 2.16662
0 0 0 0 0, -261.175181166215, -28.8007566139828, 2.16662
0 0 0 0 0, 59.4403010748408, 37.8979903969017, 2.16662
0 0 0 0 0, 81.2400963966429, -304.200501019004, 2.16662
0 0 0 0 0, -252.935882098161, 177.961649596069, 2.16662
0 0 0 0 0, 53.1056464429179, 45.6804955896574, 2.16662
0 0 0 0 0, -111.86703635648, 148.458497125363, 2.16662
0 0 0 0 0, -152.759628416473, 146.411618289497, 2.16662
0 0 0 0 0, -99.4292168710226, -106.729993191006, 2.16662
0 0 0 0 0, 278.216193491788, -10.4389633398578, 2.16662
0 0 0 0 0, 0.601919940765945, 83.3499028455992, 2.16662
0 0 0 0 0, -256.037634675492, 113.950476682148, 2.16662
0 0 0 0 0, 111.573515445965, -300.19896609615, 2.16662
0 0 0 0 0, 11.411121876377, 60.4739719083565, 2.16662
0 0 0 0 0, -192.348655737553, -226.905525953305, 2.16662
0 0 0 0 0, -142.405196944706, 170.494064390583, 2.16662
0 0 0 0 0, 36.729444330036, -174.729136866792, 2.16662
0 0 0 0 0, 204.788097580264, 193.815075099261, 2.16662
0 0 0 0 0, 171.96557858369, -122.768067908132, 2.16662
0 0 0 0 0, 166.578862345966, 50.6208993947709, 2.16662
0 0 0 0 0, -9.87798602830722, -309.132438264904, 2.16662
0 0 0 0 0, 153.08306829687, 82.3134694692872, 2.16662
0 0 0 0 0, -163.628492925234, 157.562097892892, 2.16662
0 0 0 0 0, 108.233661602352, -148.966986835735, 2.16662
0 0 0 0 0, 289.016386165794, 26.6463932528264, 2.16662
0 0 0 0 0, -309.961057764904, -1.06679410345039, 2.16662
0 0 0 0 0, -182.045299992022, -130.926048387988, 2.16662
0 0 0 0 0, 164.837994998494, -55.6484167834864, 2.16662
0 0 0 0 0, -43.2285480707781, 267.348267507609, 2.16662
0 0 0 0 0, 158.78829281709, -17.9977071723672, 2.16662
0 0 0 0 0, 10.489744489156, 123.463169998609, 2.16662
0 0 0 0 0, -150.624228739262, -2.14758701764947, 2.16662
0 0 0 0 0, 69.8880769850096, 303.146752764576, 2.16662
0 0 0 0 0, 80.6543294430817, -191.797007263628, 2.16662
0 0 0 0 0, 66.21650096209, -306.852951681396, 2.16662
0 0 0 0 0, 156.83724073136, 133.924173310619, 2.16662
0 0 0 0 0, -256.721427058459, -41.6289499677337, 2.16662
0 0 0 0 0, -38.6621790075073, 257.589985444021, 2.16662
0 0 0 0 0, -164.906887245875, -173.383307332859, 2.16662
0 0 0 0 0, -266.439924795699, -165.103860422932, 2.16662
0 0 0 0 0, 221.907017170167, 85.7965019472954, 2.16662
0 0 0 0 0, 241.49753574945, 61.5978625229294, 2.16662
0 0 0 0 0, 128.601319030328, -70.6997380118986, 2.16662
0 0 0 0 0, 224.657490393336, -161.00135227781, 2.16662
0 0 0 0 0, 275.582000282858, -111.644471564543, 2.16662
0 0 0 0 0, 89.9353821017992, -196.322757069568, 2.16662
0 0 0 0 0, 22.8352250153667, 294.113654560017, 2.16662
0 0 0 0 0, 160.77242658343, 164.921174449552, 2.16662
0 0 0 0 0, -67.4404960557838, -163.794330447317, 2.16662
0 0 0 0 0, 237.037276989936, -182.742245919914, 2.16662
0 0 0 0 0, 71.8790441950887, -292.78684040392, 2.16662
0 0 0 0 0, -69.7893349650461, 8.13850950211366, 2.16662
0 0 0 0 0, 153.891311792797, 169.765766302183, 2.16662
0 0 0 0 0, 125.244757128977, -222.061171725515, 2.16662
0 0 0 0 0, 89.3479533897496, 191.365767668632, 2.16662
0 0 0 0 0, 277.696238504399, 148.04529050841, 2.16662
0 0 0 0 0, -137.883081020781, 210.26262792273, 2.16662
0 0 0 0 0, 138.870124416363, -17.8351478443764, 2.16662
0 0 0 0 0, 143.650150192677, 211.119783443709, 2.16662
0 0 0 0 0, -133.903494702461, -59.499884272416, 2.16662
0 0 0 0 0, -141.531741843078, -215.186716018936, 2.16662
0 0 0 0 0, 64.2195473362596, 187.611669066523, 2.16662
0 0 0 0 0, 187.614374370104, 53.0719498500833, 2.16662
0 0 0 0 0, 82.1802547619556, -240.546066330847, 2.16662
0 0 0 0 0, -160.863672867216, 97.6977388949839, 2.16662
0 0 0 0 0, -20.5931866570069, -28.6738669889794, 2.16662
0 0 0 0 0, 69.006958401515, -59.3856597061189, 2.16662
0 0 0 0 0, 145.297141417574, -78.185595286381, 2.16662
0 0 0 0 0, -152.302153732987, 256.914723506142, 2.16662
0 0 0 0 0, -13.4762740619409, -244.323031348522, 2.16662
0 0 0 0 0, -186.737035422173, -177.306974300065, 2.16662
0 0 0 0 0, 212.603193703692, 147.936150079354, 2.16662
0 0 0 0 0, 92.4679549810371, 289.698915571031, 2.16662
0 0 0 0 0, 43.3946542311208, 196.929691350541, 2.16662
0 0 0 0 0, 199.862278656912, -250.307438303513, 2.16662
0 0 0 0 0, -297.60659191681, -108.279426458969, 2.16662
0 0 0 0 0, 157.347060830695, 219.036907533001, 2.16662
0 0 0 0 0, 198.756271426054, 256.319526899565, 2.16662
0 0 0 0 0, 271.098264414669, -157.919670464532, 2.16662
0 0 0 0 0, 134.201436482236, 187.551876123878, 2.16662
0 0 0 0 0, 283.590550929363, 67.3786005365491, 2.16662
0 0 0 0 0, -159.104485022107, 89.4290384657102, 2.16662
0 0 0 0 0, 197.707981245484, 186.243853483727, 2.16662
0 0 0 0 0, -49.0771834702811, 179.069664810389, 2.16662
0 0 0 0 0, -248.794866812512, -42.1305776384077, 2.16662
0 0 0 0 0, 78.0037501198731, 102.936018491168, 2.16662
0 0 0 0 0, -111.997911503859, -282.740574948303, 2.16662
0 0 0 0 0, -203.325915966081, 252.676505647139, 2.16662
0 0 0 0 0, -170.1195831398, -131.225200569654, 2.16662
0 0 0 0 0, 135.05360705421, -12.9079370890264, 2.16662
0 0 0 0 0, 2.3334139480353, 295.591126554162, 2.16662
0 0 0 0 0, -151.352212028076, 72.6626101840183, 2.16662
0 0 0 0 0, -160.890911879968, -46.8872218804703, 2.16662
0 0 0 0 0, 251.34371604128, -104.559455318157, 2.16662
0 0 0 0 0, -262.496959545637, -131.390826895781, 2.16662
0 0 0 0 0, 71.9634852074988, 89.1745087672349, 2.16662
0 0 0 0 0, 263.315999876027, 112.256133089207, 2.16662
0 0 0 0 0, -184.076928158804, 110.1375252722, 2.16662
0 0 0 0 0, -79.1776175726646, -102.817923151057, 2.16662
0 0 0 0 0, 283.537058361716, 53.3573165192064, 2.16662
0 0 0 0 0, 222.666325261894, -220.034814763697, 2.16662
0 0 0 0 0, -95.4624060908632, 131.945317555644, 2.16662
0 0 0 0 0, 105.517030445049, 198.054346830163, 2.16662
0 0 0 0 0, -137.925985563538, -282.115193322341, 2.16662
0 0 0 0 0, 109.815244512097, 208.923184498066, 2.16662
0 0 0 0 0, -55.9475044868382, 17.4938137712711, 2.16662
0 0 0 0 0, -22.8081868581219, 306.307340080323, 2.16662
0 0 0 0 0, -30.8635755521697, 82.9277970707547, 2.16662
0 0 0 0 0, 29.276674259156, -196.339186886388, 2.16662
0 0 0 0 0, -48.2094805089704, -235.81772781262, 2.16662
0 0 0 0 0, 147.72099148224, -173.711615963822, 2.16662
0 0 0 0 0, 212.524584044727, 109.510109492285, 2.16662
0 0 0 0 0, -238.364271799181, 28.0433190351291, 2.16662
0 0 0 0 0, -126.130576705419, -112.404725537733, 2.16662
0 0 0 0 0, 168.614418334689, 252.983591935412, 2.16662
0 0 0 0 0, 162.817143593728, -267.91959032149, 2.16662
0 0 0 0 0, -92.6947023093799, -173.580356746734, 2.16662
0 0 0 0 0, 45.6875993558862, -2.95039059457603, 2.16662
0 0 0 0 0, 177.089112175673, -82.4985629566848, 2.16662
0 0 0 0 0, 21.7369085006065, -50.0917582138987, 2.16662
0 0 0 0 0, -48.2112931060943, 296.71489872613, 2.16662
0 0 0 0 0, 0.520596997264214, -136.381545041686, 2.16662
0 0 0 0 0, -263.972178018881, 129.911448335228, 2.16662
0 0 0 0 0, -37.9900538544927, 195.616234153262, 2.16662
0 0 0 0 0, -179.911353921351, 89.02292896664, 2.16662
0 0 0 0 0, -130.766823889198, -232.383672144871, 2.16662
0 0 0 0 0, -267.22896865147, -102.800743433895, 2.16662
0 0 0 0 0, -4.62274010773115, -264.158249877403, 2.16662
0 0 0 0 0, -11.274626626117, -118.866140062569, 2.16662
0 0 0 0 0, 39.1696761888476, 7.18873757922748, 2.16662
0 0 0 0 0, 121.029058330436, -19.9878140689265, 2.16662
0 0 0 0 0, 200.668202759924, -80.8197327212473, 2.16662
0 0 0 0 0, 302.58146230207, -86.2770665012874, 2.16662
0 0 0 0 0, -162.165038249027, 240.918533878367, 2.16662
0 0 0 0 0, -222.215450265173, 227.850337366302, 2.16662
0 0 0 0 0, -79.4988530713899, 55.7715096500687, 2.16662
0 0 0 0 0, -15.7378466451906, 70.4010571147715, 2.16662
0 0 0 0 0, 84.6235913325799, 188.6086644041, 2.16662
0 0 0 0 0, 46.9928359599973, 52.0569422102806, 2.16662
0 0 0 0 0, 185.286954652324, 215.27026476826, 2.16662
0 0 0 0 0, 217.53366798202, 135.12187224535, 2.16662
0 0 0 0 0, 323.84031938929, -3.48926707750217, 2.16662
0 0 0 0 0, 279.321929785426, 16.7448841699283, 2.16662
0 0 0 0 0, 26.6195489563929, -198.530544810679, 2.16662
0 0 0 0 0, 2.75380454656873, -45.177200529133, 2.16662
0 0 0 0 0, -101.800302283483, 237.015015436455, 2.16662
0 0 0 0 0, -206.099987245242, -232.983574833008, 2.16662
0 0 0 0 0, -141.781885237471, -222.875500047359, 2.16662
0 0 0 0 0, -142.488342458342, -164.605058337576, 2.16662
0 0 0 0 0, -14.2584226123042, -121.249181351499, 2.16662
0 0 0 0 0, -29.2924625865352, 0.431780354696359, 2.16662
0 0 0 0 0, -289.211170135943, 97.0596425499482, 2.16662
0 0 0 0 0, -100.237539410135, -298.474815002481, 2.16662
0 0 0 0 0, 130.653341164385, -288.974294368554, 2.16662
0 0 0 0 0, -46.4273265378066, -276.513111764956, 2.16662
0 0 0 0 0, 181.246959192511, -217.176901549526, 2.16662
0 0 0 0 0, -4.68728856476796, -160.945645387366, 2.16662
0 0 0 0 0, -128.244096091548, -248.575096338632, 2.16662
0 0 0 0 0, -114.251936758775, -231.050010923211, 2.16662
0 0 0 0 0, 8.90384004800873, -282.498856810182, 2.16662
0 0 0 0 0, 72.7185702689727, -282.447449919737, 2.16662
0 0 0 0 0, 141.41659095793, -235.011504243007, 2.16662
0 0 0 0 0, -218.116588090693, -140.386074591363, 2.16662
0 0 0 0 0, -137.078060746123, -123.666866062826, 2.16662
0 0 0 0 0, 9.45891250566549, -133.372250292294, 2.16662
0 0 0 0 0, 79.5983316008452, -97.9806780494257, 2.16662
0 0 0 0 0, 243.838551627171, -154.127777762374, 2.16662
0 0 0 0 0, -235.144183808181, -44.8335640515825, 2.16662
0 0 0 0 0, -124.090055599052, -23.2327410631768, 2.16662
0 0 0 0 0, 54.9760389665184, -51.805897049117, 2.16662
0 0 0 0 0, 122.393553664861, -11.4052951705846, 2.16662
0 0 0 0 0, 226.104923356316, -57.0221283164211, 2.16662
0 0 0 0 0, -169.676281007107, 63.3934089437859, 2.16662
0 0 0 0 0, -51.5675832533941, 64.5273476613005, 2.16662
0 0 0 0 0, 36.0905350274583, 37.1606504286918, 2.16662
0 0 0 0 0, 152.206697937649, 54.9091088283308, 2.16662
0 0 0 0 0, 276.370853436364, 42.4921394170274, 2.16662
0 0 0 0 0, -236.230212631358, 142.197906713283, 2.16662
0 0 0 0 0, -92.9949088495143, 140.823101326568, 2.16662
0 0 0 0 0, 67.1893494198406, 152.709007121403, 2.16662
0 0 0 0 0, 153.788119161782, 116.978414263148, 2.16662
0 0 0 0 0, 232.393852120315, 155.158992605241, 2.16662
0 0 0 0 0, -172.933280038843, 226.244339875496, 2.16662
0 0 0 0 0, -65.6177482115015, 230.960969891464, 2.16662
0 0 0 0 0, -0.463007052911328, 248.826860582118, 2.16662
0 0 0 0 0, 96.323827949534, 224.103147802885, 2.16662
0 0 0 0 0, 184.804266617963, 236.494455807787, 2.16662
0 0 0 0 0, 176.613100074924, 51.6059360044734, 2.16662
0 0 0 0 0, 48.9500082410384, -81.4915385002862, 2.16662
-1 0 0 0 0, 0, 0, 3.175
