0 0 0 0 0, 203.472569123369, -131.186889753854, 2.16662
0 0 0 0 0, 203.475094693361, -133.728229515795, 2.16662
0 0 0 0 0, 85.7314828240219, -261.84276357324, 2.16662
0 0 0 0 0, 85.7052356313496, -264.384463844256, 2.16662
0 0 0 0 0, -110.441426331626, -253.702830456887, 2.16662
0 0 0 0 0, -110.633865729724, -256.237387321585, 2.16662
0 0 0 0 0, -216.103859527067, -126.972490330029, 2.16662
0 0 0 0 0, -216.187450969908, -129.512482370223, 2.16662
0 0 0 0 0, -212.753648716382, 138.911779020384, 2.16662
0 0 0 0 0, -212.913656247344, 141.448137484236, 2.16662
0 0 0 0 0, -87.0675729712514, 262.033205723748, 2.16662
0 0 0 0 0, -87.0452118025761, 264.574954940375, 2.16662
0 0 0 0 0, 117.897628560858, 261.152290192085, 2.16662
0 0 0 0 0, 117.938456986947, 263.693968532374, 2.16662
0 0 0 0 0, 228.85698719731, 131.537918050837, 2.16662
0 0 0 0 0, 228.847567530988, 134.079307829315, 2.16662
0 0 0 0 0, 11.4896706368632, 68.4037787890412, 2.16662
0 0 0 0 0, 12.7141979301998, 70.6306917837047, 2.16662
0 0 0 0 0, -7.2827571377458, -54.1885992385903, 2.16662
0 0 0 0 0, -8.75269831625967, -56.2615955937372, 2.16662
0 0 0 0 0, 79.5760401395908, -130.270448160867, 2.16662
0 0 0 0 0, 79.5598631288606, -132.811731346883, 2.16662
0 0 0 0 0, 175.08001788814, 263.933764684249, 2.16662
0 0 0 0 0, 218.684520261903, -1.20886533896182, 2.16662
0 0 0 0 0, -27.9928047169679, -299.469515692719, 2.16662
0 0 0 0 0, -5.0842875473282, -226.465124179091, 2.16662
0 0 0 0 0, 39.6565191314954, -311.210879007577, 2.16662
0 0 0 0 0, -49.9543709913533, 216.273617712231, 2.16662
0 0 0 0 0, -83.8560868103713, 22.7368472154403, 2.16662
0 0 0 0 0, -113.740826747803, -115.619349747402, 2.16662
0 0 0 0 0, -267.910663859577, -101.128945143082, 2.16662
0 0 0 0 0, 146.400758853691, 203.881044815537, 2.16662
0 0 0 0 0, -7.65221455490725, -304.656224696723, 2.16662
0 0 0 0 0, 124.231877834481, 236.691810626199, 2.16662
0 0 0 0 0, -150.784036657468, -113.461545650889, 2.16662
0 0 0 0 0, -289.662145421915, -48.4340063150609, 2.16662
0 0 0 0 0, -32.3962322394391, 13.3254420268366, 2.16662
0 0 0 0 0, 2.7606022449764, 206.105569849118, 2.16662
0 0 0 0 0, -132.864344564048, -112.044068235716, 2.16662
0 0 0 0 0, -87.3254187452455, -117.687698913313, 2.16662
0 0 0 0 0, -150.474258709946, 258.088736355493, 2.16662
0 0 0 0 0, -101.564761453633, 140.366934439906, 2.16662
0 0 0 0 0, 19.840694335037, 265.894635088653, 2.16662
0 0 0 0 0, -119.81448379804, -177.72746513537, 2.16662
0 0 0 0 0, 96.9234402298307, 179.509529497473, 2.16662
0 0 0 0 0, -114.341914192314, 227.444823893701, 2.16662
0 0 0 0 0, 8.69528117783658, 306.944264817868, 2.16662
0 0 0 0 0, 107.402582870993, -145.845891106374, 2.16662
0 0 0 0 0, -181.880064428029, 54.5340552336094, 2.16662
0 0 0 0 0, -307.355724865228, -11.8511119507249, 2.16662
0 0 0 0 0, 22.7139150821023, -52.1157225843179, 2.16662
0 0 0 0 0, 35.8500002330955, 82.6762826841708, 2.16662
0 0 0 0 0, -173.745670294848, -216.766334134064, 2.16662
0 0 0 0 0, -101.883411896519, -239.999540775695, 2.16662
0 0 0 0 0, -238.982875450025, -136.310946036399, 2.16662
0 0 0 0 0, 98.3028980165998, -138.44249778777, 2.16662
0 0 0 0 0, 142.438914454992, -225.582957058263, 2.16662
0 0 0 0 0, 47.0664198106291, -63.7586892450961, 2.16662
0 0 0 0 0, 86.4651564148278, -272.883309258508, 2.16662
0 0 0 0 0, 45.1776381185419, -229.608388938119, 2.16662
0 0 0 0 0, -28.4590482779051, 14.246278182971, 2.16662
0 0 0 0 0, -39.916619404736, 80.9530974127458, 2.16662
0 0 0 0 0, 214.805227629375, 60.1799789601449, 2.16662
0 0 0 0 0, 132.889636685299, 77.057966857873, 2.16662
0 0 0 0 0, -109.014978866139, 257.937378468722, 2.16662
0 0 0 0 0, 250.963341497701, 48.2237862256268, 2.16662
0 0 0 0 0, 110.061592333331, 176.73677740857, 2.16662
0 0 0 0 0, 109.982566743245, 65.152905217907, 2.16662
0 0 0 0 0, -292.554602233529, -82.0455451731728, 2.16662
0 0 0 0 0, -277.753523971846, -117.514590912275, 2.16662
0 0 0 0 0, -34.6015258810698, 227.331631169484, 2.16662
0 0 0 0 0, -141.680597055237, 272.232171392665, 2.16662
0 0 0 0 0, -57.4071254927651, -159.488556930873, 2.16662
0 0 0 0 0, -78.7038092776912, -161.93345536653, 2.16662
0 0 0 0 0, -79.3120012892421, 216.620228154699, 2.16662
0 0 0 0 0, 51.3651188254491, 59.3830331347315, 2.16662
0 0 0 0 0, 74.4726954729645, 101.645910388963, 2.16662
0 0 0 0 0, 128.235528264892, 276.113043495877, 2.16662
0 0 0 0 0, -104.367084659266, -167.216250792291, 2.16662
0 0 0 0 0, 177.378887686968, 58.7467303710139, 2.16662
0 0 0 0 0, -96.4762266786799, -132.024268917139, 2.16662
0 0 0 0 0, -37.7420473497806, -64.2789902196936, 2.16662
0 0 0 0 0, -79.3704368028086, 286.420357695866, 2.16662
0 0 0 0 0, -134.262428992942, -129.710366084698, 2.16662
0 0 0 0 0, 322.788233962639, 27.1374556355366, 2.16662
0 0 0 0 0, 125.896707993036, 35.0938267868836, 2.16662
0 0 0 0 0, 109.139546165314, 207.839826087152, 2.16662
0 0 0 0 0, -48.1105631482331, -145.732349382167, 2.16662
0 0 0 0 0, 15.1006249482909, 93.4789415431232, 2.16662
0 0 0 0 0, -169.819859973198, -61.4750167248085, 2.16662
0 0 0 0 0, 267.419111956506, -170.696839608819, 2.16662
0 0 0 0 0, 24.576329004922, 291.067709573844, 2.16662
0 0 0 0 0, -23.9581540845429, -281.550425325249, 2.16662
0 0 0 0 0, -167.743260281437, 162.192781004617, 2.16662
0 0 0 0 0, 51.2156605680666, 303.116834644132, 2.16662
0 0 0 0 0, -267.185453292391, 177.348789258437, 2.16662
0 0 0 0 0, -25.6700291352496, 6.26603253746379, 2.16662
0 0 0 0 0, 61.210727623696, -254.775809795842, 2.16662
0 0 0 0 0, -24.4673961764338, -67.7315942871403, 2.16662
0 0 0 0 0, 66.3067154220225, 300.762296053102, 2.16662
0 0 0 0 0, -137.199841725293, -168.550074354222, 2.16662
0 0 0 0 0, -125.196145643521, -218.69840307405, 2.16662
0 0 0 0 0, -181.653107761662, 98.0214669029268, 2.16662
0 0 0 0 0, 94.5019823081433, -127.937471405478, 2.16662
0 0 0 0 0, 109.460171364802, 194.809100081241, 2.16662
0 0 0 0 0, 12.4651798785696, -42.8200886524611, 2.16662
0 0 0 0 0, 23.9729406086487, -56.9321087095412, 2.16662
0 0 0 0 0, 198.858029586832, 233.413708444966, 2.16662
0 0 0 0 0, 241.152902455075, -190.993463509121, 2.16662
0 0 0 0 0, -154.294245383554, -47.1938791097148, 2.16662
0 0 0 0 0, -50.9548218033151, -165.397286024325, 2.16662
0 0 0 0 0, 17.6312667202181, -267.187211260464, 2.16662
0 0 0 0 0, 15.1264569544478, -216.094486195285, 2.16662
0 0 0 0 0, -132.886512677446, 29.7117581819324, 2.16662
0 0 0 0 0, -132.400510919972, 147.893517179129, 2.16662
0 0 0 0 0, 1.67883878402204, 280.142331373083, 2.16662
0 0 0 0 0, 179.92310248841, 43.7088569904669, 2.16662
0 0 0 0 0, -96.9415963128003, -183.60354571025, 2.16662
0 0 0 0 0, 281.713605284252, 158.891556620409, 2.16662
0 0 0 0 0, -169.737234053399, -69.3655282709383, 2.16662
0 0 0 0 0, 243.443623788693, 132.825159173754, 2.16662
0 0 0 0 0, 27.5103207350512, 214.894931514971, 2.16662
0 0 0 0 0, 46.5945530031602, -115.6738574518, 2.16662
0 0 0 0 0, -206.855809816933, 55.0823963744252, 2.16662
0 0 0 0 0, 112.400035939772, -130.694319383892, 2.16662
0 0 0 0 0, -174.584615159988, 164.671834794846, 2.16662
0 0 0 0 0, -135.046697272595, -217.04602547445, 2.16662
0 0 0 0 0, 200.397614817607, 213.86207242899, 2.16662
0 0 0 0 0, 79.4038514056301, 135.888929577108, 2.16662
0 0 0 0 0, 39.5899300607839, -238.365825980109, 2.16662
0 0 0 0 0, -262.391309589107, -3.07114197339562, 2.16662
0 0 0 0 0, -180.388767192749, -103.587638890154, 2.16662
0 0 0 0 0, 153.60325681905, 15.056483572554, 2.16662
0 0 0 0 0, -190.795280362016, 150.364163649824, 2.16662
0 0 0 0 0, 182.126839937457, -168.153568536911, 2.16662
0 0 0 0 0, 138.154272600529, 80.3547435086346, 2.16662
0 0 0 0 0, -33.632440003947, 161.14345441422, 2.16662
0 0 0 0 0, 68.283610717255, 85.4638746955357, 2.16662
0 0 0 0 0, -260.772432645989, -59.7129003678734, 2.16662
0 0 0 0 0, -267.014840491719, 138.505599716605, 2.16662
0 0 0 0 0, 139.632782496315, 262.988611106681, 2.16662
0 0 0 0 0, -165.795300407592, -53.8339949846547, 2.16662
0 0 0 0 0, -107.171865359843, 209.182096698339, 2.16662
0 0 0 0 0, -15.6544781246657, 316.458816873948, 2.16662
0 0 0 0 0, -273.131793846597, -0.0957780088808112, 2.16662
0 0 0 0 0, -294.54817486009, -28.4298121848681, 2.16662
0 0 0 0 0, -101.292754836986, 153.340968272766, 2.16662
0 0 0 0 0, -40.3014316849746, 164.530560559164, 2.16662
0 0 0 0 0, -260.18401747519, -178.097260163392, 2.16662
0 0 0 0 0, -265.869453970447, 62.6730183447922, 2.16662
0 0 0 0 0, 114.995151293875, 6.45126492342276, 2.16662
0 0 0 0 0, 152.45301938904, 25.700877782526, 2.16662
0 0 0 0 0, 93.4406914825592, 71.5293654110589, 2.16662
0 0 0 0 0, 270.555048953486, -64.7234545258306, 2.16662
0 0 0 0 0, 244.463729014078, -12.475797454247, 2.16662
0 0 0 0 0, -284.04782402223, 137.847335383635, 2.16662
0 0 0 0 0, -37.6125472850948, -112.966907639232, 2.16662
0 0 0 0 0, -121.774458495327, 103.710886854442, 2.16662
0 0 0 0 0, -164.069460331579, 200.193517795248, 2.16662
0 0 0 0 0, -77.7570587659065, -155.025871869113, 2.16662
0 0 0 0 0, -202.993244521546, 126.937569211226, 2.16662
0 0 0 0 0, -234.947698522541, -31.7905924233192, 2.16662
0 0 0 0 0, 312.728678773365, -76.4517878095645, 2.16662
0 0 0 0 0, -224.860047351818, -164.638529689194, 2.16662
0 0 0 0 0, -34.1189658134197, -264.517983804397, 2.16662
0 0 0 0 0, 166.295759778489, 54.6047202974668, 2.16662
0 0 0 0 0, -113.369604845166, -190.203921230789, 2.16662
0 0 0 0 0, 171.636993643122, -144.219850068402, 2.16662
0 0 0 0 0, 277.642667935892, 118.72387075016, 2.16662
0 0 0 0 0, -173.75951566435, -69.5786729773938, 2.16662
0 0 0 0 0, -205.53950004007, -90.504126322109, 2.16662
0 0 0 0 0, 129.388349787302, -177.272928802688, 2.16662
0 0 0 0 0, 131.67765926944, 125.184719602526, 2.16662
0 0 0 0 0, -118.146386563082, 181.570484202357, 2.16662
0 0 0 0 0, 177.176158485944, -7.75294604586237, 2.16662
0 0 0 0 0, -69.2097171056463, -290.856020567409, 2.16662
0 0 0 0 0, -18.2697796514054, 282.266630687027, 2.16662
0 0 0 0 0, 100.273310723584, -242.906929237248, 2.16662
0 0 0 0 0, 311.066087970762, -13.8882522599742, 2.16662
0 0 0 0 0, -181.55077672991, 136.419334516199, 2.16662
0 0 0 0 0, -55.918655468502, 129.201399751838, 2.16662
0 0 0 0 0, -159.817903339, 177.241309803759, 2.16662
0 0 0 0 0, 7.7600916901549, 295.733950772895, 2.16662
0 0 0 0 0, -198.794402474051, 250.8895036606, 2.16662
0 0 0 0 0, -248.845552758147, 153.024555495911, 2.16662
0 0 0 0 0, 207.674311866683, 18.5298644097697, 2.16662
0 0 0 0 0, -12.052830151786, -191.956966899933, 2.16662
0 0 0 0 0, -202.73148757008, -211.822669479584, 2.16662
0 0 0 0 0, 80.6031087708268, 177.673306054045, 2.16662
0 0 0 0 0, -51.591928551933, 315.885572054548, 2.16662
0 0 0 0 0, -201.058881490855, -111.155217933339, 2.16662
0 0 0 0 0, 231.64717987148, 115.787901589893, 2.16662
0 0 0 0 0, -249.004125206041, -105.170024612758, 2.16662
0 0 0 0 0, 264.594609123417, -81.3983058604714, 2.16662
0 0 0 0 0, 224.896875567817, 98.9490880315663, 2.16662
0 0 0 0 0, -231.326471804895, 7.52722659493502, 2.16662
0 0 0 0 0, -42.1000042114785, -177.326119957097, 2.16662
0 0 0 0 0, -61.7135494133885, 13.6455970213185, 2.16662
0 0 0 0 0, -43.1796033358078, 222.398350497173, 2.16662
0 0 0 0 0, -7.48019033257328, -114.762634280464, 2.16662
0 0 0 0 0, 83.7963246549929, -150.56959747496, 2.16662
0 0 0 0 0, 18.3939932092405, -32.6137213900295, 2.16662
0 0 0 0 0, -243.976510745851, 39.1842633210008, 2.16662
0 0 0 0 0, 122.848949009983, 89.6188380227049, 2.16662
0 0 0 0 0, -137.641581217873, 219.288169607894, 2.16662
0 0 0 0 0, -224.52676369952, -160.521691804279, 2.16662
0 0 0 0 0, -179.232423996446, 14.6048175640201, 2.16662
0 0 0 0 0, 219.987350377981, 80.7007450742799, 2.16662
0 0 0 0 0, 7.82065395056261, -27.1365732107222, 2.16662
0 0 0 0 0, 319.079602136683, 44.3258628431742, 2.16662
0 0 0 0 0, -245.673407430498, -92.0128441377053, 2.16662
0 0 0 0 0, 56.9148332329781, -93.096139225102, 2.16662
0 0 0 0 0, -122.160111695433, -172.472664575877, 2.16662
0 0 0 0 0, 138.825097767659, -278.08513187459, 2.16662
0 0 0 0 0, -38.8746734035214, -4.64743959683476, 2.16662
0 0 0 0 0, 203.36054934599, -112.060866686361, 2.16662
0 0 0 0 0, 67.1461374326545, -13.8995260442662, 2.16662
0 0 0 0 0, -193.247464754795, 130.544570101798, 2.16662
0 0 0 0 0, 96.4797591043896, -131.6984007048, 2.16662
0 0 0 0 0, 151.024396373539, -79.5025531001932, 2.16662
0 0 0 0 0, 100.511240159264, 158.464632809709, 2.16662
0 0 0 0 0, -253.568998287277, -67.2260478544388, 2.16662
0 0 0 0 0, 164.112939644329, -217.148665467491, 2.16662
0 0 0 0 0, 189.523624233895, -253.952259449893, 2.16662
0 0 0 0 0, 26.6610117168009, 36.5265377144944, 2.16662
0 0 0 0 0, -179.692447229643, -114.826092950274, 2.16662
0 0 0 0 0, -214.845044123107, 168.811537847703, 2.16662
0 0 0 0 0, -306.863108218265, -39.4544372573003, 2.16662
0 0 0 0 0, -68.7424483878133, -36.6009032567762, 2.16662
0 0 0 0 0, -48.2243199560087, -33.2210050696502, 2.16662
0 0 0 0 0, 37.3299782273772, 253.5774641324, 2.16662
0 0 0 0 0, -166.891069240206, 260.205210773672, 2.16662
0 0 0 0 0, 143.061414306276, -263.695823677002, 2.16662
0 0 0 0 0, 173.01428337393, -33.6490986192219, 2.16662
0 0 0 0 0, -81.4944291347615, 251.68073126328, 2.16662
0 0 0 0 0, 20.7875139249097, -306.06643181069, 2.16662
0 0 0 0 0, 15.4522946929894, 262.972884357632, 2.16662
0 0 0 0 0, 265.632656405086, -72.5176885246068, 2.16662
0 0 0 0 0, -176.697494931888, 45.7637786579529, 2.16662
0 0 0 0 0, -170.684599365468, -10.8122302358367, 2.16662
0 0 0 0 0, -88.1826479281284, 58.4729320926206, 2.16662
0 0 0 0 0, 257.599265678045, 170.598594818837, 2.16662
0 0 0 0 0, -156.78036324488, 53.6376148608291, 2.16662
0 0 0 0 0, -164.591578865419, 27.2459710201749, 2.16662
0 0 0 0 0, 270.192993742487, 135.015872298681, 2.16662
0 0 0 0 0, 210.041156345726, -93.3769992049988, 2.16662
0 0 0 0 0, 317.180229494097, 4.2206055695246, 2.16662
0 0 0 0 0, 29.9994148283528, -301.676591094472, 2.16662
0 0 0 0 0, 209.566757573834, 99.8505560894656, 2.16662
0 0 0 0 0, 101.158624698034, 36.3011644426734, 2.16662
0 0 0 0 0, -138.75301233497, -45.4851446421961, 2.16662
0 0 0 0 0, 18.6780160816702, 102.449178941391, 2.16662
0 0 0 0 0, 230.226306179497, 189.54692940108, 2.16662
0 0 0 0 0, -177.909938360379, 84.3546973736304, 2.16662
0 0 0 0 0, -53.6953688395776, -47.8236243043216, 2.16662
0 0 0 0 0, -47.3221752993369, -194.212448133506, 2.16662
0 0 0 0 0, -4.21522463647299, -207.322038500191, 2.16662
0 0 0 0 0, 10.2755174770354, -255.611492589864, 2.16662
0 0 0 0 0, 42.0173147643834, 199.857354016304, 2.16662
0 0 0 0 0, 28.765739021194, 254.519708418042, 2.16662
0 0 0 0 0, 71.0544590081985, 240.265067851644, 2.16662
0 0 0 0 0, 267.888675190466, 76.3188644892179, 2.16662
0 0 0 0 0, -216.208221029648, 174.354482961881, 2.16662
0 0 0 0 0, -69.4204596579338, -255.883830379463, 2.16662
0 0 0 0 0, -28.6328163675827, -211.557815245453, 2.16662
0 0 0 0 0, -101.673472217292, -1.3323228455923, 2.16662
0 0 0 0 0, -322.714912476646, 26.8191157592071, 2.16662
0 0 0 0 0, 199.503446873709, -116.816514639763, 2.16662
0 0 0 0 0, -89.8338646812454, 244.443301813779, 2.16662
0 0 0 0 0, -84.8149448095519, -267.895204565874, 2.16662
0 0 0 0 0, 174.506634717735, 161.697700598858, 2.16662
0 0 0 0 0, -243.835708041331, 84.6951292887642, 2.16662
0 0 0 0 0, 228.469624261498, -187.461197279534, 2.16662
0 0 0 0 0, 233.270265436366, 203.101794168233, 2.16662
0 0 0 0 0, 31.3516865532592, 20.6808228885264, 2.16662
0 0 0 0 0, 79.2347946921443, 254.972942396643, 2.16662
0 0 0 0 0, -264.032139947845, 144.584945576931, 2.16662
0 0 0 0 0, -105.123724198416, -234.531879943487, 2.16662
0 0 0 0 0, 67.9604744352826, 77.8987987721488, 2.16662
0 0 0 0 0, 283.146820970447, -27.8171653709478, 2.16662
0 0 0 0 0, -84.688291142556, -97.840395347688, 2.16662
0 0 0 0 0, -86.38434598786, 135.411323638408, 2.16662
0 0 0 0 0, 42.5419731312863, -6.98637615081364, 2.16662
0 0 0 0 0, -125.674712663748, 198.455679518262, 2.16662
0 0 0 0 0, 235.978535374151, -141.277478994765, 2.16662
0 0 0 0 0, -172.145706411717, -207.013661802567, 2.16662
0 0 0 0 0, -225.195800129715, -1.2096393014226, 2.16662
0 0 0 0 0, -92.7209705704019, 233.268305081391, 2.16662
0 0 0 0 0, 4.10867170637089, 179.085764895293, 2.16662
0 0 0 0 0, -184.248343645246, 155.361857857074, 2.16662
0 0 0 0 0, 136.441584706736, 282.276793624663, 2.16662
0 0 0 0 0, -117.349355030729, -148.399106420552, 2.16662
0 0 0 0 0, -30.3782516783181, -46.9150029587852, 2.16662
0 0 0 0 0, -19.5408317715823, 132.781088324511, 2.16662
0 0 0 0 0, 265.068822119951, -144.266192497252, 2.16662
0 0 0 0 0, -187.760384588426, -135.910554695666, 2.16662
0 0 0 0 0, 154.986115590819, 151.19660439135, 2.16662
0 0 0 0 0, -266.333815844856, -97.0099164933865, 2.16662
0 0 0 0 0, -119.166416059263, 41.858208133224, 2.16662
0 0 0 0 0, -77.0864122687732, -75.3980071612723, 2.16662
0 0 0 0 0, -153.306164514665, 126.231262612765, 2.16662
0 0 0 0 0, 1.58545946691597, 7.86561463126419, 2.16662
0 0 0 0 0, 121.2731398966, 82.934429910217, 2.16662
0 0 0 0 0, -169.816698702617, 157.84248105628, 2.16662
0 0 0 0 0, -94.218840124103, -151.644975097848, 2.16662
0 0 0 0 0, -32.8851470356714, 219.956414724025, 2.16662
0 0 0 0 0, 300.501437851949, 28.8196848304753, 2.16662
0 0 0 0 0, 15.6116839152716, 236.714720877144, 2.16662
0 0 0 0 0, -60.4819594508945, 137.088466369512, 2.16662
0 0 0 0 0, -87.2823312290765, 232.801942959156, 2.16662
0 0 0 0 0, -72.4615026702688, 33.8537910719461, 2.16662
0 0 0 0 0, 93.9836488646742, -136.627259500888, 2.16662
0 0 0 0 0, -215.378776066211, -103.019999807179, 2.16662
0 0 0 0 0, -88.3538369844277, -43.7935617010377, 2.16662
0 0 0 0 0, -214.566042736664, 212.130297271116, 2.16662
0 0 0 0 0, -150.227399348964, 79.9875707439131, 2.16662
0 0 0 0 0, -152.440273968158, 132.392171819691, 2.16662
0 0 0 0 0, -197.980228119214, 157.679744170783, 2.16662
0 0 0 0 0, 32.4884549902172, -230.025744757082, 2.16662
0 0 0 0 0, -203.205536779658, 32.1870979017277, 2.16662
0 0 0 0 0, -141.802515615388, 222.409191587502, 2.16662
0 0 0 0 0, 78.7164177501216, 3.2101903202492, 2.16662
0 0 0 0 0, 60.2444419750403, -126.101452274393, 2.16662
0 0 0 0 0, 255.687825822423, 99.9867842612579, 2.16662
0 0 0 0 0, -168.824899260542, 80.2932387310684, 2.16662
0 0 0 0 0, -235.343828685021, 10.05356242993, 2.16662
0 0 0 0 0, 244.862716434714, 150.686612649601, 2.16662
0 0 0 0 0, -45.4279322503857, -67.4081142476242, 2.16662
0 0 0 0 0, -158.694342252751, 172.149063980493, 2.16662
0 0 0 0 0, 26.3161765948731, 107.26154110206, 2.16662
0 0 0 0 0, 56.372012052191, 276.53589874948, 2.16662
0 0 0 0 0, -185.027291869022, 116.685685153515, 2.16662
0 0 0 0 0, 227.119583625557, 106.006115026268, 2.16662
0 0 0 0 0, 187.202061814764, -184.6555175864, 2.16662
0 0 0 0 0, 32.0259637620048, -63.0104383959434, 2.16662
0 0 0 0 0, 19.5049438038356, 173.75183008172, 2.16662
0 0 0 0 0, 145.438308397808, 242.335174446734, 2.16662
0 0 0 0 0, -185.818408373774, 38.9796875106667, 2.16662
0 0 0 0 0, 0.5406422729227, -39.5942671424376, 2.16662
0 0 0 0 0, -137.029633696434, 2.54832132380201, 2.16662
0 0 0 0 0, 67.1270060596276, 251.847680233372, 2.16662
0 0 0 0 0, 302.374392500099, 69.8783931136948, 2.16662
0 0 0 0 0, 47.960729943839, -224.04015133819, 2.16662
0 0 0 0 0, -95.9126466452693, 89.239487885406, 2.16662
0 0 0 0 0, -293.603209960747, 105.70765355384, 2.16662
0 0 0 0 0, -34.8888788807961, 298.535335444536, 2.16662
0 0 0 0 0, 47.5950769908136, -39.9348653132281, 2.16662
0 0 0 0 0, 41.7969454088041, -54.6238283205, 2.16662
0 0 0 0 0, -3.2230462094065, -14.799345293429, 2.16662
0 0 0 0 0, 257.51087421113, 124.047896141407, 2.16662
0 0 0 0 0, 145.1996971628, 31.0536907453955, 2.16662
0 0 0 0 0, 16.1452955660077, -103.361978827205, 2.16662
0 0 0 0 0, 14.7005632027403, -162.849768499959, 2.16662
0 0 0 0 0, -135.916026837018, 276.857850465528, 2.16662
0 0 0 0 0, 67.1356420660981, -148.782728817121, 2.16662
0 0 0 0 0, 6.37574814495176, -209.229770595485, 2.16662
0 0 0 0 0, 119.452852511702, 133.800216169141, 2.16662
0 0 0 0 0, -200.344086346183, -161.694385578344, 2.16662
0 0 0 0 0, -184.536104383352, 254.759706873872, 2.16662
0 0 0 0 0, 287.146059962787, -117.457043313085, 2.16662
0 0 0 0 0, 36.3556648261662, -258.321583190843, 2.16662
0 0 0 0 0, -157.189157164819, -268.868009455721, 2.16662
0 0 0 0 0, -200.361771264813, -43.8655738260916, 2.16662
0 0 0 0 0, -11.0543482530063, 120.90240993789, 2.16662
0 0 0 0 0, 168.013464266395, -9.83615756460633, 2.16662
0 0 0 0 0, 23.0884487367465, -216.273767769097, 2.16662
0 0 0 0 0, -98.1630463443605, 217.271280177555, 2.16662
0 0 0 0 0, -281.130055376195, -4.57562766759822, 2.16662
0 0 0 0 0, -180.715445704097, -121.588651221962, 2.16662
0 0 0 0 0, -174.200333818963, 234.137297956933, 2.16662
0 0 0 0 0, -81.4408240750977, -228.896294670594, 2.16662
0 0 0 0 0, 308.549901107916, 89.1951061115111, 2.16662
0 0 0 0 0, -23.4815753057684, 241.162087175283, 2.16662
0 0 0 0 0, 0.0552933362122208, 13.1933414433559, 2.16662
0 0 0 0 0, -210.106069468534, -245.046343801211, 2.16662
0 0 0 0 0, -291.683286973031, -54.5551197394561, 2.16662
0 0 0 0 0, -32.8698387263238, -180.004963103624, 2.16662
0 0 0 0 0, -126.149514420764, -25.5407816858509, 2.16662
0 0 0 0 0, 47.3250910399904, -215.560475455505, 2.16662
0 0 0 0 0, 42.0831363174419, -257.963035340277, 2.16662
0 0 0 0 0, 190.50286590644, -258.093149095903, 2.16662
0 0 0 0 0, 160.815060710145, -18.6347336570986, 2.16662
0 0 0 0 0, -157.660370238762, 198.731917963582, 2.16662
0 0 0 0 0, -247.627587872318, 106.371573874196, 2.16662
0 0 0 0 0, -43.3309612492522, 104.826589788302, 2.16662
0 0 0 0 0, -52.433076481002, 239.821656560037, 2.16662
0 0 0 0 0, 7.07365285998066, 207.247851127976, 2.16662
0 0 0 0 0, 80.4500428875839, 82.6859129105459, 2.16662
0 0 0 0 0, 158.998403228178, 43.8647725734247, 2.16662
0 0 0 0 0, 158.159126611495, 132.21294065054, 2.16662
0 0 0 0 0, 161.770357831395, 35.2395693188974, 2.16662
0 0 0 0 0, 140.342756667037, 217.515573764531, 2.16662
0 0 0 0 0, 1.53709100828732, 229.66248063758, 2.16662
0 0 0 0 0, 103.001224268027, -59.0715586207859, 2.16662
0 0 0 0 0, 208.697141448567, 92.389771981577, 2.16662
0 0 0 0 0, 173.281090468604, 184.602902045059, 2.16662
0 0 0 0 0, -144.933455344801, 244.301065144635, 2.16662
0 0 0 0 0, 238.58843277662, 56.1659389901171, 2.16662
0 0 0 0 0, 214.565614098177, 197.450630089748, 2.16662
0 0 0 0 0, -158.007596324088, 270.572338011598, 2.16662
0 0 0 0 0, 72.4793237968029, -62.7466229970412, 2.16662
0 0 0 0 0, -286.380612275387, 1.7174028033136, 2.16662
0 0 0 0 0, -12.0739618017379, 10.1975912144929, 2.16662
0 0 0 0 0, 111.715006161865, -264.990774263518, 2.16662
0 0 0 0 0, 141.33811726592, -217.205003298323, 2.16662
0 0 0 0 0, -32.5087195547514, -139.233489225975, 2.16662
0 0 0 0 0, -192.707447509858, -238.474098152849, 2.16662
0 0 0 0 0, -57.0871545410335, -275.828075952692, 2.16662
0 0 0 0 0, -23.7377188231722, -240.70378787275, 2.16662
0 0 0 0 0, -7.42184691268024, -280.951141191658, 2.16662
0 0 0 0 0, -17.5742987602839, -303.740907725148, 2.16662
0 0 0 0 0, 10.9355386484125, -285.780097755994, 2.16662
0 0 0 0 0, 12.9234882979085, -273.108687938562, 2.16662
0 0 0 0 0, 38.9084985800819, -277.439775959816, 2.16662
0 0 0 0 0, 56.3614433676255, -284.451748888385, 2.16662
0 0 0 0 0, 67.5244332278502, -241.430355241272, 2.16662
0 0 0 0 0, 73.1006059534862, -255.671908029272, 2.16662
0 0 0 0 0, 77.190767480445, -272.186528854875, 2.16662
0 0 0 0 0, 111.981816470255, -246.250357147899, 2.16662
0 0 0 0 0, 147.988270731512, -233.23250064003, 2.16662
0 0 0 0 0, 115.65922810005, -289.485992171247, 2.16662
0 0 0 0 0, 200.989295348321, -251.574960366807, 2.16662
0 0 0 0 0, -189.429911973692, -194.5215665801, 2.16662
0 0 0 0 0, -184.636335134509, -240.668965633292, 2.16662
0 0 0 0 0, -120.639723590937, -206.34796845245, 2.16662
0 0 0 0 0, -118.316537215877, -233.691447897946, 2.16662
0 0 0 0 0, -130.94766429345, -254.992410940165, 2.16662
0 0 0 0 0, -50.6633019937816, -185.705207632019, 2.16662
0 0 0 0 0, -19.7590800175798, -223.908130004041, 2.16662
0 0 0 0 0, 7.00414554531745, -199.17859916816, 2.16662
0 0 0 0 0, 11.6049766377814, -225.542190662432, 2.16662
0 0 0 0 0, 39.8127425713867, -221.416055866727, 2.16662
0 0 0 0 0, -8.68117168426749, -242.766831665817, 2.16662
0 0 0 0 0, 103.366121870778, -229.058068303149, 2.16662
0 0 0 0 0, 0.430298819695265, -188.557064159621, 2.16662
0 0 0 0 0, 161.693089434606, -214.274855865656, 2.16662
0 0 0 0 0, 114.896544413175, -224.864829101087, 2.16662
0 0 0 0 0, 240.74536244176, -181.379524718246, 2.16662
0 0 0 0 0, -267.848428221776, -169.867964108449, 2.16662
0 0 0 0 0, -231.774288191895, -178.719657470685, 2.16662
0 0 0 0 0, -203.404678510783, -128.088931830931, 2.16662
0 0 0 0 0, -113.46592900682, -161.131164799173, 2.16662
0 0 0 0 0, -130.133308554148, -195.46091997801, 2.16662
0 0 0 0 0, -143.891976725553, -180.806777247478, 2.16662
0 0 0 0 0, -61.0598270518777, -186.461025511132, 2.16662
0 0 0 0 0, -69.1989758183837, -142.101090147028, 2.16662
0 0 0 0 0, -59.4978873797301, -152.750715364711, 2.16662
0 0 0 0 0, -52.8147308834059, -135.469070144834, 2.16662
0 0 0 0 0, 0.151557109695224, -173.735109102296, 2.16662
0 0 0 0 0, 7.68648021404256, -175.350301720642, 2.16662
0 0 0 0 0, 6.93017435144972, -166.490139435296, 2.16662
0 0 0 0 0, 174.834404917114, -169.142932052493, 2.16662
0 0 0 0 0, 183.687414297584, -195.899086844492, 2.16662
0 0 0 0 0, 259.059325650901, -187.944175186638, 2.16662
0 0 0 0 0, -282.929156170996, -109.169833143516, 2.16662
0 0 0 0 0, -228.319307659815, -125.561013693409, 2.16662
0 0 0 0 0, -155.912593145443, -102.006990903179, 2.16662
0 0 0 0 0, -101.045420259155, -109.609687099443, 2.16662
0 0 0 0 0, -79.9013949415258, -114.225821532141, 2.16662
0 0 0 0 0, -59.2355345997289, -92.2894724561748, 2.16662
0 0 0 0 0, 6.26258169949854, -107.295329296635, 2.16662
0 0 0 0 0, 71.7759056250018, -101.885656511527, 2.16662
0 0 0 0 0, 101.777762325328, -160.676183433627, 2.16662
0 0 0 0 0, 102.050545855253, -115.005179593209, 2.16662
0 0 0 0 0, 116.206736755381, -104.24086214255, 2.16662
0 0 0 0 0, 128.163553283619, -110.644074127387, 2.16662
0 0 0 0 0, 117.232691546864, -173.893031388687, 2.16662
0 0 0 0 0, 222.435010953547, -152.817302610226, 2.16662
0 0 0 0 0, 247.768575574857, -155.056741045658, 2.16662
0 0 0 0 0, 288.273980889606, -80.2253094873035, 2.16662
0 0 0 0 0, -302.717673049174, -87.7361494496557, 2.16662
0 0 0 0 0, -277.225377635742, -98.4982574297957, 2.16662
0 0 0 0 0, -258.33753777577, -105.069673301317, 2.16662
0 0 0 0 0, -224.475983060562, -95.68575994002, 2.16662
0 0 0 0 0, -227.421221891438, -80.2756215112503, 2.16662
0 0 0 0 0, -169.721576020152, -91.7992836360345, 2.16662
0 0 0 0 0, -144.04950921116, -125.578393839145, 2.16662
0 0 0 0 0, -129.505002773422, -102.72354788215, 2.16662
0 0 0 0 0, -112.553588746474, -102.1722769882, 2.16662
0 0 0 0 0, 1.25048630654987, -100.216804034042, 2.16662
0 0 0 0 0, 17.7899803336121, -111.771361940341, 2.16662
0 0 0 0 0, 41.5181134566906, -97.3145178790141, 2.16662
0 0 0 0 0, 56.1616679269075, -101.658984356144, 2.16662
0 0 0 0 0, 222.21780746501, -59.3639495192649, 2.16662
0 0 0 0 0, 173.472283289763, -81.7902129443524, 2.16662
0 0 0 0 0, 298.70938053324, -74.6486039917706, 2.16662
0 0 0 0 0, -282.497038708555, -59.2344535036377, 2.16662
0 0 0 0 0, -256.491131308998, -19.2599399566228, 2.16662
0 0 0 0 0, -232.161445130191, -71.6659428432279, 2.16662
0 0 0 0 0, -138.217946937136, -37.6881492643757, 2.16662
0 0 0 0 0, -128.874732433446, -61.7834507443927, 2.16662
0 0 0 0 0, -109.65991630589, -42.3646718943083, 2.16662
0 0 0 0 0, -61.0605982129911, -59.2192873582718, 2.16662
0 0 0 0 0, -17.6859294341841, 1.03045661492374, 2.16662
0 0 0 0 0, 11.8983357781635, -94.3858508429509, 2.16662
0 0 0 0 0, 22.4079452181303, -6.52616899972025, 2.16662
0 0 0 0 0, 38.1333260729089, -58.2082665082527, 2.16662
0 0 0 0 0, 51.7948373356057, -56.2517370652511, 2.16662
0 0 0 0 0, 59.8458808855202, -44.5623735382446, 2.16662
0 0 0 0 0, 85.5736303991735, -67.4365357920087, 2.16662
0 0 0 0 0, 106.692879801154, -65.688082712127, 2.16662
0 0 0 0 0, 266.904281768699, -53.9676906322768, 2.16662
0 0 0 0 0, -319.768734064099, -12.2426106967705, 2.16662
0 0 0 0 0, -289.781987158458, -21.5519654693691, 2.16662
0 0 0 0 0, -231.353560948252, -57.5653867951798, 2.16662
0 0 0 0 0, -168.626148300144, 3.64186127824174, 2.16662
0 0 0 0 0, -106.839378323681, -54.6134617195142, 2.16662
0 0 0 0 0, -98.3426583773307, -12.9309687712781, 2.16662
0 0 0 0 0, -110.201535492987, -13.6710669956215, 2.16662
0 0 0 0 0, -4.7832899549179, 20.0714513644496, 2.16662
0 0 0 0 0, 37.2135474937606, -15.3768254349245, 2.16662
0 0 0 0 0, 31.7179841268582, -4.64099606548309, 2.16662
0 0 0 0 0, 69.0667459452024, -6.67530796176449, 2.16662
0 0 0 0 0, 76.2178769780931, -23.0742510416038, 2.16662
0 0 0 0 0, 156.438572583844, -10.7110864085967, 2.16662
0 0 0 0 0, 177.362972830279, -2.41071292991517, 2.16662
0 0 0 0 0, 239.25749854305, -6.37438130926773, 2.16662
0 0 0 0 0, 286.593262274757, -35.3168824253835, 2.16662
0 0 0 0 0, -300.324914899915, 31.6244754607386, 2.16662
0 0 0 0 0, -239.189286156806, -2.03297969177156, 2.16662
0 0 0 0 0, -239.819438168886, 24.0501144276307, 2.16662
0 0 0 0 0, -215.724409186673, 2.76625641499457, 2.16662
0 0 0 0 0, -202.050642827487, 2.24548409397343, 2.16662
0 0 0 0 0, -141.510257864607, 12.377903077526, 2.16662
0 0 0 0 0, -124.431553878703, 26.7309260072293, 2.16662
0 0 0 0 0, -47.644298916946, 32.5607332822675, 2.16662
0 0 0 0 0, -62.9324110116424, 31.2727904856148, 2.16662
0 0 0 0 0, -66.4038147891375, 42.2636861907264, 2.16662
0 0 0 0 0, 39.2709842796123, 56.8884742391182, 2.16662
0 0 0 0 0, 72.1922592445918, 39.169167452778, 2.16662
0 0 0 0 0, 95.6266375577765, -17.3666957952526, 2.16662
0 0 0 0 0, 134.482820956424, 4.98072259702692, 2.16662
0 0 0 0 0, 174.933999571799, 10.8104305986441, 2.16662
0 0 0 0 0, 282.017993853025, 39.8204560540088, 2.16662
0 0 0 0 0, -317.389330122598, 19.2207901796242, 2.16662
0 0 0 0 0, -200.048624140599, 46.1096248616567, 2.16662
0 0 0 0 0, -189.001434940623, 51.6063849398512, 2.16662
0 0 0 0 0, -159.95094973868, 80.2418950026086, 2.16662
0 0 0 0 0, -121.280479938362, 56.8306908200478, 2.16662
0 0 0 0 0, -93.4683859443136, 47.6871833418098, 2.16662
0 0 0 0 0, -124.307493495669, 86.6887522010051, 2.16662
0 0 0 0 0, 71.8132060831711, 67.4125084868422, 2.16662
0 0 0 0 0, 137.080552024025, 17.6146252932016, 2.16662
0 0 0 0 0, 170.012381310993, 33.8153681191973, 2.16662
0 0 0 0 0, 188.175170424553, 37.0313259438917, 2.16662
0 0 0 0 0, 170.831703027552, 78.1161924576399, 2.16662
0 0 0 0 0, 199.635186853508, 49.0673466616683, 2.16662
0 0 0 0 0, 247.691101683967, 3.99182730777519, 2.16662
0 0 0 0 0, 299.117289727037, 54.4281037425831, 2.16662
0 0 0 0 0, 293.218099681478, 66.9857479184863, 2.16662
0 0 0 0 0, -244.623722290847, 65.5833134914029, 2.16662
0 0 0 0 0, -193.498771964021, 74.7208777751956, 2.16662
0 0 0 0 0, -136.775672085734, 76.9014544533629, 2.16662
0 0 0 0 0, -127.003359544514, 109.482802656449, 2.16662
0 0 0 0 0, -105.326096575536, 112.093233583132, 2.16662
0 0 0 0 0, -7.75618272075856, 101.628025913281, 2.16662
0 0 0 0 0, 104.006501350468, 119.697209047059, 2.16662
0 0 0 0 0, 138.431153101925, 99.8855878455912, 2.16662
0 0 0 0 0, 144.024325130344, 124.502510626384, 2.16662
0 0 0 0 0, 181.899057646002, 95.1407319709771, 2.16662
0 0 0 0 0, 204.052003135444, 115.799996124616, 2.16662
0 0 0 0 0, 194.479203214515, -15.2293579101023, 2.16662
0 0 0 0 0, 276.090525957472, 65.8213622020832, 2.16662
0 0 0 0 0, 275.37098020912, 74.1095198561615, 2.16662
0 0 0 0 0, 249.190658350948, -3.16355508115544, 2.16662
0 0 0 0 0, 294.707986152136, 117.244133267942, 2.16662
0 0 0 0 0, -286.592123880594, 92.2178433836832, 2.16662
0 0 0 0 0, -229.849844537785, 101.936937032022, 2.16662
0 0 0 0 0, -220.190911793669, 98.437565610549, 2.16662
0 0 0 0 0, -219.280632574583, 63.6093156093923, 2.16662
0 0 0 0 0, -120.173414012445, 135.625114805075, 2.16662
0 0 0 0 0, -4.14758786496522, 122.726916775717, 2.16662
0 0 0 0 0, 6.6997770176524, 130.849108135239, 2.16662
0 0 0 0 0, 9.54760163628343, 139.058395578788, 2.16662
0 0 0 0 0, 49.12315209167, 166.205935764421, 2.16662
0 0 0 0 0, 72.8407433724855, 184.735070195348, 2.16662
0 0 0 0 0, 184.269540075052, 143.416952083744, 2.16662
0 0 0 0 0, 241.819881723802, 122.6208173953, 2.16662
0 0 0 0 0, 265.555449171462, 115.379517431276, 2.16662
0 0 0 0 0, 238.801325179951, 160.712602897212, 2.16662
0 0 0 0 0, 287.328378162773, 122.021731428934, 2.16662
0 0 0 0 0, 257.574242860064, 187.777439282691, 2.16662
0 0 0 0 0, -278.789754922509, 124.91588973173, 2.16662
0 0 0 0 0, -233.090530764779, 142.698298816383, 2.16662
0 0 0 0 0, -233.760732320465, 121.640444229488, 2.16662
0 0 0 0 0, -190.191438084238, 162.54557700091, 2.16662
0 0 0 0 0, -182.117948747061, 169.952603847143, 2.16662
0 0 0 0 0, -116.637343729563, 165.35810419263, 2.16662
0 0 0 0 0, -141.119340662373, 182.754217370224, 2.16662
0 0 0 0 0, -97.6154504102917, 160.890896526374, 2.16662
0 0 0 0 0, -6.60134482971875, 164.71706422348, 2.16662
0 0 0 0 0, 9.84459109313004, 174.618826971898, 2.16662
0 0 0 0 0, 28.6019554961468, 171.218190960405, 2.16662
0 0 0 0 0, 129.298792708287, 193.697802352194, 2.16662
0 0 0 0 0, 177.884221254087, 171.45427594724, 2.16662
0 0 0 0 0, 222.84598160357, 162.844770498243, 2.16662
0 0 0 0 0, 219.388045032405, 186.776433675673, 2.16662
0 0 0 0 0, 187.913485677991, 171.07544603777, 2.16662
0 0 0 0 0, -207.954124590673, 187.096757435968, 2.16662
0 0 0 0 0, -173.186346686787, 189.835139641225, 2.16662
0 0 0 0 0, -191.719448923162, 215.128871159526, 2.16662
0 0 0 0 0, -159.936789864627, 220.779958695281, 2.16662
0 0 0 0 0, -173.336309553679, 224.45450451382, 2.16662
0 0 0 0 0, -107.852838940671, 197.718954042629, 2.16662
0 0 0 0 0, -119.288690361661, 221.050568365706, 2.16662
0 0 0 0 0, -83.022357386254, 225.809231412225, 2.16662
0 0 0 0 0, -15.1987426996778, 221.892602251689, 2.16662
0 0 0 0 0, 22.6601529171252, 194.654263106483, 2.16662
0 0 0 0 0, 53.3675325128439, 194.502948626123, 2.16662
0 0 0 0 0, 71.1450909902393, 196.260650510932, 2.16662
0 0 0 0 0, 113.4169612738, 215.33964986363, 2.16662
0 0 0 0 0, 179.750962671681, 194.587425716779, 2.16662
0 0 0 0 0, 187.48754233917, 178.374388482248, 2.16662
0 0 0 0 0, 161.841543064887, 226.672389922243, 2.16662
0 0 0 0 0, -141.430808662583, 244.21127528542, 2.16662
0 0 0 0 0, -122.838056906382, 255.350450877725, 2.16662
0 0 0 0 0, -109.504011217494, 247.286455072593, 2.16662
0 0 0 0 0, -63.7938428649149, 222.594698654255, 2.16662
0 0 0 0 0, -68.7025974881198, 243.776139625378, 2.16662
0 0 0 0 0, -40.4301850515115, 231.789056357221, 2.16662
0 0 0 0 0, -25.0031759466535, 229.72087675799, 2.16662
0 0 0 0 0, 10.312586324306, 219.706775373089, 2.16662
0 0 0 0 0, 3.87584720342243, 237.936806962487, 2.16662
0 0 0 0 0, 45.2368475933048, 272.52875294437, 2.16662
0 0 0 0 0, 132.144195896669, 226.820494173081, 2.16662
0 0 0 0 0, 159.450087999682, 237.516276777856, 2.16662
0 0 0 0 0, 126.398107202161, 243.730017691369, 2.16662
0 0 0 0 0, 166.787152987026, 260.369468182195, 2.16662
0 0 0 0 0, 155.055959166145, 257.420861418413, 2.16662
0 0 0 0 0, 129.837082240096, 292.705631471051, 2.16662
0 0 0 0 0, -138.465133797007, 287.159729105162, 2.16662
0 0 0 0 0, -114.283606247557, 298.224568924991, 2.16662
0 0 0 0 0, -102.289493200903, 283.189010249103, 2.16662
0 0 0 0 0, -42.7511029111007, 255.785582688697, 2.16662
0 0 0 0 0, -23.9045743182327, 287.754220214953, 2.16662
0 0 0 0 0, -5.50362846087497, 304.137971008484, 2.16662
0 0 0 0 0, 16.7325084186431, 277.020251514373, 2.16662
0 0 0 0 0, 32.2390122016551, 285.611805240466, 2.16662
0 0 0 0 0, 57.3744938422237, 295.649930869896, 2.16662
0 0 0 0 0, 63.7755174512542, 312.208080318506, 2.16662
0 0 0 0 0, 101.878761731457, 251.616223299077, 2.16662
0 0 0 0 0, 106.261146285342, 297.385031524381, 2.16662
0 0 0 0 0, 118.005162641097, 293.818903030356, 2.16662
0 0 0 0 0, 102.267508120265, -12.2475972019767, 2.16662
0 0 0 0 0, 261.767368520366, -8.61359345230408, 2.16662
0 0 0 0 0, 199.755293112791, -43.2562572183673, 2.16662
0 0 0 0 0, -275.792259034596, 102.865121083593, 2.16662
0 0 0 0 0, -228.890864110823, 45.979789871515, 2.16662
0 0 0 0 0, -198.346389238944, 16.2168240438958, 2.16662
0 0 0 0 0, -187.387603698202, -16.7569160454308, 2.16662
0 0 0 0 0, -223.563884491495, -59.8112681121771, 2.16662
0 0 0 0 0, 92.8323868606102, -49.3597462305102, 2.16662
0 0 0 0 0, 152.23209527513, -56.7934771025582, 2.16662
0 0 0 0 0, 67.927515988129, -89.8931414363088, 2.16662
0 0 0 0 0, 173.192781765676, -64.9122732737103, 2.16662
0 0 0 0 0, 248.157566257037, -56.128395906217, 2.16662
0 0 0 0 0, 247.076770638666, -63.8072278540528, 2.16662
0 0 0 0 0, -143.660517179466, -101.786331073454, 2.16662
0 0 0 0 0, 120.13144169771, -190.665154345967, 2.16662
0 0 0 0 0, 223.680753808495, -171.655666093203, 2.16662
0 0 0 0 0, 176.041203133998, -199.87545979218, 2.16662
0 0 0 0 0, 187.205020735522, -221.994974129688, 2.16662
-1 0 0 0 0, 0, 0, 3.175
