0 0 0 0 0, 156.900826633425, 112.046809180299, 3.175
0 0 0 0 0, 204.62094749993, -127.738720092889, 2.16662
0 0 0 0 0, 204.553160165138, -130.279142733505, 2.16662
0 0 0 0 0, 91.7499283748861, -274.082540662159, 2.16662
0 0 0 0 0, 91.9730129814317, -276.614874298602, 2.16662
0 0 0 0 0, -123.654117540225, -266.99284639884, 2.16662
0 0 0 0 0, -123.575961835808, -269.533771366389, 2.16662
0 0 0 0 0, -235.310585580259, -144.08335713767, 2.16662
0 0 0 0 0, -235.045872151125, -146.610971286777, 2.16662
0 0 0 0 0, -197.758993643126, 132.677494086745, 2.16662
0 0 0 0 0, -197.79191384274, 135.21861597817, 2.16662
0 0 0 0 0, -83.5381002861465, 277.747040682159, 2.16662
0 0 0 0 0, -83.8354970940858, 280.271770349464, 2.16662
0 0 0 0 0, 126.804257959745, 255.646251892799, 2.16662
0 0 0 0 0, 126.957280885662, 258.183617018562, 2.16662
0 0 0 0 0, 214.271318012024, 114.355883166507, 2.16662
0 0 0 0 0, 214.611158045091, 116.874410588052, 2.16662
0 0 0 0 0, -0.689827881165917, 62.0996419183362, 2.16662
0 0 0 0 0, 0.645643622796535, 64.2617386764718, 2.16662
0 0 0 0 0, -12.315003866527, -64.0436006327982, 2.16662
0 0 0 0 0, -13.6166654139263, -66.2263020622716, 2.16662
0 0 0 0 0, 74.1591491625606, -127.508080939452, 2.16662
0 0 0 0 0, 74.0866599102888, -130.048393778153, 2.16662
0 0 0 0 0, -212.842942155539, -91.6845200065709, 2.16662
0 0 0 0 0, 229.342925943552, 129.696641532197, 2.16662
0 0 0 0 0, 291.496660371194, 47.2508085799999, 2.16662
0 0 0 0 0, -20.2828274715732, 254.666850765554, 2.16662
0 0 0 0 0, -120.595500851495, -295.230770989213, 2.16662
0 0 0 0 0, 51.5408453377714, 226.208222356658, 2.16662
0 0 0 0 0, -121.129265630598, 160.831751252143, 2.16662
0 0 0 0 0, -1.86641699864839, -242.514758132664, 2.16662
0 0 0 0 0, -269.127790102166, 52.9330509199667, 2.16662
0 0 0 0 0, 98.6996295614369, -154.484212049467, 2.16662
0 0 0 0 0, -37.3401756735869, 105.142214990868, 2.16662
0 0 0 0 0, 45.3542505436754, -231.535296191241, 2.16662
0 0 0 0 0, -105.323716180367, 78.0668358910928, 2.16662
0 0 0 0 0, -158.497009981534, -95.3384810079249, 2.16662
0 0 0 0 0, -257.594100652068, -21.6664439593465, 2.16662
0 0 0 0 0, 317.137645960023, -45.7805309235201, 2.16662
0 0 0 0 0, -97.6553463154077, 249.63679988068, 2.16662
0 0 0 0 0, -24.1022030723121, 114.119582012294, 2.16662
0 0 0 0 0, 229.165824215368, -90.445686171874, 2.16662
0 0 0 0 0, 227.371340015385, 191.102754933172, 2.16662
0 0 0 0 0, -36.0996014228019, -230.564857909009, 2.16662
0 0 0 0 0, 35.1558440499224, -80.3884000249256, 2.16662
0 0 0 0 0, -58.5674736487658, 79.2846038625048, 2.16662
0 0 0 0 0, 125.85511393347, 235.602376194541, 2.16662
0 0 0 0 0, 196.697643719848, -43.119484420919, 2.16662
0 0 0 0 0, 285.074172093366, 43.0982920141978, 2.16662
0 0 0 0 0, -143.062599892834, -84.6963624765079, 2.16662
0 0 0 0 0, 220.505067886188, -176.796568466415, 2.16662
0 0 0 0 0, -95.4587578441749, 167.215322592502, 2.16662
0 0 0 0 0, 86.4920030083252, -154.543583548457, 2.16662
0 0 0 0 0, 133.064380964196, -250.659131302486, 2.16662
0 0 0 0 0, 299.130859643966, 21.0664218467344, 2.16662
0 0 0 0 0, 38.2413075742733, -241.324651692773, 2.16662
0 0 0 0 0, 153.698906932128, -11.1007196778806, 2.16662
0 0 0 0 0, 35.2103343757142, -156.964233894388, 2.16662
0 0 0 0 0, -43.8320277250983, 244.682516772331, 2.16662
0 0 0 0 0, 79.1506335933167, 47.0597490422728, 2.16662
0 0 0 0 0, -255.745693704846, -155.567584438316, 2.16662
0 0 0 0 0, -49.7639777722479, 144.332113132574, 2.16662
0 0 0 0 0, 125.120420512238, -21.5309054485594, 2.16662
0 0 0 0 0, 159.689204700563, -44.2170335327451, 2.16662
0 0 0 0 0, 11.5783370966299, 65.3974198319646, 2.16662
0 0 0 0 0, -3.54160736703693, 209.760420915447, 2.16662
0 0 0 0 0, 33.675890688843, -116.885640268354, 2.16662
0 0 0 0 0, 42.930005045894, -31.9332803781998, 2.16662
0 0 0 0 0, -248.284125131455, -50.4983195449632, 2.16662
0 0 0 0 0, 131.863707956252, 50.8500811433464, 2.16662
0 0 0 0 0, -278.224483476847, 33.9769512734729, 2.16662
0 0 0 0 0, 96.5296713371812, -288.005607755716, 2.16662
0 0 0 0 0, 47.6996728812558, 176.39687467163, 2.16662
0 0 0 0 0, -151.362101216373, 159.567521340689, 2.16662
0 0 0 0 0, -34.733324021147, -37.2179167103238, 2.16662
0 0 0 0 0, -175.361335563072, 40.2444633467652, 2.16662
0 0 0 0 0, 173.302376294001, -124.449375390137, 2.16662
0 0 0 0 0, 181.758687877637, -135.839348571347, 2.16662
0 0 0 0 0, 48.4001208611663, -28.5296029437343, 2.16662
0 0 0 0 0, -231.685783774586, 42.2837486175295, 2.16662
0 0 0 0 0, 219.045125194228, 199.587526752378, 2.16662
0 0 0 0 0, -146.854504234179, -141.874004416201, 2.16662
0 0 0 0 0, -226.181330746449, 227.202637554694, 2.16662
0 0 0 0 0, -193.20122555874, -157.811400715406, 2.16662
0 0 0 0 0, 197.519069716953, -100.983937535257, 2.16662
0 0 0 0 0, -118.47635417005, -108.272664584263, 2.16662
0 0 0 0 0, 63.657622708255, -174.627217984176, 2.16662
0 0 0 0 0, 234.765211954336, -87.2575385767348, 2.16662
0 0 0 0 0, -31.8263783504118, -22.0687793065598, 2.16662
0 0 0 0 0, 65.7540580232408, 304.506053096941, 2.16662
0 0 0 0 0, 307.253449433809, -97.4646100718423, 2.16662
0 0 0 0 0, -8.63491347867062, 12.965374215759, 2.16662
0 0 0 0 0, -240.01949135717, -170.560373514062, 2.16662
0 0 0 0 0, 76.0080514659759, 212.154287405207, 2.16662
0 0 0 0 0, 51.3462989238996, 64.5300668172765, 2.16662
0 0 0 0 0, 253.626753978943, 143.625660383193, 2.16662
0 0 0 0 0, -193.36135056692, -250.838186100854, 2.16662
0 0 0 0 0, -113.857554703989, 249.619334398666, 2.16662
0 0 0 0 0, 20.3816153761775, -302.513440295576, 2.16662
0 0 0 0 0, 100.514585160563, -236.450695502824, 2.16662
0 0 0 0 0, -80.126891299573, -272.577012025799, 2.16662
0 0 0 0 0, 12.4297299042707, -15.7120946005858, 2.16662
0 0 0 0 0, -38.9225749068638, -132.817518308865, 2.16662
0 0 0 0 0, 68.5109673230224, -95.2976177520502, 2.16662
0 0 0 0 0, 124.4748421796, -54.8984524693863, 2.16662
0 0 0 0 0, 47.6036538798744, 0.0540413827807815, 2.16662
0 0 0 0 0, -199.409819384694, -45.3163944711979, 2.16662
0 0 0 0 0, 136.255140280793, -265.734356237932, 2.16662
0 0 0 0 0, -307.36683486892, -61.2937074124865, 2.16662
0 0 0 0 0, -296.99735014403, -109.521413214409, 2.16662
0 0 0 0 0, -116.54990615691, -173.917501888303, 2.16662
0 0 0 0 0, 119.56860085368, 33.2691863527174, 2.16662
0 0 0 0 0, 159.32962423048, -103.191073754857, 2.16662
0 0 0 0 0, 160.91445039137, 240.631462957947, 2.16662
0 0 0 0 0, 208.906499055697, 30.1382095689456, 2.16662
0 0 0 0 0, 22.0667007055865, -65.5093438776433, 2.16662
0 0 0 0 0, 157.272011580249, -145.761087403981, 2.16662
0 0 0 0 0, 172.646144011604, -214.198136637715, 2.16662
0 0 0 0 0, 154.822377945574, -123.827240907551, 2.16662
0 0 0 0 0, 273.847497228994, 20.4473142644809, 2.16662
0 0 0 0 0, -299.62879301793, -25.9417285463625, 2.16662
0 0 0 0 0, 76.8280697840612, -272.066761291667, 2.16662
0 0 0 0 0, -183.247101678096, -33.890560696318, 2.16662
0 0 0 0 0, 139.824235699889, 26.9172841036627, 2.16662
0 0 0 0 0, -284.403512571664, -123.967806116341, 2.16662
0 0 0 0 0, -219.078446440651, 68.5777058761757, 2.16662
0 0 0 0 0, -60.4238350244549, -23.6161838631023, 2.16662
0 0 0 0 0, -66.9953143233154, -250.251564449643, 2.16662
0 0 0 0 0, 243.407826534973, 124.699649351214, 2.16662
0 0 0 0 0, -103.537311838369, 305.901830427904, 2.16662
0 0 0 0 0, -162.212989785432, -127.289869730252, 2.16662
0 0 0 0 0, -174.042308632602, 32.7052190056826, 2.16662
0 0 0 0 0, -162.562915846731, 126.700502483779, 2.16662
0 0 0 0 0, -19.620122263329, -228.417348363529, 2.16662
0 0 0 0 0, -234.928426790047, 130.357465971725, 2.16662
0 0 0 0 0, 208.666609195111, 129.547982405346, 2.16662
0 0 0 0 0, 172.282808585501, 109.795759447015, 2.16662
0 0 0 0 0, -49.9339974221229, 80.3526198880026, 2.16662
0 0 0 0 0, 220.056764932813, 78.1545360553656, 2.16662
0 0 0 0 0, 118.686272667832, -91.9850431574048, 2.16662
0 0 0 0 0, 307.339304949879, 63.1535072849328, 2.16662
0 0 0 0 0, -113.869522974458, 51.5152319205452, 2.16662
0 0 0 0 0, 42.1996283186981, -93.3761354042329, 2.16662
0 0 0 0 0, -119.705048521421, -76.6418654880088, 2.16662
0 0 0 0 0, 26.5644385578152, -89.3634230892645, 2.16662
0 0 0 0 0, -80.2630180553421, -83.9488646161454, 2.16662
0 0 0 0 0, 145.250361531066, -254.251084232293, 2.16662
0 0 0 0 0, -20.8698986908261, -212.800835077385, 2.16662
0 0 0 0 0, 34.6480068703518, -57.5815976419121, 2.16662
0 0 0 0 0, 116.662046233448, 208.190505736423, 2.16662
0 0 0 0 0, -9.94499053447376, 122.390242179626, 2.16662
0 0 0 0 0, 65.4673278140331, -306.423643509282, 2.16662
0 0 0 0 0, 31.0004020885858, 74.0736798256219, 2.16662
0 0 0 0 0, -71.8381480920552, -256.868812161092, 2.16662
0 0 0 0 0, -29.4291020896311, -217.165760920594, 2.16662
0 0 0 0 0, -161.349351958981, 120.349502637903, 2.16662
0 0 0 0 0, -146.958038612204, 91.3915956135994, 2.16662
0 0 0 0 0, -152.172705758383, 8.13013163686641, 2.16662
0 0 0 0 0, 174.30696888383, -86.1859900013815, 2.16662
0 0 0 0 0, 63.6398567241039, -291.656032467343, 2.16662
0 0 0 0 0, 70.2795732423102, 134.241369645131, 2.16662
0 0 0 0 0, -187.191374021666, 176.91855996056, 2.16662
0 0 0 0 0, -153.30708859298, 171.696216919412, 2.16662
0 0 0 0 0, -30.88799097421, 274.965817400538, 2.16662
0 0 0 0 0, 138.268954629672, -124.182829595475, 2.16662
0 0 0 0 0, 228.820010174088, -174.489123806015, 2.16662
0 0 0 0 0, 47.2463093621195, 27.1444424740626, 2.16662
0 0 0 0 0, -45.2094431136082, 130.592404276129, 2.16662
0 0 0 0 0, -50.0679588189217, 102.703963952299, 2.16662
0 0 0 0 0, -109.192492463414, 74.2565934856097, 2.16662
0 0 0 0 0, 274.567556341219, -80.8042249937996, 2.16662
0 0 0 0 0, 202.469757500357, -207.297502413384, 2.16662
0 0 0 0 0, -39.0580454006516, -37.9726791406356, 2.16662
0 0 0 0 0, -155.275315287855, -200.305704701702, 2.16662
0 0 0 0 0, -152.190678105187, -247.605384802618, 2.16662
0 0 0 0 0, -238.865430311201, -209.021395949917, 2.16662
0 0 0 0 0, 56.7852589721944, -96.6051637922416, 2.16662
0 0 0 0 0, 320.442997669738, -15.4702641362159, 2.16662
0 0 0 0 0, 180.620948801705, -0.548106990544417, 2.16662
0 0 0 0 0, 227.734781608273, -200.920523948868, 2.16662
0 0 0 0 0, 142.473857885637, -29.8239830459997, 2.16662
0 0 0 0 0, -184.877070377208, -53.5348466556963, 2.16662
0 0 0 0 0, 160.993549895463, -3.5707260642433, 2.16662
0 0 0 0 0, -162.851926822425, 151.052511262153, 2.16662
0 0 0 0 0, -111.406680953224, -272.725307285109, 2.16662
0 0 0 0 0, 162.753882181875, -257.1893663119, 2.16662
0 0 0 0 0, 28.4685146614197, 5.06355522758487, 2.16662
0 0 0 0 0, 31.9714729487348, 294.428518901209, 2.16662
0 0 0 0 0, -187.282958615508, -257.819929416553, 2.16662
0 0 0 0 0, -176.113974491939, -271.194335817623, 2.16662
0 0 0 0 0, 48.1125169815245, -188.528614224737, 2.16662
0 0 0 0 0, 231.854090475737, -176.696856670409, 2.16662
0 0 0 0 0, -303.106125923007, -22.7776002466789, 2.16662
0 0 0 0 0, -1.61367004703458, 182.562208644925, 2.16662
0 0 0 0 0, 23.1138673200649, 72.1760657274527, 2.16662
0 0 0 0 0, -97.5330651457416, 10.8749023861901, 2.16662
0 0 0 0 0, -143.400233530034, 21.2427733768913, 2.16662
0 0 0 0 0, 4.73285454621951, -38.679815833795, 2.16662
0 0 0 0 0, 135.304256600815, -164.591322315665, 2.16662
0 0 0 0 0, 65.7152695926715, 48.1303625395597, 2.16662
0 0 0 0 0, 276.705604626038, -102.454356950378, 2.16662
0 0 0 0 0, -45.0442688899419, -20.9298372588795, 2.16662
0 0 0 0 0, 104.727981636056, 15.5576837680508, 2.16662
0 0 0 0 0, -63.6581840579663, 13.4354218422507, 2.16662
0 0 0 0 0, 76.806582017633, -32.0341279853899, 2.16662
0 0 0 0 0, -170.946152711148, 56.2147055393851, 2.16662
0 0 0 0 0, 176.639631588387, 91.1428902275764, 2.16662
0 0 0 0 0, -301.624041971821, -1.90246403636104, 2.16662
0 0 0 0 0, 235.615894903517, -211.337889422638, 2.16662
0 0 0 0 0, -63.6042259444997, -308.082980831459, 2.16662
0 0 0 0 0, 201.08601244793, 61.9707689203376, 2.16662
0 0 0 0 0, -97.3019386031802, 214.776280015115, 2.16662
0 0 0 0 0, -99.1707850375131, -304.526965614979, 2.16662
0 0 0 0 0, -289.335462327023, 110.52422950657, 2.16662
0 0 0 0 0, 0.843206080773207, 13.6410764924866, 2.16662
0 0 0 0 0, -27.0969352257175, 121.797388587576, 2.16662
0 0 0 0 0, 181.226997252188, -35.730613171866, 2.16662
0 0 0 0 0, 122.195860524361, 140.901792774294, 2.16662
0 0 0 0 0, -61.8413402716379, -52.2156077313819, 2.16662
0 0 0 0 0, -143.6650107567, -9.41753288620512, 2.16662
0 0 0 0 0, -36.3012160202043, 251.371746309535, 2.16662
0 0 0 0 0, 117.787544683049, -279.908833098625, 2.16662
0 0 0 0 0, 116.223824717088, 18.2401571657083, 2.16662
0 0 0 0 0, -113.993258567946, -208.051412838562, 2.16662
0 0 0 0 0, -277.822075242732, 37.8734778092125, 2.16662
0 0 0 0 0, 39.930227034077, 150.511881338624, 2.16662
0 0 0 0 0, -140.453922341435, 219.154750053953, 2.16662
0 0 0 0 0, 151.328498501395, 13.8366016039355, 2.16662
0 0 0 0 0, -152.302914495127, -74.5315536899659, 2.16662
0 0 0 0 0, 183.860330058162, -263.909206971891, 2.16662
0 0 0 0 0, 50.7077522399906, 19.4144665155229, 2.16662
0 0 0 0 0, 11.7062507331225, -309.069363080985, 2.16662
0 0 0 0 0, 13.7558498957159, 26.6551494596175, 2.16662
0 0 0 0 0, -138.178260308142, -107.610756747718, 2.16662
0 0 0 0 0, 174.062120814119, -160.171402104645, 2.16662
0 0 0 0 0, 281.705631304638, 152.981627547432, 2.16662
0 0 0 0 0, -131.158306194642, -86.0679044429278, 2.16662
0 0 0 0 0, 164.107647188741, -205.797118518622, 2.16662
0 0 0 0 0, -143.449461206289, -172.292914984593, 2.16662
0 0 0 0 0, 111.286214839921, -63.8472311002165, 2.16662
0 0 0 0 0, 194.411502882885, 107.044237097083, 2.16662
0 0 0 0 0, 294.304256351514, -20.9544900429002, 2.16662
0 0 0 0 0, 43.0228561066817, 34.2480592696563, 2.16662
0 0 0 0 0, 118.312452297275, -254.706594460971, 2.16662
0 0 0 0 0, -194.209996341162, -9.30745325525834, 2.16662
0 0 0 0 0, 185.26722794918, 70.9117572932451, 2.16662
0 0 0 0 0, 182.428568436564, -63.8056836265117, 2.16662
0 0 0 0 0, -65.128803083652, 110.05314427462, 2.16662
0 0 0 0 0, 246.42122208651, 161.206048767172, 2.16662
0 0 0 0 0, 133.178328546139, 208.65009378371, 2.16662
0 0 0 0 0, 235.439527148001, 50.9747126708398, 2.16662
0 0 0 0 0, -96.3527641168576, 261.671115817279, 2.16662
0 0 0 0 0, 229.72076537715, 73.7795660708555, 2.16662
0 0 0 0 0, 188.971130672565, 30.786772890187, 2.16662
0 0 0 0 0, 258.395962254481, -62.6243372040759, 2.16662
0 0 0 0 0, 17.6935666708898, -47.2188629480617, 2.16662
0 0 0 0 0, 231.449786655282, 70.178416621022, 2.16662
0 0 0 0 0, -123.563737323395, 54.8960818011151, 2.16662
0 0 0 0 0, 25.6825288082012, 118.163868519164, 2.16662
0 0 0 0 0, -277.524679190825, -126.033101338664, 2.16662
0 0 0 0 0, -183.554281718552, -110.34705918133, 2.16662
0 0 0 0 0, -46.4724621206638, -297.759276737831, 2.16662
0 0 0 0 0, -110.899828774063, -35.9330434081659, 2.16662
0 0 0 0 0, 76.9706039609921, -239.721987880893, 2.16662
0 0 0 0 0, 77.0485287875162, -83.6429048557442, 2.16662
0 0 0 0 0, 190.662089730719, -202.567717178131, 2.16662
0 0 0 0 0, 232.279945232076, -147.043315718029, 2.16662
0 0 0 0 0, -255.209793309002, 37.7157364415208, 2.16662
0 0 0 0 0, -149.505987461413, 86.5917198729445, 2.16662
0 0 0 0 0, -101.66146501842, 287.730848111856, 2.16662
0 0 0 0 0, -77.3870791070663, 292.205979190766, 2.16662
0 0 0 0 0, 58.204770415255, 190.708361493364, 2.16662
0 0 0 0 0, 44.5985066311071, 77.8572964742394, 2.16662
0 0 0 0 0, 216.111345514117, 99.3269634200925, 2.16662
0 0 0 0 0, 299.225657999001, 58.6742023557892, 2.16662
0 0 0 0 0, 96.2803723637469, -309.828292558024, 2.16662
0 0 0 0 0, -83.1408678652779, -33.8757991063535, 2.16662
0 0 0 0 0, -135.154010614244, 251.185172495818, 2.16662
0 0 0 0 0, -132.671499378943, 268.322644869408, 2.16662
0 0 0 0 0, -98.2177586433735, 101.507587635371, 2.16662
0 0 0 0 0, -148.363856982741, 134.55153728672, 2.16662
0 0 0 0 0, -161.188000446553, 246.442085672797, 2.16662
0 0 0 0 0, -154.162448750338, 271.569878587685, 2.16662
0 0 0 0 0, 123.166920973253, -198.302470853909, 2.16662
0 0 0 0 0, 239.131770293707, -135.681417343593, 2.16662
0 0 0 0 0, 161.987878525881, -128.604183837221, 2.16662
0 0 0 0 0, -87.0453810340321, -53.6785783841355, 2.16662
0 0 0 0 0, -138.32189771107, -13.2939527275157, 2.16662
0 0 0 0 0, -29.9313587851045, 10.8255603582135, 2.16662
0 0 0 0 0, -90.8652204971207, 100.110706473118, 2.16662
0 0 0 0 0, -82.2802739763351, -304.289188247869, 2.16662
0 0 0 0 0, -125.043343478334, -257.085810589171, 2.16662
0 0 0 0 0, -119.830624400774, -251.960271788856, 2.16662
0 0 0 0 0, -59.3786734645187, -294.143919839668, 2.16662
0 0 0 0 0, -49.3183847380261, -305.995287797498, 2.16662
0 0 0 0 0, -48.0029468394429, -285.303349426051, 2.16662
0 0 0 0 0, -39.7849706374203, -297.8876146018, 2.16662
0 0 0 0 0, -40.4440498424281, -279.791726816541, 2.16662
0 0 0 0 0, 12.2681302468063, -292.484931155972, 2.16662
0 0 0 0 0, 32.0757206929914, -288.274997622652, 2.16662
0 0 0 0 0, 69.6172382845114, -280.530103378481, 2.16662
0 0 0 0 0, 47.1958011964653, -314.000772358643, 2.16662
0 0 0 0 0, 101.041165324726, -272.213992018013, 2.16662
0 0 0 0 0, 105.463224817172, -254.545989544578, 2.16662
0 0 0 0 0, 131.850044463692, -272.885020133641, 2.16662
0 0 0 0 0, -170.892236312457, -240.857893919227, 2.16662
0 0 0 0 0, -168.582449046391, -222.812082541736, 2.16662
0 0 0 0 0, -139.202751444917, -249.8241833644, 2.16662
0 0 0 0 0, -131.017093435382, -235.301358953331, 2.16662
0 0 0 0 0, -105.842057064057, -242.267271783514, 2.16662
0 0 0 0 0, -17.7814550627785, -257.083932270495, 2.16662
0 0 0 0 0, -11.0062679028905, -226.89811998718, 2.16662
0 0 0 0 0, 62.905570386713, -255.521308195355, 2.16662
0 0 0 0 0, 111.149886649519, -228.950959179395, 2.16662
0 0 0 0 0, 153.468605716778, -248.840155299013, 2.16662
0 0 0 0 0, 136.450935653477, -285.787263672452, 2.16662
0 0 0 0 0, 168.740009555396, -239.503311396475, 2.16662
0 0 0 0 0, 189.202098890638, -254.227802221216, 2.16662
0 0 0 0 0, 186.327201364314, -242.454038449795, 2.16662
0 0 0 0 0, -244.30366609158, -192.527360389152, 2.16662
0 0 0 0 0, -115.552632357475, -228.620640664941, 2.16662
0 0 0 0 0, -10.7640617818299, -212.439703056808, 2.16662
0 0 0 0 0, -22.6933236757841, -190.613349151662, 2.16662
0 0 0 0 0, -40.8056697271175, -184.374277959621, 2.16662
0 0 0 0 0, 12.852888112922, -231.465795607414, 2.16662
0 0 0 0 0, 28.6743437169469, -236.475518135736, 2.16662
0 0 0 0 0, 36.4995702465532, -230.564760284392, 2.16662
0 0 0 0 0, 81.5209453066447, -239.306379800823, 2.16662
0 0 0 0 0, 92.9102697646207, -241.963498005049, 2.16662
0 0 0 0 0, 152.383795723197, -186.713324931084, 2.16662
0 0 0 0 0, 186.80064258387, -217.846097649406, 2.16662
0 0 0 0 0, 219.775327947214, -191.592673513147, 2.16662
0 0 0 0 0, 242.817111791181, -198.302723485089, 2.16662
0 0 0 0 0, -233.374308617465, -177.624871150049, 2.16662
0 0 0 0 0, -164.109314755553, -215.353174626281, 2.16662
0 0 0 0 0, -142.496563924256, -181.484941280207, 2.16662
0 0 0 0 0, -123.021409805203, -166.067453966869, 2.16662
0 0 0 0 0, 18.4832460240674, -183.175175554872, 2.16662
0 0 0 0 0, 68.7711825496856, -145.476810623782, 2.16662
0 0 0 0 0, 115.73042958361, -214.190510080775, 2.16662
0 0 0 0 0, 145.18602235556, -167.247226184731, 2.16662
0 0 0 0 0, 175.94305699401, -170.026027177135, 2.16662
0 0 0 0 0, 180.451623572251, -227.947843016662, 2.16662
0 0 0 0 0, 236.315434075449, -183.175368865799, 2.16662
0 0 0 0 0, 256.697398327637, -164.719272940041, 2.16662
0 0 0 0 0, 241.054823261474, -153.957509432746, 2.16662
0 0 0 0 0, 193.815959703128, -153.823183286219, 2.16662
0 0 0 0 0, -269.903807914446, -119.307673698483, 2.16662
0 0 0 0 0, -250.507211264267, -155.720754599956, 2.16662
0 0 0 0 0, -189.063178192146, -133.769577753725, 2.16662
0 0 0 0 0, -171.063404257517, -137.270805344154, 2.16662
0 0 0 0 0, -127.681763423984, -135.761112999943, 2.16662
0 0 0 0 0, -43.2618929384591, -141.205732489179, 2.16662
0 0 0 0 0, 9.58839375514429, -163.823910292079, 2.16662
0 0 0 0 0, 80.9018179216952, -132.272427603055, 2.16662
0 0 0 0 0, 111.500113599917, -157.137505653645, 2.16662
0 0 0 0 0, 155.755169706001, -161.703923572541, 2.16662
0 0 0 0 0, 143.386419868117, -107.013247293373, 2.16662
0 0 0 0 0, 180.25699116774, -151.896704951844, 2.16662
0 0 0 0 0, 218.613560143613, -117.296487528468, 2.16662
0 0 0 0 0, 263.15854421861, -120.601695144818, 2.16662
0 0 0 0 0, -277.940202836846, -110.955055788909, 2.16662
0 0 0 0 0, -257.559033347286, -132.428747502828, 2.16662
0 0 0 0 0, -185.612308146442, -101.017203306577, 2.16662
0 0 0 0 0, -125.808765283229, -102.406007232052, 2.16662
0 0 0 0 0, -109.651505303662, -104.600109626507, 2.16662
0 0 0 0 0, 22.6491866243171, -121.707273539833, 2.16662
0 0 0 0 0, 59.2232171632388, -86.5109395517853, 2.16662
0 0 0 0 0, 113.920269845848, -132.601891284931, 2.16662
0 0 0 0 0, 159.278238500948, -77.8824929886834, 2.16662
0 0 0 0 0, 171.629261665674, -73.9712781976501, 2.16662
0 0 0 0 0, 168.101025863962, -179.131770016769, 2.16662
0 0 0 0 0, 220.655222697046, -76.8401384414901, 2.16662
0 0 0 0 0, 286.408773570781, -84.1311493289158, 2.16662
0 0 0 0 0, 295.312497882451, -81.8157271965424, 2.16662
0 0 0 0 0, -229.862124988314, -92.3165984338814, 2.16662
0 0 0 0 0, -166.525188482685, -90.6167129413031, 2.16662
0 0 0 0 0, -126.165902735217, -61.0265791935946, 2.16662
0 0 0 0 0, -111.016574804318, -66.0904063882875, 2.16662
0 0 0 0 0, -78.4590697924205, -69.6479580684288, 2.16662
0 0 0 0 0, -6.77375189996855, -111.598285169019, 2.16662
0 0 0 0 0, 66.5984283146558, -79.9971025667747, 2.16662
0 0 0 0 0, 75.0651614837345, -117.875958552805, 2.16662
0 0 0 0 0, 93.4856985376404, -72.0240883514167, 2.16662
0 0 0 0 0, 128.572978614411, -83.5568673086598, 2.16662
0 0 0 0 0, 201.02422629611, -64.6555798725499, 2.16662
0 0 0 0 0, 221.153509329608, -60.7918319837793, 2.16662
0 0 0 0 0, 247.034414205462, -59.7560118655945, 2.16662
0 0 0 0 0, 299.737159669915, -74.2430592138918, 2.16662
0 0 0 0 0, -300.691192973431, -69.8813000904002, 2.16662
0 0 0 0 0, -239.96042204863, -48.6290774591915, 2.16662
0 0 0 0 0, -166.485288466571, -65.2193642562141, 2.16662
0 0 0 0 0, -114.583428154694, -48.2447065491622, 2.16662
0 0 0 0 0, -106.98439408194, -48.5519740345494, 2.16662
0 0 0 0 0, -82.7216176409197, -42.2730924380757, 2.16662
0 0 0 0 0, -71.3042282779863, -50.2400843135061, 2.16662
0 0 0 0 0, 45.5126672959569, -46.6382475024892, 2.16662
0 0 0 0 0, 53.5682132797387, -53.354819233805, 2.16662
0 0 0 0 0, 53.7918478606179, -119.019905922, 2.16662
0 0 0 0 0, 102.185881833016, -79.0523144653262, 2.16662
0 0 0 0 0, 130.258406866516, -69.4275862576988, 2.16662
0 0 0 0 0, 178.646558587066, -47.8380825199679, 2.16662
0 0 0 0 0, 265.705964110017, -53.0099704594478, 2.16662
0 0 0 0 0, -216.024443683011, -73.5515762401267, 2.16662
0 0 0 0 0, -187.612767025915, -13.6200348816443, 2.16662
0 0 0 0 0, -107.358266445133, -35.0319909737368, 2.16662
0 0 0 0 0, -71.2600951233223, -32.9980273053248, 2.16662
0 0 0 0 0, -36.4191107062757, -14.5238297922224, 2.16662
0 0 0 0 0, -51.0109031070032, -61.9191098478248, 2.16662
0 0 0 0 0, 8.14116807148848, -22.2486141555607, 2.16662
0 0 0 0 0, 40.4828198110357, -18.5776137188667, 2.16662
0 0 0 0 0, 56.9311493003041, -32.9988876387392, 2.16662
0 0 0 0 0, 72.405954798108, -15.4683353478802, 2.16662
0 0 0 0 0, 165.238694447071, -48.1309165843556, 2.16662
0 0 0 0 0, 173.230388256832, -35.8671282865235, 2.16662
0 0 0 0 0, 185.432003538516, -21.6970649799271, 2.16662
0 0 0 0 0, 301.556961271185, -39.8365959241142, 2.16662
0 0 0 0 0, -299.442867089304, -37.4188220128983, 2.16662
0 0 0 0 0, -280.504878027421, -40.396824144722, 2.16662
0 0 0 0 0, -238.755650813229, -37.9043241010723, 2.16662
0 0 0 0 0, -152.958128638203, -13.6463623883205, 2.16662
0 0 0 0 0, -81.1556575328823, 0.371228510454953, 2.16662
0 0 0 0 0, -8.58972905199706, -14.9512132927859, 2.16662
0 0 0 0 0, -21.1274097581412, 8.78920231142308, 2.16662
0 0 0 0 0, 17.6216669547287, 0.713534692556501, 2.16662
0 0 0 0 0, 50.466066454307, -9.06126881033592, 2.16662
0 0 0 0 0, 125.226350657288, -8.56454475774769, 2.16662
0 0 0 0 0, 151.086620721332, -48.4303278543111, 2.16662
0 0 0 0 0, 168.00539523928, 0.301222832794402, 2.16662
0 0 0 0 0, 261.752329735371, -1.29857724914768, 2.16662
0 0 0 0 0, 312.835619258674, -75.8656242734098, 2.16662
0 0 0 0 0, -306.173399951519, 8.16488444432097, 2.16662
0 0 0 0 0, -212.425093329316, -1.54047972718723, 2.16662
0 0 0 0 0, -174.496464651777, 10.7628503616353, 2.16662
0 0 0 0 0, -128.38037252785, -24.6005307567563, 2.16662
0 0 0 0 0, -101.200080037381, 21.0034778412625, 2.16662
0 0 0 0 0, -60.5322750752099, 40.4064816449342, 2.16662
0 0 0 0 0, -46.7938399814696, 37.870859354026, 2.16662
0 0 0 0 0, 5.26678936652379, 4.11976400718005, 2.16662
0 0 0 0 0, -1.2121993955409, 36.9411433819613, 2.16662
0 0 0 0 0, 32.9678972448773, 13.8307439892882, 2.16662
0 0 0 0 0, 74.4091472890675, 5.52135767766136, 2.16662
0 0 0 0 0, 166.562770541179, 10.4053704951176, 2.16662
0 0 0 0 0, 132.849543173744, 3.78497152317469, 2.16662
0 0 0 0 0, 206.162168686092, -3.87358395390801, 2.16662
0 0 0 0 0, -274.913035790475, 19.6185043295602, 2.16662
0 0 0 0 0, -155.247479904952, 41.7309086881828, 2.16662
0 0 0 0 0, -123.507246656894, 22.2194057709862, 2.16662
0 0 0 0 0, 10.311806162097, 51.0460848281686, 2.16662
0 0 0 0 0, 44.5726578507086, 54.5511542938876, 2.16662
0 0 0 0 0, 82.2891636281017, 14.3810387103016, 2.16662
0 0 0 0 0, 111.627552759832, 9.860408148114, 2.16662
0 0 0 0 0, 111.162648536797, 26.2027149845423, 2.16662
0 0 0 0 0, 159.461144585583, 41.9293130009616, 2.16662
0 0 0 0 0, 177.484245689966, 46.0933187961732, 2.16662
0 0 0 0 0, 222.265092288584, 18.2885522973505, 2.16662
0 0 0 0 0, 219.683663684797, 10.7595238300185, 2.16662
0 0 0 0 0, 280.248957617144, 36.1998056712617, 2.16662
0 0 0 0 0, 299.435658672687, 75.439428529264, 2.16662
0 0 0 0 0, -297.458306898987, 16.4754798097809, 2.16662
0 0 0 0 0, -249.773493080914, 73.6561991700162, 2.16662
0 0 0 0 0, -242.860410452426, 32.5077680255131, 2.16662
0 0 0 0 0, -222.358377141457, 44.7497168969537, 2.16662
0 0 0 0 0, -200.014866326966, 61.9932313267308, 2.16662
0 0 0 0 0, -100.137665261955, 55.2574030197187, 2.16662
0 0 0 0 0, -122.397825516242, 30.3024978437049, 2.16662
0 0 0 0 0, 56.6061686538999, 60.9009413395619, 2.16662
0 0 0 0 0, 66.8410139866775, 71.7656112328265, 2.16662
0 0 0 0 0, 85.5838774428326, 71.1815604878037, 2.16662
0 0 0 0 0, 172.138887376409, 65.4195734259383, 2.16662
0 0 0 0 0, 239.855239760633, 13.0591967180024, 2.16662
0 0 0 0 0, 270.206266578962, 68.0323229105534, 2.16662
0 0 0 0 0, 280.869360020472, 76.9633078368005, 2.16662
0 0 0 0 0, -228.749875463853, 60.497084962767, 2.16662
0 0 0 0 0, -177.643956516418, 87.7763714256221, 2.16662
0 0 0 0 0, -115.260495951942, 102.910672928973, 2.16662
0 0 0 0 0, 7.0282768310967, 108.537495632187, 2.16662
0 0 0 0 0, 25.9469273966857, 110.246895174565, 2.16662
0 0 0 0 0, -32.9366809936982, 62.7084034330945, 2.16662
0 0 0 0 0, 111.833998166719, 101.797120520583, 2.16662
0 0 0 0 0, 178.35612227953, 82.1797121178489, 2.16662
0 0 0 0 0, 250.247652240248, 94.5581886511959, 2.16662
0 0 0 0 0, 238.449933517761, 112.874996623098, 2.16662
0 0 0 0 0, 274.041497392909, 101.614633414243, 2.16662
0 0 0 0 0, 274.367990830508, 110.211326996303, 2.16662
0 0 0 0 0, 285.488935151195, 118.693465443681, 2.16662
0 0 0 0 0, 271.409566579035, 118.098256730832, 2.16662
0 0 0 0 0, -299.738029019894, 108.655014507506, 2.16662
0 0 0 0 0, -138.974420257783, 123.534773436296, 2.16662
0 0 0 0 0, -127.030384595641, 131.795174222239, 2.16662
0 0 0 0 0, -72.280707671851, 105.789634436665, 2.16662
0 0 0 0 0, -103.081512838604, 128.717340957225, 2.16662
0 0 0 0 0, -122.516780358697, 139.715843338108, 2.16662
0 0 0 0 0, -38.5256008092066, 57.3117694369226, 2.16662
0 0 0 0 0, -36.42602932913, 134.91155545974, 2.16662
0 0 0 0 0, -43.6225451359206, 49.3977270037559, 2.16662
0 0 0 0 0, -10.0453220547158, 150.150346215812, 2.16662
0 0 0 0 0, 14.7447370695442, 141.694789346917, 2.16662
0 0 0 0 0, 164.37602089868, 124.977485143012, 2.16662
0 0 0 0 0, 188.816516686355, 133.104769663894, 2.16662
0 0 0 0 0, 218.559467181712, 136.258134147561, 2.16662
0 0 0 0 0, -249.140692495317, 133.619260729138, 2.16662
0 0 0 0 0, -138.585402863155, 137.565569044847, 2.16662
0 0 0 0 0, -157.250192721897, 164.826521243031, 2.16662
0 0 0 0 0, -180.216606709099, 166.227869045351, 2.16662
0 0 0 0 0, -101.628448340865, 172.799509874109, 2.16662
0 0 0 0 0, -6.39614763475025, 175.480848239169, 2.16662
0 0 0 0 0, -16.8241831016577, 184.917190157723, 2.16662
0 0 0 0 0, 27.0956028967465, 170.592165541335, 2.16662
0 0 0 0 0, 18.0066400302617, 181.425994985918, 2.16662
0 0 0 0 0, 57.4575448249629, 153.40895370121, 2.16662
0 0 0 0 0, 137.754578444398, 101.644985872051, 2.16662
0 0 0 0 0, 221.447590741604, 143.387057872364, 2.16662
0 0 0 0 0, 245.301828503647, 133.298173154267, 2.16662
0 0 0 0 0, 266.033693627828, 127.062026391607, 2.16662
0 0 0 0 0, -186.999555318773, 159.606411835912, 2.16662
0 0 0 0 0, -199.317298477769, 164.484241384139, 2.16662
0 0 0 0 0, -139.0655782216, 189.523261956586, 2.16662
0 0 0 0 0, -115.149232070061, 178.51676858506, 2.16662
0 0 0 0 0, -99.7640194623487, 187.777668924788, 2.16662
0 0 0 0 0, -116.319911067465, 201.542866221764, 2.16662
0 0 0 0 0, -21.6131918618511, 196.87534614535, 2.16662
0 0 0 0 0, 32.2959258365224, 190.50539749868, 2.16662
0 0 0 0 0, 80.9245911549655, 172.103750224931, 2.16662
0 0 0 0 0, 97.0990922153164, 126.881967014057, 2.16662
0 0 0 0 0, 121.14848857502, 132.891221070978, 2.16662
0 0 0 0 0, 255.076769310863, 176.143691832382, 2.16662
0 0 0 0 0, 221.410951495973, 160.694476770172, 2.16662
0 0 0 0 0, 212.648281338458, 183.962956748111, 2.16662
0 0 0 0 0, -239.307445000826, 200.806384830371, 2.16662
0 0 0 0 0, -149.780760283539, 223.849708366806, 2.16662
0 0 0 0 0, -95.9834496043997, 228.898741231032, 2.16662
0 0 0 0 0, 2.15041811626747, 216.308000201216, 2.16662
0 0 0 0 0, 16.5169477325158, 214.250336531524, 2.16662
0 0 0 0 0, 45.4090168006525, 233.044520113468, 2.16662
0 0 0 0 0, 47.6947743295623, 216.217539447672, 2.16662
0 0 0 0 0, 104.646381824077, 212.948106421703, 2.16662
0 0 0 0 0, 112.285692619184, 227.771703298008, 2.16662
0 0 0 0 0, 127.688622312195, 245.223563481734, 2.16662
0 0 0 0 0, 120.369288598492, 178.401482481972, 2.16662
0 0 0 0 0, 165.237097139364, 229.042972546958, 2.16662
0 0 0 0 0, 208.086523596652, 190.883404476972, 2.16662
0 0 0 0 0, 201.337053332487, 171.03768577159, 2.16662
0 0 0 0 0, -173.338471987618, 240.276611970609, 2.16662
0 0 0 0 0, -158.822183671809, 261.004075308351, 2.16662
0 0 0 0 0, -126.971714672685, 257.033320120347, 2.16662
0 0 0 0 0, -124.628866531684, 276.711146956932, 2.16662
0 0 0 0 0, -130.23067097436, 229.099176561223, 2.16662
0 0 0 0 0, -97.3596184514061, 293.127234785516, 2.16662
0 0 0 0 0, -76.3260313265065, 254.759009901207, 2.16662
0 0 0 0 0, -108.460296089034, 286.02714883583, 2.16662
0 0 0 0 0, -122.420193237614, 294.123780781702, 2.16662
0 0 0 0 0, -43.3493642352552, 228.376915858492, 2.16662
0 0 0 0 0, -13.7073644904834, 260.553889012132, 2.16662
0 0 0 0 0, -24.465088281636, 296.571092301691, 2.16662
0 0 0 0 0, -6.4744294817238, 243.888421021474, 2.16662
0 0 0 0 0, 34.4239520604693, 284.148744925677, 2.16662
0 0 0 0 0, 13.5169975406553, 321.106138221883, 2.16662
0 0 0 0 0, -6.40550049642161, 310.38594979202, 2.16662
0 0 0 0 0, 50.6338072074129, 310.059203077098, 2.16662
0 0 0 0 0, 11.8686261284455, 303.031365792733, 2.16662
0 0 0 0 0, 26.8682112403049, 304.549195284006, 2.16662
0 0 0 0 0, 87.6788871465847, 300.351650506994, 2.16662
0 0 0 0 0, 5.20047106099054, 283.048838768514, 2.16662
0 0 0 0 0, -182.772669242923, 246.701595723032, 2.16662
0 0 0 0 0, 92.9237645484449, 290.975744639111, 2.16662
0 0 0 0 0, 51.0755433954431, 280.953131743211, 2.16662
0 0 0 0 0, 141.753550729967, 286.544440909147, 2.16662
0 0 0 0 0, 70.4738194466383, 272.231507405723, 2.16662
0 0 0 0 0, -188.084527359155, 223.795765043773, 2.16662
0 0 0 0 0, -145.420982484078, 230.165168885986, 2.16662
0 0 0 0 0, -184.174251202075, 217.608209943098, 2.16662
0 0 0 0 0, -114.373720629791, 222.837113890421, 2.16662
0 0 0 0 0, -71.3327242423721, 229.556712533395, 2.16662
0 0 0 0 0, 1.2954350519429, 240.211030557005, 2.16662
0 0 0 0 0, 119.735617308546, 258.529692942504, 2.16662
0 0 0 0 0, -182.859892957171, 205.134869486876, 2.16662
0 0 0 0 0, 27.2738906005788, 241.976518038024, 2.16662
0 0 0 0 0, -250.149816589738, 187.054725143684, 2.16662
0 0 0 0 0, 10.0344805326152, 234.683245271682, 2.16662
0 0 0 0 0, 155.294641413503, 255.043756743027, 2.16662
0 0 0 0 0, -242.599620083103, 182.813779893606, 2.16662
0 0 0 0 0, 114.709916091552, 244.259872488672, 2.16662
0 0 0 0 0, 191.442948828438, 255.434498188539, 2.16662
0 0 0 0 0, 150.381706554022, 248.2343320447, 2.16662
0 0 0 0 0, -44.7973129190435, 216.516154660335, 2.16662
0 0 0 0 0, -212.159377476031, 183.753733587659, 2.16662
0 0 0 0 0, -253.054101528334, 164.210893512999, 2.16662
0 0 0 0 0, -208.930866604243, 164.491347479976, 2.16662
0 0 0 0 0, -286.304936210246, 147.70385223502, 2.16662
0 0 0 0 0, 187.492453402363, 226.161454577515, 2.16662
0 0 0 0 0, 175.262721141634, 212.121375807648, 2.16662
0 0 0 0 0, -261.263967626101, 124.33325117965, 2.16662
0 0 0 0 0, 186.180360824922, 200.546572694435, 2.16662
0 0 0 0 0, 175.809624273986, 193.236082103115, 2.16662
0 0 0 0 0, 166.632087864353, 186.507582179089, 2.16662
0 0 0 0 0, -221.264840627107, 117.099306510659, 2.16662
0 0 0 0 0, -235.364942065727, 114.047312704325, 2.16662
0 0 0 0 0, -268.427648230374, 106.631876729525, 2.16662
0 0 0 0 0, -286.097210360294, 99.3818394094588, 2.16662
0 0 0 0 0, -209.445232466262, 106.225492285262, 2.16662
0 0 0 0 0, 180.429175948099, 163.690766534557, 2.16662
0 0 0 0 0, 188.183203007955, 162.987633324397, 2.16662
0 0 0 0 0, 173.054465898411, 151.906752446177, 2.16662
0 0 0 0 0, 110.87058645069, 119.306141815919, 2.16662
0 0 0 0 0, 138.902832129357, 122.638280052357, 2.16662
0 0 0 0 0, 124.077282046915, 105.935072427683, 2.16662
0 0 0 0 0, -305.37105816017, 17.8290394265162, 2.16662
0 0 0 0 0, -255.864019826401, 18.2718191281016, 2.16662
0 0 0 0 0, -225.688367754993, 21.9283762148478, 2.16662
0 0 0 0 0, -271.568625598981, 7.58006929849307, 2.16662
0 0 0 0 0, -261.518640274432, 7.13968321711009, 2.16662
0 0 0 0 0, -225.078197804163, 13.6804414321759, 2.16662
0 0 0 0 0, -119.779951831303, 11.8856352431687, 2.16662
0 0 0 0 0, -174.473619354343, -1.96653880999634, 2.16662
0 0 0 0 0, -225.081602280889, -15.3880080428277, 2.16662
0 0 0 0 0, -108.830233939691, 2.25582912848974, 2.16662
0 0 0 0 0, -236.332463129186, -64.9074341257735, 2.16662
0 0 0 0 0, -256.117788412864, -76.6249364056525, 2.16662
0 0 0 0 0, 212.01582364905, 0.802272870245394, 2.16662
0 0 0 0 0, 111.608885179142, -22.0419482092395, 2.16662
0 0 0 0 0, -241.983863221305, -89.7573311891992, 2.16662
0 0 0 0 0, -245.185525884324, -97.4419167287872, 2.16662
0 0 0 0 0, -38.8910728344425, -69.7114703788255, 2.16662
0 0 0 0 0, 106.808683088639, -45.2319881280147, 2.16662
0 0 0 0 0, 69.361931732729, -52.8839356126029, 2.16662
0 0 0 0 0, 91.0003640629301, -53.1499935723495, 2.16662
0 0 0 0 0, 222.718702060694, -43.4995628722086, 2.16662
0 0 0 0 0, -58.3213038955866, -90.8025690272625, 2.16662
0 0 0 0 0, -218.129587045054, -131.532025318927, 2.16662
0 0 0 0 0, -94.1569810286438, -108.841870364886, 2.16662
0 0 0 0 0, -73.3768534825858, -115.995282898913, 2.16662
0 0 0 0 0, -41.4571068207006, -111.962424736473, 2.16662
0 0 0 0 0, -104.289283739625, -125.251909091957, 2.16662
0 0 0 0 0, -263.854029649373, -165.699681251185, 2.16662
0 0 0 0 0, -33.1938398607703, -119.243668085127, 2.16662
0 0 0 0 0, -107.158186593713, -134.666404774335, 2.16662
0 0 0 0 0, -10.4143832455249, -122.147818446226, 2.16662
0 0 0 0 0, -21.5121807578459, -126.293455196413, 2.16662
0 0 0 0 0, 110.891665395238, -105.584309823961, 2.16662
0 0 0 0 0, -217.883850663122, -167.205483916822, 2.16662
0 0 0 0 0, 4.68737323021168, -124.897701056791, 2.16662
0 0 0 0 0, 63.0819518307539, -118.89721734427, 2.16662
0 0 0 0 0, 6.13036590090604, -133.914098859207, 2.16662
0 0 0 0 0, -51.8986070357052, -144.827118157336, 2.16662
0 0 0 0 0, 41.4262215997712, -129.018912033959, 2.16662
0 0 0 0 0, -225.751974744495, -183.970319911072, 2.16662
0 0 0 0 0, -254.518656615769, -193.325256389321, 2.16662
0 0 0 0 0, 0.118449895115216, -144.211013514368, 2.16662
0 0 0 0 0, 97.1114859260343, -131.580766524805, 2.16662
0 0 0 0 0, -43.9910797237631, -158.149041089171, 2.16662
0 0 0 0 0, -15.5559845693547, -153.227758364044, 2.16662
0 0 0 0 0, 138.300253701962, -185.42585031724, 2.16662
0 0 0 0 0, -3.17623939755431, -153.291677510624, 2.16662
0 0 0 0 0, -64.1986912081927, -164.775721905174, 2.16662
0 0 0 0 0, 96.7671759308443, -179.182853852506, 2.16662
0 0 0 0 0, -7.44767648530769, -270.936016608652, 2.16662
0 0 0 0 0, 16.9657930167441, -190.327342991488, 2.16662
0 0 0 0 0, -191.037483319333, -215.998472047137, 2.16662
0 0 0 0 0, -103.569242393069, -176.543766969988, 2.16662
0 0 0 0 0, 126.285232480995, -219.961148173574, 2.16662
0 0 0 0 0, 135.306694811747, -225.069993755982, 2.16662
0 0 0 0 0, -88.3412785800935, -180.337488814457, 2.16662
-1 0 0 0 0, 0, 0, 3.175
