0 0 0 0 0, -0.227668869766373, 14.1932641012232, 3.175
0 0 0 0 0, 229.648706414784, -51.645295194711, 3.175
0 0 0 0 0, -24.0033584614564, 303.07349535499, 3.175
0 0 0 0 0, 135.183773918461, -204.552720077149, 3.175
0 0 0 0 0, -171.362437355071, -124.394029607603, 3.175
0 0 0 0 0, 57.2094145064303, 45.0700244058177, 3.175
0 0 0 0 0, -32.6705005214004, -185.724207186623, 3.175
0 0 0 0 0, 198.083268438008, -127.643267283588, 2.16662
0 0 0 0 0, 198.013514603664, -130.183627953136, 2.16662
0 0 0 0 0, 93.8070644109744, -263.720384228384, 2.16662
0 0 0 0 0, 93.8191222124807, -266.262274902314, 2.16662
0 0 0 0 0, -114.478306309806, -265.354736158027, 2.16662
0 0 0 0 0, -114.433464085722, -267.896383386404, 2.16662
0 0 0 0 0, -225.949361391635, -137.026425718723, 2.16662
0 0 0 0 0, -225.828057122849, -139.564935535987, 2.16662
0 0 0 0 0, -207.302565827795, 125.089313032401, 2.16662
0 0 0 0 0, -207.180780101009, 127.627713234697, 2.16662
0 0 0 0 0, -88.3256428326431, 258.156055929205, 2.16662
0 0 0 0 0, -88.2242423442414, 260.695811865869, 2.16662
0 0 0 0 0, 119.45288230618, 261.461472863071, 2.16662
0 0 0 0 0, 119.487426453485, 264.0032560846, 2.16662
0 0 0 0 0, 230.578007773626, 134.370159410408, 2.16662
0 0 0 0 0, 230.510858803745, 136.910690705974, 2.16662
0 0 0 0 0, 17.9494841969115, 62.4653726515923, 2.16662
0 0 0 0 0, 19.2787086334267, 64.6314139361189, 2.16662
0 0 0 0 0, -27.829528563002, -58.8169328991907, 2.16662
0 0 0 0 0, -29.2216377921179, -60.943124516236, 2.16662
0 0 0 0 0, 91.126401420914, -132.973172055768, 2.16662
0 0 0 0 0, 91.1653233630836, -135.514187997553, 2.16662
0 0 0 0 0, -22.785538207289, 149.91795185898, 2.16662
0 0 0 0 0, -280.215540006312, -162.292166188896, 2.16662
0 0 0 0 0, -311.404500819887, -46.2747626827175, 2.16662
0 0 0 0 0, 179.059539521662, -39.9547343505962, 2.16662
0 0 0 0 0, -43.1479452423573, -223.952616677494, 2.16662
0 0 0 0 0, -103.440280456867, 99.1761072508575, 2.16662
0 0 0 0 0, 257.329605489058, -68.547334187044, 2.16662
0 0 0 0 0, 221.190723464412, 128.849040309078, 2.16662
0 0 0 0 0, -30.8986566147827, 163.020852912766, 2.16662
0 0 0 0 0, -124.129453488063, 244.701715023445, 2.16662
0 0 0 0 0, -148.937148179873, 142.093899464766, 2.16662
0 0 0 0 0, 177.993637389642, 156.822126452966, 2.16662
0 0 0 0 0, 127.420900440315, 274.08204325366, 2.16662
0 0 0 0 0, -133.305502796044, 194.666638452468, 2.16662
0 0 0 0 0, -20.1838930284029, 43.5637672694831, 2.16662
0 0 0 0 0, 154.562645843447, 137.206488759132, 2.16662
0 0 0 0 0, 11.5657261091654, 224.980733391341, 2.16662
0 0 0 0 0, 200.308098831337, 142.526497416684, 2.16662
0 0 0 0 0, 78.262898899812, 95.9873511579583, 2.16662
0 0 0 0 0, -200.016774572655, 77.2076344496823, 2.16662
0 0 0 0 0, 26.709201599022, -65.9570400492803, 2.16662
0 0 0 0 0, -44.8585100618918, -173.96564093264, 2.16662
0 0 0 0 0, 173.500841361026, -98.4302307522221, 2.16662
0 0 0 0 0, -167.392963384214, -200.801187802063, 2.16662
0 0 0 0 0, -261.502348438542, 64.1174205688745, 2.16662
0 0 0 0 0, 64.359515333168, -23.6797130193896, 2.16662
0 0 0 0 0, -89.7416464695959, 163.655774511939, 2.16662
0 0 0 0 0, 41.3248892442812, -144.855895697947, 2.16662
0 0 0 0 0, -48.8308831901505, 244.027566261464, 2.16662
0 0 0 0 0, 3.57157204129497, -64.2722848941827, 2.16662
0 0 0 0 0, 208.468895376402, -213.774043218908, 2.16662
0 0 0 0 0, -127.835794279395, 6.24575429126613, 2.16662
0 0 0 0 0, 309.544037651983, 38.3658082779173, 2.16662
0 0 0 0 0, 44.357226364758, 108.998995295355, 2.16662
0 0 0 0 0, -256.176294340211, -46.5498861164469, 2.16662
0 0 0 0 0, -88.6870642332664, 289.565001173562, 2.16662
0 0 0 0 0, 183.772060515053, 107.242997625612, 2.16662
0 0 0 0 0, 205.069715761111, -189.357261925055, 2.16662
0 0 0 0 0, -26.6257196843959, 8.70569765826726, 2.16662
0 0 0 0 0, 172.341632297925, -94.5651565383208, 2.16662
0 0 0 0 0, -215.10274399511, -14.512744620673, 2.16662
0 0 0 0 0, 10.6397528154211, -257.627729159943, 2.16662
0 0 0 0 0, -88.1194335408106, 140.158759478524, 2.16662
0 0 0 0 0, 170.471169214031, 155.377386115815, 2.16662
0 0 0 0 0, -202.624904094681, 7.10382086460934, 2.16662
0 0 0 0 0, 63.0925243061629, -171.215243755023, 2.16662
0 0 0 0 0, -175.09143322804, -192.344001515607, 2.16662
0 0 0 0 0, -239.971647493267, 92.705122694315, 2.16662
0 0 0 0 0, -285.073846262488, 48.9664548269281, 2.16662
0 0 0 0 0, -26.2422719784688, -249.591456834169, 2.16662
0 0 0 0 0, -253.095229859039, -140.057854272572, 2.16662
0 0 0 0 0, 248.055843692675, 130.364693688994, 2.16662
0 0 0 0 0, 106.490360583789, 140.604551532787, 2.16662
0 0 0 0 0, 299.822602523697, 73.4186735055588, 2.16662
0 0 0 0 0, -58.0944022986772, -109.808776748806, 2.16662
0 0 0 0 0, 207.739661183323, -122.606894459439, 2.16662
0 0 0 0 0, 148.945844729808, 252.33180390597, 2.16662
0 0 0 0 0, -80.4732535864787, -66.558677527373, 2.16662
0 0 0 0 0, -129.565590019525, -92.4247010392383, 2.16662
0 0 0 0 0, 99.2117861077273, 13.9310809819635, 2.16662
0 0 0 0 0, 256.193307066949, 146.212069686736, 2.16662
0 0 0 0 0, -44.6854634286141, -77.4532116828033, 2.16662
0 0 0 0 0, 0.0907464499976078, 236.649700238198, 2.16662
0 0 0 0 0, 31.8487549101711, 197.986471171619, 2.16662
0 0 0 0 0, -78.3036259453155, -105.781678013592, 2.16662
0 0 0 0 0, -217.066770340755, 98.2978309197351, 2.16662
0 0 0 0 0, 140.353086332476, -93.8783088737569, 2.16662
0 0 0 0 0, 148.716368139279, -57.0895600557293, 2.16662
0 0 0 0 0, -172.91369382674, -97.5513869783614, 2.16662
0 0 0 0 0, 16.6392428030194, 314.990373602872, 2.16662
0 0 0 0 0, -245.308489865336, -41.9513178955896, 2.16662
0 0 0 0 0, 187.517964958346, 198.235883174247, 2.16662
0 0 0 0 0, -64.5617283453749, 167.97791822216, 2.16662
0 0 0 0 0, -1.11458328051482, 62.1947351386414, 2.16662
0 0 0 0 0, 82.9691507497688, 115.791744666123, 2.16662
0 0 0 0 0, 116.664702198477, 90.3438448775878, 2.16662
0 0 0 0 0, -215.930792499502, -112.737242107782, 2.16662
0 0 0 0 0, -130.421266214202, -68.4213569136853, 2.16662
0 0 0 0 0, -122.606602635593, -75.8058039191413, 2.16662
0 0 0 0 0, 303.930449956562, -90.0549068927526, 2.16662
0 0 0 0 0, 20.765757158343, 225.921908988638, 2.16662
0 0 0 0 0, 103.493494674676, 51.6360098218895, 2.16662
0 0 0 0 0, 56.6227136629406, 57.8100715245938, 2.16662
0 0 0 0 0, -180.475803776873, -138.606937588835, 2.16662
0 0 0 0 0, 161.07912111307, -15.2486338101762, 2.16662
0 0 0 0 0, -149.744746911223, -111.133168134657, 2.16662
0 0 0 0 0, 161.314487261607, -171.503658169763, 2.16662
0 0 0 0 0, 183.272686041977, -210.627559722768, 2.16662
0 0 0 0 0, 190.07128168367, 62.1499116286627, 2.16662
0 0 0 0 0, -233.113324638447, 67.0889928476763, 2.16662
0 0 0 0 0, -100.091933759795, -44.3573370202912, 2.16662
0 0 0 0 0, 254.364778149736, -175.660130779566, 2.16662
0 0 0 0 0, -236.273843636305, 200.138397157085, 2.16662
0 0 0 0 0, 129.577520955274, 50.2895255627005, 2.16662
0 0 0 0 0, 237.442314069067, -50.4095831535217, 2.16662
0 0 0 0 0, -207.966338067495, 210.908361561025, 2.16662
0 0 0 0 0, -90.0159393451578, -301.819497695303, 2.16662
0 0 0 0 0, 117.326482068567, -31.9512642676751, 2.16662
0 0 0 0 0, 224.930718507668, 12.781011893699, 2.16662
0 0 0 0 0, -9.00753567418908, -23.978522573143, 2.16662
0 0 0 0 0, 3.90906209166215, 137.546940392084, 2.16662
0 0 0 0 0, -45.5614695691256, -30.9089355645659, 2.16662
0 0 0 0 0, -205.978305102474, 105.910845503473, 2.16662
0 0 0 0 0, -106.210862291408, -155.392426842163, 2.16662
0 0 0 0 0, 52.8246292978538, 174.587851829225, 2.16662
0 0 0 0 0, -44.5865830100969, -10.8371680796223, 2.16662
0 0 0 0 0, -290.723969720992, 144.181235283556, 2.16662
0 0 0 0 0, -38.9564683887848, -33.8816713235188, 2.16662
0 0 0 0 0, -29.6926680916751, -25.2593456395034, 2.16662
0 0 0 0 0, 93.9616815679152, 269.993284207512, 2.16662
0 0 0 0 0, -41.844831693447, 138.085896668513, 2.16662
0 0 0 0 0, 47.5165985957841, -301.431120371443, 2.16662
0 0 0 0 0, -107.327377639224, -179.76776072466, 2.16662
0 0 0 0 0, 233.055765842486, 102.64358729776, 2.16662
0 0 0 0 0, 59.3863505112228, -157.771099482706, 2.16662
0 0 0 0 0, 24.1667840883181, -49.4252793216138, 2.16662
0 0 0 0 0, -22.8522401058666, 311.237316686596, 2.16662
0 0 0 0 0, -291.076136798985, 2.03875269497589, 2.16662
0 0 0 0 0, -20.169276463616, 260.521694036725, 2.16662
0 0 0 0 0, 49.547099028925, 206.593663607378, 2.16662
0 0 0 0 0, 47.2835411469743, -169.368784529689, 2.16662
0 0 0 0 0, 31.4853253808908, 11.3200267195953, 2.16662
0 0 0 0 0, -49.6250267251189, -11.0846434909691, 2.16662
0 0 0 0 0, 315.02397068828, 0.701946942443586, 2.16662
0 0 0 0 0, 125.27888770896, 226.981662711577, 2.16662
0 0 0 0 0, 83.8939864872836, -14.4190457755273, 2.16662
0 0 0 0 0, -139.167678635638, 46.5505126520496, 2.16662
0 0 0 0 0, 198.833080538677, 216.14253165258, 2.16662
0 0 0 0 0, -13.7902515715193, -49.2678244262213, 2.16662
0 0 0 0 0, 194.948747683871, 40.9317450386754, 2.16662
0 0 0 0 0, 80.5672337690035, 39.9829683890896, 2.16662
0 0 0 0 0, -81.9787119722023, 87.5405736189894, 2.16662
0 0 0 0 0, 84.9627631528963, -238.860638542276, 2.16662
0 0 0 0 0, -9.44996896134525, -8.1179798820212, 2.16662
0 0 0 0 0, -174.430709640334, -20.1473820230793, 2.16662
0 0 0 0 0, 152.313795655386, -275.993572086954, 2.16662
0 0 0 0 0, 227.449827396701, 58.2138796907135, 2.16662
0 0 0 0 0, -201.835870221239, -183.807802254687, 2.16662
0 0 0 0 0, 312.432425708437, 71.535608717457, 2.16662
0 0 0 0 0, 26.0730848996505, 78.7169704686433, 2.16662
0 0 0 0 0, 250.928627353379, 98.8766894600633, 2.16662
0 0 0 0 0, -16.2240727635706, 292.447493831652, 2.16662
0 0 0 0 0, -65.8677236139144, 49.567794836912, 2.16662
0 0 0 0 0, -163.956573025984, -114.319762457359, 2.16662
0 0 0 0 0, -22.3725732403334, 321.477965231347, 2.16662
0 0 0 0 0, 12.1623032878394, -227.044439506666, 2.16662
0 0 0 0 0, 35.7332719511704, 282.445278749205, 2.16662
0 0 0 0 0, -268.078978324444, -83.6200753644355, 2.16662
0 0 0 0 0, -214.223826458556, -138.004896761764, 2.16662
0 0 0 0 0, 24.9901341162032, -171.185377334552, 2.16662
0 0 0 0 0, -281.486332850453, -38.6222853702168, 2.16662
0 0 0 0 0, -82.9427921455729, -178.776515296551, 2.16662
0 0 0 0 0, -31.1620056129512, -69.1600688134968, 2.16662
0 0 0 0 0, 232.061831924874, -23.8114395268851, 2.16662
0 0 0 0 0, 207.934853503635, 16.1050342732207, 2.16662
0 0 0 0 0, 9.56516164134284, -163.706378771679, 2.16662
0 0 0 0 0, -134.90073329334, 38.216562795291, 2.16662
0 0 0 0 0, -272.612004901832, -46.373067875021, 2.16662
0 0 0 0 0, 105.050170761712, -276.658545735251, 2.16662
0 0 0 0 0, -113.821578663249, 299.452955959727, 2.16662
0 0 0 0 0, -113.27494022824, -84.1418770034017, 2.16662
0 0 0 0 0, -181.769025548316, 109.205754094753, 2.16662
0 0 0 0 0, -121.831306606011, -16.0944111015507, 2.16662
0 0 0 0 0, 109.796347227435, 127.560887883287, 2.16662
0 0 0 0 0, 240.110539260092, 152.440248499931, 2.16662
0 0 0 0 0, 217.876301077099, -29.7954545139305, 2.16662
0 0 0 0 0, -68.8548514565717, -132.576036836444, 2.16662
0 0 0 0 0, -97.680771596947, -290.160343032818, 2.16662
0 0 0 0 0, -14.8138169193409, -275.389453113458, 2.16662
0 0 0 0 0, -103.855056550914, 123.062775369562, 2.16662
0 0 0 0 0, -234.161613447851, 157.460469115491, 2.16662
0 0 0 0 0, 105.975311742024, -98.6328760979751, 2.16662
0 0 0 0 0, -184.023796139455, 80.2197652351571, 2.16662
0 0 0 0 0, -237.844043889796, -98.2396988352238, 2.16662
0 0 0 0 0, 7.71034353074121, 323.987818230482, 2.16662
0 0 0 0 0, 85.0597133058062, 48.5044968476697, 2.16662
0 0 0 0 0, 265.076715623739, -183.029745178753, 2.16662
0 0 0 0 0, 195.135115508288, 238.968206565162, 2.16662
0 0 0 0 0, -146.416896171244, -21.6820004121216, 2.16662
0 0 0 0 0, -114.762352363621, 27.8427253581031, 2.16662
0 0 0 0 0, -95.1985404738954, -299.726199786121, 2.16662
0 0 0 0 0, -298.480243228303, -32.5009733255527, 2.16662
0 0 0 0 0, -201.011139324392, -195.433532809738, 2.16662
0 0 0 0 0, 24.34455958796, 109.591392290929, 2.16662
0 0 0 0 0, 173.012093966956, 22.6820701789934, 2.16662
0 0 0 0 0, 139.249130027526, -59.4806253744878, 2.16662
0 0 0 0 0, -223.667901722394, -102.478218175852, 2.16662
0 0 0 0 0, 146.271984547517, -264.375892892215, 2.16662
0 0 0 0 0, -24.5025312038581, -86.6872844792717, 2.16662
0 0 0 0 0, -142.96332735418, 92.5091615671076, 2.16662
0 0 0 0 0, 241.782994952546, 16.4228734440067, 2.16662
0 0 0 0 0, 153.867618011256, -224.354113232254, 2.16662
0 0 0 0 0, -265.371771032391, -164.222074693064, 2.16662
0 0 0 0 0, -213.484288349055, 157.383684109533, 2.16662
0 0 0 0 0, 3.18243446165479, -44.9279405508239, 2.16662
0 0 0 0 0, 58.1480550257689, 120.754304851092, 2.16662
0 0 0 0 0, 106.17202221181, -106.848550324217, 2.16662
0 0 0 0 0, 255.815854802398, 178.291794651989, 2.16662
0 0 0 0 0, 47.9722062787971, -173.387371528044, 2.16662
0 0 0 0 0, -206.847379037506, 222.924094729793, 2.16662
0 0 0 0 0, 89.62420586345, -91.8528948554313, 2.16662
0 0 0 0 0, -207.61122093206, -33.5899037184117, 2.16662
0 0 0 0 0, 45.6564969214626, -88.2002136518079, 2.16662
0 0 0 0 0, -104.405385353087, -12.3773692831907, 2.16662
0 0 0 0 0, 84.3762637695667, -57.2104900399591, 2.16662
0 0 0 0 0, -145.191886492585, 214.437422448087, 2.16662
0 0 0 0 0, -308.791306052312, 71.325838979187, 2.16662
0 0 0 0 0, 87.6292261106565, 69.2349511125853, 2.16662
0 0 0 0 0, 101.328679682154, -190.449963219129, 2.16662
0 0 0 0 0, -184.467669935414, 266.908483980042, 2.16662
0 0 0 0 0, 259.758185422004, -63.1673317520749, 2.16662
0 0 0 0 0, -125.7025003485, -39.6427747312627, 2.16662
0 0 0 0 0, -0.720526102543213, 142.544696254368, 2.16662
0 0 0 0 0, -294.991600123543, 76.206902359951, 2.16662
0 0 0 0 0, 73.7575005127069, 60.9983639050871, 2.16662
0 0 0 0 0, 241.179159375926, 133.203598173015, 2.16662
0 0 0 0 0, 275.266579887058, 55.8011063516944, 2.16662
0 0 0 0 0, -77.8059001121761, 274.022317409366, 2.16662
0 0 0 0 0, -142.934234542415, 68.0887624274983, 2.16662
0 0 0 0 0, -80.1642335808136, -260.431998013449, 2.16662
0 0 0 0 0, 291.586469309551, 4.54508456007479, 2.16662
0 0 0 0 0, 301.128764541631, -67.9266016946282, 2.16662
0 0 0 0 0, 195.576651181484, 126.8937208072, 2.16662
0 0 0 0 0, -170.434216322192, -74.3611551062432, 2.16662
0 0 0 0 0, 79.5090019371087, -250.681427760654, 2.16662
0 0 0 0 0, 0.668581322443945, 69.4333259535543, 2.16662
0 0 0 0 0, 212.304785550649, 70.1361613906058, 2.16662
0 0 0 0 0, 110.843027970026, -216.489354622791, 2.16662
0 0 0 0 0, 246.959652277908, -192.313806340024, 2.16662
0 0 0 0 0, -163.881777139716, 48.7613263421662, 2.16662
0 0 0 0 0, 268.980084241112, 110.88144200239, 2.16662
0 0 0 0 0, 178.070931184115, 96.9491593575369, 2.16662
0 0 0 0 0, -133.714202385387, -62.5855167040307, 2.16662
0 0 0 0 0, 68.5182790268778, 203.487807790626, 2.16662
0 0 0 0 0, -7.26645684121903, -85.8916608855704, 2.16662
0 0 0 0 0, -76.7574433940875, -42.3700825496314, 2.16662
0 0 0 0 0, -254.307344272003, -29.4074893234562, 2.16662
0 0 0 0 0, -30.8205218097172, 174.082886315673, 2.16662
0 0 0 0 0, -102.860096267724, -86.7036257281783, 2.16662
0 0 0 0 0, -93.3303196596372, -285.428081609173, 2.16662
0 0 0 0 0, 268.854517570217, 56.2806027357966, 2.16662
0 0 0 0 0, 16.693166065935, 187.863685020576, 2.16662
0 0 0 0 0, 65.651172304862, 2.18268503343506, 2.16662
0 0 0 0 0, -253.426814766532, 97.248788085647, 2.16662
0 0 0 0 0, -128.931337717394, 108.290631004345, 2.16662
0 0 0 0 0, 145.506018413598, -165.16564813267, 2.16662
0 0 0 0 0, 137.587745922741, 91.8811753306976, 2.16662
0 0 0 0 0, -36.1349163108448, -284.840864182216, 2.16662
0 0 0 0 0, -116.262116438353, -255.091504227118, 2.16662
0 0 0 0 0, 196.787601525484, 162.774381845298, 2.16662
0 0 0 0 0, 36.9796938858109, 258.9610183659, 2.16662
0 0 0 0 0, 66.799278407414, -41.033755869263, 2.16662
0 0 0 0 0, 144.725299795829, 60.0467125563266, 2.16662
0 0 0 0 0, -18.6673978235396, 185.528901456833, 2.16662
0 0 0 0 0, 132.283952861914, 176.672582162647, 2.16662
0 0 0 0 0, 1.12918735872112, -199.339440296419, 2.16662
0 0 0 0 0, -192.091339593142, 55.6916435020302, 2.16662
0 0 0 0 0, -75.4156752143734, -116.224846043338, 2.16662
0 0 0 0 0, 117.059397683667, 171.501096182155, 2.16662
0 0 0 0 0, -217.732679623192, 239.596358005451, 2.16662
0 0 0 0 0, 39.354641653959, -108.866379424549, 2.16662
0 0 0 0 0, 30.0065463256484, -299.248132887876, 2.16662
0 0 0 0 0, 282.76478038319, -71.2105793197213, 2.16662
0 0 0 0 0, -30.5649349872269, -154.646197993254, 2.16662
0 0 0 0 0, -315.486605001039, -1.93057108410186, 2.16662
0 0 0 0 0, 72.5109329528854, 189.537139578088, 2.16662
0 0 0 0 0, 74.6327361347383, -143.601459276376, 2.16662
0 0 0 0 0, -26.6116283830747, 73.1464891986724, 2.16662
0 0 0 0 0, -226.406039083313, 59.3048723603902, 2.16662
0 0 0 0 0, 98.6223369219212, -195.472623863441, 2.16662
0 0 0 0 0, 17.4930611341249, -71.7515010195156, 2.16662
0 0 0 0 0, -255.483630119003, 178.583868453753, 2.16662
0 0 0 0 0, -6.62842940038025, 59.3150354191823, 2.16662
0 0 0 0 0, -161.10656373891, 259.578642770793, 2.16662
0 0 0 0 0, 136.781189386561, -267.544244851395, 2.16662
0 0 0 0 0, -206.670754337912, -70.2900505697341, 2.16662
0 0 0 0 0, -254.778543781143, 140.191482666667, 2.16662
0 0 0 0 0, -297.984007189288, -116.640011682035, 2.16662
0 0 0 0 0, -98.8606293782959, -97.925249226258, 2.16662
0 0 0 0 0, -73.744351805285, -277.13205367483, 2.16662
0 0 0 0 0, 9.19612026403632, 90.1240829316982, 2.16662
0 0 0 0 0, -166.044093054494, 117.956370656083, 2.16662
0 0 0 0 0, -227.673634967055, -211.026486944837, 2.16662
0 0 0 0 0, -59.2801926887693, 281.779207717781, 2.16662
0 0 0 0 0, 14.482419587982, -219.778886769831, 2.16662
0 0 0 0 0, -16.602487342088, -89.183018845127, 2.16662
0 0 0 0 0, -244.183556750631, -73.7248316885401, 2.16662
0 0 0 0 0, 164.973679728636, 184.551515305034, 2.16662
0 0 0 0 0, 154.750061496411, -174.504419494888, 2.16662
0 0 0 0 0, 121.015211293304, 177.347626621871, 2.16662
0 0 0 0 0, -196.716288781658, 225.526235667909, 2.16662
0 0 0 0 0, 123.700244732591, -161.558882367063, 2.16662
0 0 0 0 0, 181.353060375119, 220.41451995946, 2.16662
0 0 0 0 0, -185.639746135562, 151.766378327388, 2.16662
0 0 0 0 0, -56.9517222451502, -21.1474855829118, 2.16662
0 0 0 0 0, 237.662429592129, 157.196630081654, 2.16662
0 0 0 0 0, -165.178565278784, 167.822664552452, 2.16662
0 0 0 0 0, 84.2062651527935, 220.205288831067, 2.16662
0 0 0 0 0, 141.239601961125, 61.7758758734307, 2.16662
0 0 0 0 0, 116.355474409086, 230.979218892123, 2.16662
0 0 0 0 0, 61.1728998546133, -70.2931860558423, 2.16662
0 0 0 0 0, 75.0722463029036, -52.2726505639338, 2.16662
0 0 0 0 0, -138.80846372267, 240.481333997246, 2.16662
0 0 0 0 0, -67.2154137992481, 239.202694007827, 2.16662
0 0 0 0 0, -81.3561383529264, 236.193537575053, 2.16662
0 0 0 0 0, -128.674884602462, -278.18117291901, 2.16662
0 0 0 0 0, -7.2492829764054, 314.221732952637, 2.16662
0 0 0 0 0, -218.534458710143, 54.8693012087338, 2.16662
0 0 0 0 0, 187.037333608368, 35.1275231568101, 2.16662
0 0 0 0 0, 123.295090694361, -24.6922724297257, 2.16662
0 0 0 0 0, 235.547347415811, 105.949699393794, 2.16662
0 0 0 0 0, -109.639396108171, 223.518794618192, 2.16662
0 0 0 0 0, -122.391795670669, -275.201440909794, 2.16662
0 0 0 0 0, 250.093462990274, 6.66842840682378, 2.16662
0 0 0 0 0, 135.809404746883, 155.829794552631, 2.16662
0 0 0 0 0, 37.2516770168136, 292.659081661278, 2.16662
0 0 0 0 0, 128.375573762174, -68.1955480800424, 2.16662
0 0 0 0 0, -166.915592292139, -96.7333183714053, 2.16662
0 0 0 0 0, -232.03038302249, 175.30778943249, 2.16662
0 0 0 0 0, -151.175915752009, 3.62191536525099, 2.16662
0 0 0 0 0, -204.111128529461, 143.348690203231, 2.16662
0 0 0 0 0, -102.314240194916, -40.0166219720019, 2.16662
0 0 0 0 0, -271.750136009668, -9.47066578746646, 2.16662
0 0 0 0 0, 242.055129563646, 142.084219391873, 2.16662
0 0 0 0 0, 128.827925153159, -218.963754381563, 2.16662
0 0 0 0 0, 236.342504260667, 198.245512832813, 2.16662
0 0 0 0 0, -298.421664558075, -50.4039654193288, 2.16662
0 0 0 0 0, 169.603269945513, 126.625714215398, 2.16662
0 0 0 0 0, -176.504721389449, 203.298689537019, 2.16662
0 0 0 0 0, 199.957803845194, -73.8417832251652, 2.16662
0 0 0 0 0, 98.0040030811538, -120.672508550355, 2.16662
0 0 0 0 0, 68.7374259215301, -115.006242508716, 2.16662
0 0 0 0 0, -57.9342969240367, 230.934432668372, 2.16662
0 0 0 0 0, 53.8386754888296, -214.412112280919, 2.16662
0 0 0 0 0, 195.266958284846, 121.394577913459, 2.16662
0 0 0 0 0, 233.88434715278, -94.5041176763731, 2.16662
0 0 0 0 0, -116.772121350796, -239.398515384894, 2.16662
0 0 0 0 0, 9.83411060019654, 320.525285586798, 2.16662
0 0 0 0 0, 183.960758505157, -235.594251168115, 2.16662
0 0 0 0 0, 193.300251104982, 32.8557027974322, 2.16662
0 0 0 0 0, -219.109386485677, -147.42703734379, 2.16662
0 0 0 0 0, 199.820964748109, -159.949873530133, 2.16662
0 0 0 0 0, 117.256705936133, 225.22768912624, 2.16662
0 0 0 0 0, -291.513797103488, -2.21460656940477, 2.16662
0 0 0 0 0, 243.285209206705, -2.05358511481731, 2.16662
0 0 0 0 0, 161.837801421754, 180.754002934831, 2.16662
0 0 0 0 0, -180.124950096633, -15.3229066946728, 2.16662
0 0 0 0 0, 4.51738703987465, -112.494436792806, 2.16662
0 0 0 0 0, -90.4277168411527, -4.30167784648761, 2.16662
0 0 0 0 0, 64.8862265109131, 71.1228169498747, 2.16662
0 0 0 0 0, -92.3594476703523, 221.795206472097, 2.16662
0 0 0 0 0, 110.055024269854, 231.797333696718, 2.16662
0 0 0 0 0, 230.799991424327, -10.6385366394316, 2.16662
0 0 0 0 0, 57.6654662353205, -165.137955932447, 2.16662
0 0 0 0 0, 78.5691412592019, 172.901311355699, 2.16662
0 0 0 0 0, 289.809190226115, 33.5331238507954, 2.16662
0 0 0 0 0, -168.268089389515, 135.428938255865, 2.16662
0 0 0 0 0, -102.10514756053, 127.082869012916, 2.16662
0 0 0 0 0, 232.093427330441, -68.8454096495818, 2.16662
0 0 0 0 0, -156.780287392895, 12.4469793556214, 2.16662
0 0 0 0 0, 196.358813730223, 45.9800810171954, 2.16662
0 0 0 0 0, 188.800824304487, -194.278217709501, 2.16662
0 0 0 0 0, -141.430793341355, 161.058320086482, 2.16662
0 0 0 0 0, -126.496598544733, -62.4275984506551, 2.16662
0 0 0 0 0, -186.519606393839, -243.785523109977, 2.16662
0 0 0 0 0, -185.555372756597, 161.353173175482, 2.16662
0 0 0 0 0, -130.758866810277, 67.3126887763079, 2.16662
0 0 0 0 0, 3.82639722967036, 54.8375138256233, 2.16662
0 0 0 0 0, -84.4240374034361, 203.676645317645, 2.16662
0 0 0 0 0, -156.926674413972, 91.7243361199137, 2.16662
0 0 0 0 0, -77.9896591809159, 261.2755813443, 2.16662
0 0 0 0 0, 137.511920241176, -245.503438514692, 2.16662
0 0 0 0 0, 178.517556353568, -107.742114141027, 2.16662
0 0 0 0 0, -148.71668923761, -101.096702451118, 2.16662
0 0 0 0 0, 124.885031597147, 89.5099243080377, 2.16662
0 0 0 0 0, -109.601018845526, -87.8322823102228, 2.16662
0 0 0 0 0, 133.058663478333, -284.35811711376, 2.16662
0 0 0 0 0, -166.08039525727, -56.4584895360181, 2.16662
0 0 0 0 0, -26.6487841423548, 317.273318615528, 2.16662
0 0 0 0 0, -152.371849754481, -79.664845927823, 2.16662
0 0 0 0 0, -12.8544752931743, 246.335009009102, 2.16662
0 0 0 0 0, 21.971143593061, 289.64519976843, 2.16662
0 0 0 0 0, -198.725696483194, 65.9840818766594, 2.16662
0 0 0 0 0, 242.178142304661, -128.845355672026, 2.16662
0 0 0 0 0, 18.9662047921132, -200.194925283381, 2.16662
0 0 0 0 0, -209.851650910788, -173.906634469244, 2.16662
0 0 0 0 0, 296.221622141469, 50.0613064906151, 2.16662
0 0 0 0 0, -194.954037840898, 128.499901447568, 2.16662
0 0 0 0 0, -37.3377044246835, -1.88299277921115, 2.16662
0 0 0 0 0, -70.2526010466183, 74.0535856127277, 2.16662
0 0 0 0 0, 208.9682631388, -168.171652159875, 2.16662
0 0 0 0 0, -111.200307993925, 285.984190400253, 2.16662
0 0 0 0 0, 128.653244804595, -229.474884232558, 2.16662
0 0 0 0 0, 101.248459769246, -164.927321680015, 2.16662
0 0 0 0 0, -274.665224262364, -97.4653241907197, 2.16662
0 0 0 0 0, 129.349361430704, 203.737714585583, 2.16662
0 0 0 0 0, -162.383646646396, -260.669424089972, 2.16662
0 0 0 0 0, -184.267508414886, 32.3599191954681, 2.16662
0 0 0 0 0, 259.00646498, 191.603721006236, 2.16662
0 0 0 0 0, -250.341454296864, 156.49864935049, 2.16662
0 0 0 0 0, -249.022956164566, 118.546279248683, 2.16662
0 0 0 0 0, -167.111588845115, 58.2435059934047, 2.16662
0 0 0 0 0, -262.389041445945, 33.4117641390132, 2.16662
0 0 0 0 0, -159.998441025553, -191.737436209082, 2.16662
0 0 0 0 0, -124.156016327153, 101.910864634885, 2.16662
0 0 0 0 0, 241.593731826283, -160.578647649441, 2.16662
0 0 0 0 0, -147.612430048688, -216.218244413014, 2.16662
0 0 0 0 0, 309.300520004387, 68.2086243500831, 2.16662
0 0 0 0 0, -239.169642320236, 49.7308521652059, 2.16662
0 0 0 0 0, -321.703219816906, 9.2159018892902, 2.16662
0 0 0 0 0, -222.514730561478, 124.138743036545, 2.16662
0 0 0 0 0, -303.924547209109, -33.6040198025181, 2.16662
0 0 0 0 0, 294.851712234771, 41.5298550065293, 2.16662
0 0 0 0 0, 81.9969262621979, 70.896703566908, 2.16662
0 0 0 0 0, 183.484070580876, 13.70581584666, 2.16662
0 0 0 0 0, 264.432810907103, -59.0356626630812, 2.16662
0 0 0 0 0, 322.907114418484, -3.51963522433652, 2.16662
0 0 0 0 0, -4.16252215622814, -81.8314310845103, 2.16662
0 0 0 0 0, 185.121956798772, -187.553862632583, 2.16662
0 0 0 0 0, 254.227702839505, 199.182019516483, 2.16662
0 0 0 0 0, -61.296404652575, -188.85354527324, 2.16662
0 0 0 0 0, -14.7560551200226, 77.8382449320604, 2.16662
0 0 0 0 0, -266.211021236696, -92.2582035855294, 2.16662
0 0 0 0 0, -192.779933237176, 11.7220446090519, 2.16662
0 0 0 0 0, -136.813666897632, -271.056616759588, 2.16662
0 0 0 0 0, 42.292739532764, 174.798591662956, 2.16662
0 0 0 0 0, 190.455953918735, 111.045353394593, 2.16662
0 0 0 0 0, -228.466881316905, -126.324448632209, 2.16662
0 0 0 0 0, 139.603694904094, -145.264787471958, 2.16662
0 0 0 0 0, 23.7612647875774, -190.819994007773, 2.16662
0 0 0 0 0, 19.1167294021442, 13.5478205088259, 2.16662
0 0 0 0 0, -116.548183069941, 37.4464838861205, 2.16662
0 0 0 0 0, 67.3710419163472, -156.670554317781, 2.16662
0 0 0 0 0, -186.06272559139, 45.3834044738319, 2.16662
0 0 0 0 0, -208.709395449267, -67.0190015869981, 2.16662
0 0 0 0 0, -106.953375134756, 90.3006386176039, 2.16662
0 0 0 0 0, -298.724348633064, 120.996685278664, 2.16662
0 0 0 0 0, 130.674579306286, -30.7567749815299, 2.16662
0 0 0 0 0, -5.59370171792477, -66.7526815209814, 2.16662
0 0 0 0 0, -90.0373926461842, -172.650564821032, 2.16662
0 0 0 0 0, 95.833434605249, 235.829306473604, 2.16662
0 0 0 0 0, 184.962049327566, -63.8513992153424, 2.16662
0 0 0 0 0, -21.6286590300137, -134.018229466703, 2.16662
0 0 0 0 0, -261.19010313656, 106.984698769937, 2.16662
0 0 0 0 0, 255.460970198318, 42.938521309491, 2.16662
0 0 0 0 0, -269.455957983121, -120.712111235075, 2.16662
0 0 0 0 0, -9.07573653301984, 48.425630376728, 2.16662
0 0 0 0 0, -43.2078430862001, -252.880903053289, 2.16662
0 0 0 0 0, 135.951585895119, -6.2658910096019, 2.16662
0 0 0 0 0, 106.834626507685, 211.629409170595, 2.16662
0 0 0 0 0, -100.358299908128, -156.678167907146, 2.16662
0 0 0 0 0, -69.3308844863852, -139.735730976822, 2.16662
0 0 0 0 0, -2.17976000301769, 281.018991656127, 2.16662
0 0 0 0 0, 279.480561983892, 6.96116115979398, 2.16662
0 0 0 0 0, -161.459192908356, -96.7493191751798, 2.16662
0 0 0 0 0, -96.7790530534617, 25.3614884808832, 2.16662
0 0 0 0 0, 15.1450541486276, -86.0837760216939, 2.16662
0 0 0 0 0, -54.6644431948431, 98.7353778272872, 2.16662
0 0 0 0 0, 37.2605299048802, -54.9378033046724, 2.16662
0 0 0 0 0, 101.602801677888, 31.7749109554455, 2.16662
0 0 0 0 0, -51.8228870950807, -83.5075891266727, 2.16662
0 0 0 0 0, 74.4224949749179, 162.359159653093, 2.16662
0 0 0 0 0, 136.218489027975, -280.228811353399, 2.16662
0 0 0 0 0, -259.06149274281, -48.826131337493, 2.16662
0 0 0 0 0, -10.4160972833132, 41.2374011267681, 2.16662
0 0 0 0 0, -105.235502079029, -212.742655619393, 2.16662
0 0 0 0 0, -81.1963813772455, -244.974037462683, 2.16662
0 0 0 0 0, -182.433965014103, 28.7465085174204, 2.16662
0 0 0 0 0, 77.186938667816, 33.4361469768367, 2.16662
0 0 0 0 0, 183.51216673911, -18.1229797213296, 2.16662
0 0 0 0 0, 258.918752476429, -32.5485726864092, 2.16662
0 0 0 0 0, 218.680864959601, 214.707842543815, 2.16662
0 0 0 0 0, 237.058393964967, -214.110496741907, 2.16662
0 0 0 0 0, 193.162046784529, 92.6713750568865, 2.16662
0 0 0 0 0, 161.938126669848, 40.4282213670987, 2.16662
0 0 0 0 0, 93.5469859544254, -99.6368828983941, 2.16662
0 0 0 0 0, -135.399466893234, 126.193059885643, 2.16662
0 0 0 0 0, -128.92442046796, 45.4845354450487, 2.16662
0 0 0 0 0, -194.713559115344, -150.58235181744, 2.16662
0 0 0 0 0, 24.6574160564073, -99.5878983860858, 2.16662
0 0 0 0 0, -246.085047862837, 0.285255939121284, 2.16662
0 0 0 0 0, -73.4245500207246, -182.243531072973, 2.16662
0 0 0 0 0, -202.364755615282, 229.583663414428, 2.16662
0 0 0 0 0, 123.538436392183, -47.5358152960209, 2.16662
0 0 0 0 0, 296.413999153944, 85.136218309759, 2.16662
0 0 0 0 0, -108.33761822899, -204.379397101937, 2.16662
0 0 0 0 0, 73.3348089671609, -30.2084511874701, 2.16662
0 0 0 0 0, 55.8519722377977, 252.068503436576, 2.16662
0 0 0 0 0, 281.455844434032, 108.671975853274, 2.16662
0 0 0 0 0, -244.761686968087, -19.9742745404082, 2.16662
0 0 0 0 0, 191.21374696504, 176.279692027608, 2.16662
0 0 0 0 0, -184.849265381594, -102.999443616995, 2.16662
0 0 0 0 0, 150.029944276786, 152.040988234143, 2.16662
0 0 0 0 0, -190.514290072197, -147.793069170267, 2.16662
0 0 0 0 0, 41.1077395776707, 297.321166824595, 2.16662
0 0 0 0 0, -193.026307131085, -0.452339479749011, 2.16662
0 0 0 0 0, -226.559701042454, 28.212215175804, 2.16662
0 0 0 0 0, 36.0815696075333, 79.3715313428069, 2.16662
0 0 0 0 0, -67.9038108859384, -273.358146303426, 2.16662
0 0 0 0 0, -73.0282409892664, -91.7349770725462, 2.16662
0 0 0 0 0, 91.3158130845722, 61.7266068605124, 2.16662
0 0 0 0 0, -49.368423129442, 98.2807869297469, 2.16662
0 0 0 0 0, 5.3463165537518, -293.973690973501, 2.16662
0 0 0 0 0, 161.380868052742, 100.344830225677, 2.16662
0 0 0 0 0, 137.813758794701, 98.7951935509315, 2.16662
0 0 0 0 0, -80.7789573960881, -45.2711141391139, 2.16662
0 0 0 0 0, 75.8056339867267, 136.878702304252, 2.16662
0 0 0 0 0, -57.0412546199123, -213.573628998702, 2.16662
0 0 0 0 0, -18.7267636494423, 249.649081011311, 2.16662
0 0 0 0 0, 193.564333713954, 53.6803786126866, 2.16662
0 0 0 0 0, -18.3888924643207, -239.00176872132, 2.16662
0 0 0 0 0, 34.2289247521033, 132.044539153227, 2.16662
0 0 0 0 0, 175.47080522641, -104.699971590061, 2.16662
0 0 0 0 0, -98.6385473772414, 210.454776430593, 2.16662
0 0 0 0 0, 18.669073336193, 282.404787061828, 2.16662
0 0 0 0 0, 142.053691750069, 251.345401322132, 2.16662
0 0 0 0 0, 210.61003016257, 184.46928933257, 2.16662
0 0 0 0 0, -22.0762710699624, -231.048574637081, 2.16662
0 0 0 0 0, 23.6728144930572, -305.14943621717, 2.16662
0 0 0 0 0, -180.303027203076, 179.606090324804, 2.16662
0 0 0 0 0, 109.58673524775, 0.480501197184662, 2.16662
0 0 0 0 0, -40.8677698174191, -281.720075144186, 2.16662
0 0 0 0 0, -195.2776855478, 161.010397652519, 2.16662
0 0 0 0 0, 12.7046603741502, -287.315787789371, 2.16662
0 0 0 0 0, 165.730652428055, -154.396806890542, 2.16662
0 0 0 0 0, 279.189371965705, -140.20966597963, 2.16662
0 0 0 0 0, 127.820881695994, 158.645384827189, 2.16662
0 0 0 0 0, -182.873305917085, 52.6949771001363, 2.16662
0 0 0 0 0, 30.8759783215072, -4.66816349344289, 2.16662
0 0 0 0 0, -37.3980062964949, -128.26316061956, 2.16662
0 0 0 0 0, 185.795823224195, -1.54941872443227, 2.16662
0 0 0 0 0, -170.107995216032, -150.434535414257, 2.16662
0 0 0 0 0, 164.108862720487, 258.654378565756, 2.16662
0 0 0 0 0, -62.7563927064356, 80.6625359014917, 2.16662
0 0 0 0 0, -89.7638385575585, 189.022084675497, 2.16662
0 0 0 0 0, -61.4484391086689, -169.283186342163, 2.16662
0 0 0 0 0, 129.589174320543, 55.6705273121505, 2.16662
0 0 0 0 0, 307.04728140748, 86.6986252726481, 2.16662
0 0 0 0 0, -96.2217032026865, -102.26995629977, 2.16662
0 0 0 0 0, -116.924050749589, -217.9994568932, 2.16662
0 0 0 0 0, -110.005358976561, 34.4166571153788, 2.16662
0 0 0 0 0, -211.473590799084, 200.485594812213, 2.16662
0 0 0 0 0, -84.3052853799644, 287.23797036863, 2.16662
0 0 0 0 0, -34.9526084482286, 220.856463327479, 2.16662
0 0 0 0 0, -276.945198652463, 22.5731151653735, 2.16662
0 0 0 0 0, 93.7837973501679, -115.385869827346, 2.16662
0 0 0 0 0, -84.9756641347142, -27.7612511945129, 2.16662
0 0 0 0 0, 63.0957244143489, -232.69991807364, 2.16662
0 0 0 0 0, 142.92120665876, 67.057142866705, 2.16662
0 0 0 0 0, -154.211070911604, -115.124409210086, 2.16662
0 0 0 0 0, -200.862547295873, -30.6346912263401, 2.16662
0 0 0 0 0, 106.628878779568, -289.803837827023, 2.16662
0 0 0 0 0, 127.79783401525, -76.418268366145, 2.16662
0 0 0 0 0, -96.7788007260396, 236.324230517186, 2.16662
0 0 0 0 0, 225.442706792014, -36.1254845070769, 2.16662
0 0 0 0 0, -185.889956572672, 167.312244674534, 2.16662
0 0 0 0 0, -36.9437047624243, -47.7732840126508, 2.16662
0 0 0 0 0, 170.609644433279, 177.874293592731, 2.16662
0 0 0 0 0, -46.394537581517, 290.006395603742, 2.16662
0 0 0 0 0, 266.707983843765, 83.8219480548359, 2.16662
0 0 0 0 0, -287.898099718015, 124.07244532451, 2.16662
0 0 0 0 0, 195.147650579589, 254.947371558433, 2.16662
0 0 0 0 0, -103.000152191317, -163.737321998877, 2.16662
0 0 0 0 0, 69.7977009346078, 162.898390183533, 2.16662
0 0 0 0 0, 258.358501391659, -94.4750878513061, 2.16662
0 0 0 0 0, -113.84583005204, 141.728831268219, 2.16662
0 0 0 0 0, -265.495106123377, 183.273140895901, 2.16662
0 0 0 0 0, -144.104976450256, -143.271326362681, 2.16662
0 0 0 0 0, -8.50906972954971, -71.3125312466168, 2.16662
0 0 0 0 0, -126.710531724587, 212.890368995246, 2.16662
0 0 0 0 0, -72.8633241779837, 312.334976508394, 2.16662
0 0 0 0 0, -141.412784447231, 153.09232113226, 2.16662
0 0 0 0 0, 91.3268033412434, 177.077242950327, 2.16662
0 0 0 0 0, 209.448346905192, -18.911575783013, 2.16662
0 0 0 0 0, -151.930601606486, -191.757530125737, 2.16662
0 0 0 0 0, 152.581154439131, 38.3716550657847, 2.16662
0 0 0 0 0, -184.585864837099, -260.853465662695, 2.16662
0 0 0 0 0, -247.977910230942, -165.21891559218, 2.16662
0 0 0 0 0, -121.726837269491, -166.970218797745, 2.16662
0 0 0 0 0, -66.5131268466968, -16.48581189169, 2.16662
0 0 0 0 0, 71.2068876298671, -131.601608310623, 2.16662
0 0 0 0 0, -12.4796856321915, -14.9903425973333, 2.16662
0 0 0 0 0, 162.946501803002, -215.119694549661, 2.16662
0 0 0 0 0, 202.667405614676, -157.642066007971, 2.16662
0 0 0 0 0, -178.840819163431, 140.823738942007, 2.16662
0 0 0 0 0, -289.636922477292, 54.3426013439656, 2.16662
0 0 0 0 0, -18.516900865219, 148.524903589406, 2.16662
0 0 0 0 0, -46.7106575825812, 141.410942390713, 2.16662
0 0 0 0 0, 87.8296172041869, 141.42996309992, 2.16662
0 0 0 0 0, 41.0724975068369, 250.530835357307, 2.16662
0 0 0 0 0, 272.715928285091, 139.535566005517, 2.16662
0 0 0 0 0, 277.026090601995, 102.618081055185, 2.16662
0 0 0 0 0, 272.841689913112, -30.6506355498687, 2.16662
0 0 0 0 0, 275.169554012168, 166.202375522776, 2.16662
0 0 0 0 0, 56.8475696591711, -316.215074065676, 2.16662
0 0 0 0 0, -190.330112282791, -133.882898436758, 2.16662
0 0 0 0 0, 96.1170465210206, -68.1127464603786, 2.16662
0 0 0 0 0, 243.30649082499, 24.1253136445543, 2.16662
0 0 0 0 0, 34.7771465397599, -258.23091666684, 2.16662
0 0 0 0 0, 124.687161961213, -222.82174790132, 2.16662
0 0 0 0 0, 12.9672803621315, -182.150621611285, 2.16662
0 0 0 0 0, 178.520636814144, -181.989813892678, 2.16662
0 0 0 0 0, 208.757931759797, -28.7353350538161, 2.16662
0 0 0 0 0, -61.8199649518863, -307.570706020392, 2.16662
0 0 0 0 0, 95.4563915037749, -294.609671390148, 2.16662
0 0 0 0 0, -180.561566598887, -253.710479657907, 2.16662
0 0 0 0 0, -163.530274335623, -206.472796519614, 2.16662
0 0 0 0 0, -177.810169044183, -178.00038623238, 2.16662
0 0 0 0 0, -173.51653711659, -226.144427400925, 2.16662
0 0 0 0 0, -100.331261936813, -234.550795588886, 2.16662
0 0 0 0 0, -0.633576822805713, -242.713851497507, 2.16662
0 0 0 0 0, 87.837463832665, -225.4823632348, 2.16662
0 0 0 0 0, 176.447063265729, -216.688780187521, 2.16662
0 0 0 0 0, -232.272995318802, -113.575821835842, 2.16662
0 0 0 0 0, -122.725914252833, -97.2766373880334, 2.16662
0 0 0 0 0, -45.5866269982582, -106.252935007831, 2.16662
0 0 0 0 0, 80.6359653708619, -124.133134786835, 2.16662
0 0 0 0 0, 223.052009697176, -76.2605016808135, 2.16662
0 0 0 0 0, -260.660015030862, -14.7128555386675, 2.16662
0 0 0 0 0, -140.475379294947, -53.8132329082327, 2.16662
0 0 0 0 0, -23.6289236414756, 1.84900528068757, 2.16662
0 0 0 0 0, 75.8237184258493, -70.0807237306645, 2.16662
0 0 0 0 0, 238.532744980449, -40.0309864427438, 2.16662
0 0 0 0 0, -231.326466636456, 52.2873755888846, 2.16662
0 0 0 0 0, -115.482545963675, 67.1028786086726, 2.16662
0 0 0 0 0, 34.5084105614594, 58.2866092134781, 2.16662
0 0 0 0 0, 147.349481734977, 78.0019815590932, 2.16662
0 0 0 0 0, 284.91301787619, 44.6292169649623, 2.16662
0 0 0 0 0, -227.685076762519, 132.85235089913, 2.16662
0 0 0 0 0, -136.371950489404, 142.73592695478, 2.16662
0 0 0 0 0, -9.49574822197027, 126.125590128846, 2.16662
0 0 0 0 0, 126.435390344329, 119.370175236723, 2.16662
0 0 0 0 0, 261.827907532739, 138.896806595727, 2.16662
0 0 0 0 0, -179.453574350925, 236.56754625603, 2.16662
0 0 0 0 0, -70.3444385791915, 248.407902340714, 2.16662
0 0 0 0 0, -3.43006306744638, 271.771113654747, 2.16662
0 0 0 0 0, 77.4887291041966, 183.922752821045, 2.16662
0 0 0 0 0, 156.408378146193, 192.950847767057, 2.16662
0 0 0 0 0, -249.631280149232, 41.2657564011382, 2.16662
0 0 0 0 0, 44.2576399228944, 65.7826244748187, 2.16662
-1 0 0 0 0, 0, 0, 3.175
