0 0 0 0 0, 214.891051491126, -125.354383184019, 2.16662
0 0 0 0 0, 214.774679490214, -127.893059766046, 2.16662
0 0 0 0 0, 96.7579440416609, -267.124422382179, 2.16662
0 0 0 0 0, 96.8394149177687, -269.665115315169, 2.16662
0 0 0 0 0, -110.831193156788, -265.361472606577, 2.16662
0 0 0 0 0, -110.786194158524, -267.903098006901, 2.16662
0 0 0 0 0, -228.04006170448, -126.387238937927, 2.16662
0 0 0 0 0, -228.135636810688, -128.926834719128, 2.16662
0 0 0 0 0, -198.019079487307, 139.302972952064, 2.16662
0 0 0 0 0, -198.187008823415, 141.838781228663, 2.16662
0 0 0 0 0, -97.2831683526376, 256.576183426915, 2.16662
0 0 0 0 0, -97.1495993899712, 259.114458703592, 2.16662
0 0 0 0 0, 118.560814003055, 255.634831692485, 2.16662
0 0 0 0 0, 118.71401694125, 258.172144696707, 2.16662
0 0 0 0 0, 223.42348388248, 125.26847336711, 2.16662
0 0 0 0 0, 223.541829375323, 127.807102164163, 2.16662
0 0 0 0 0, 20.5384714547375, 61.251167936116, 2.16662
0 0 0 0 0, 21.8887487072259, 63.4041516537906, 2.16662
0 0 0 0 0, -10.0828146738463, -74.3549792053731, 2.16662
0 0 0 0 0, -11.199659592119, -76.6378244478929, 2.16662
0 0 0 0 0, 86.0384067134823, -127.615495250005, 2.16662
0 0 0 0 0, 85.9680958448456, -130.15584176156, 2.16662
0 0 0 0 0, 128.107982338133, 78.4538344087207, 2.16662
0 0 0 0 0, -199.35710683763, -171.772777987081, 2.16662
0 0 0 0 0, 0.380104080537548, -204.972474307128, 2.16662
0 0 0 0 0, 23.5910983811303, -196.4145034993, 2.16662
0 0 0 0 0, 189.616234015218, -125.150662644878, 2.16662
0 0 0 0 0, 13.8510125387609, 323.913503927506, 2.16662
0 0 0 0 0, 269.136364437615, -15.3663722859776, 2.16662
0 0 0 0 0, 53.956737338499, -306.974175315045, 2.16662
0 0 0 0 0, -114.448507931462, 178.732796134258, 2.16662
0 0 0 0 0, 142.193679811269, -264.997555691434, 2.16662
0 0 0 0 0, -248.064231037082, -196.403340610962, 2.16662
0 0 0 0 0, 278.097747165303, 51.8441673714507, 2.16662
0 0 0 0 0, 24.6347896109209, 253.393714311368, 2.16662
0 0 0 0 0, -163.278048507245, -268.292769155057, 2.16662
0 0 0 0 0, 112.052883774432, 291.976261701614, 2.16662
0 0 0 0 0, -85.7315069237654, 21.902432571028, 2.16662
0 0 0 0 0, -284.389812498028, -71.2997461415743, 2.16662
0 0 0 0 0, -14.2399659209896, 257.037997468362, 2.16662
0 0 0 0 0, -256.539518403802, 156.139844880549, 2.16662
0 0 0 0 0, -274.302507410883, -141.270966678543, 2.16662
0 0 0 0 0, 216.724648802871, 48.8123233527257, 2.16662
0 0 0 0 0, 63.1284107712281, 186.63194308978, 2.16662
0 0 0 0 0, 34.930141266182, -76.7616827327705, 2.16662
0 0 0 0 0, 32.208666322452, 305.181295972531, 2.16662
0 0 0 0 0, -200.102308295589, 18.5267753404878, 2.16662
0 0 0 0 0, 295.483760782418, 23.5383397344857, 2.16662
0 0 0 0 0, 28.3793389670958, 280.811449356341, 2.16662
0 0 0 0 0, 76.1709965932903, -290.987728588988, 2.16662
0 0 0 0 0, 2.20364284875406, 320.478376103101, 2.16662
0 0 0 0 0, 12.6280858133765, 286.736645748312, 2.16662
0 0 0 0 0, 232.496740163339, 84.3870156707054, 2.16662
0 0 0 0 0, -99.5776265573739, -214.198524871907, 2.16662
0 0 0 0 0, 228.054166314211, -134.214730375222, 2.16662
0 0 0 0 0, 155.684053180576, 172.021898771407, 2.16662
0 0 0 0 0, 77.9570917248935, -192.74863617965, 2.16662
0 0 0 0 0, 298.284839790463, 116.413595367305, 2.16662
0 0 0 0 0, 91.6282616182215, -107.203139866166, 2.16662
0 0 0 0 0, -35.3216446812533, -68.374347936587, 2.16662
0 0 0 0 0, -14.2856120671453, -225.671883258024, 2.16662
0 0 0 0 0, -49.6027487827589, 238.202787062666, 2.16662
0 0 0 0 0, -45.0013409150227, -203.022114224719, 2.16662
0 0 0 0 0, 5.25423958434693, 283.952090584183, 2.16662
0 0 0 0 0, 242.651752118282, -167.878473322175, 2.16662
0 0 0 0 0, -194.78537205986, -54.0102126659947, 2.16662
0 0 0 0 0, 298.107559615057, 41.1288043326741, 2.16662
0 0 0 0 0, 206.980427384666, -136.96495729924, 2.16662
0 0 0 0 0, 48.6340728173119, 94.2920252043707, 2.16662
0 0 0 0 0, -59.5840343346815, -157.231291332872, 2.16662
0 0 0 0 0, -149.628731482509, -251.240940948437, 2.16662
0 0 0 0 0, 31.747684620295, 248.153592299508, 2.16662
0 0 0 0 0, 17.4807744655251, 176.303407541459, 2.16662
0 0 0 0 0, -80.4042917602462, -85.6449673160427, 2.16662
0 0 0 0 0, -272.750615245578, 113.500692246036, 2.16662
0 0 0 0 0, -246.471669731476, 193.447639272356, 2.16662
0 0 0 0 0, 186.673136474713, 181.175277144396, 2.16662
0 0 0 0 0, -270.40233646509, 53.2349669517874, 2.16662
0 0 0 0 0, 257.702366915288, 21.4217150931111, 2.16662
0 0 0 0 0, -235.307374286698, 106.263916368709, 2.16662
0 0 0 0 0, -10.4443748339861, -30.0859097042017, 2.16662
0 0 0 0 0, 75.348696655969, 198.205941870623, 2.16662
0 0 0 0 0, -156.034481894527, 137.340510070949, 2.16662
0 0 0 0 0, 212.566602250051, 138.11030579347, 2.16662
0 0 0 0 0, 227.494749020148, -138.118121065041, 2.16662
0 0 0 0 0, -207.387420199895, 149.362791417349, 2.16662
0 0 0 0 0, -167.627121004951, -176.575709900429, 2.16662
0 0 0 0 0, -295.07319965582, -88.5333032705119, 2.16662
0 0 0 0 0, 92.0443762073145, -147.502370752666, 2.16662
0 0 0 0 0, -1.56976144190891, 255.58218224589, 2.16662
0 0 0 0 0, -169.606403194008, -62.3787790580494, 2.16662
0 0 0 0 0, 29.0802084669955, -16.951479239718, 2.16662
0 0 0 0 0, 165.719980486841, 83.5708122730359, 2.16662
0 0 0 0 0, -75.5794849138899, 107.67493837056, 2.16662
0 0 0 0 0, -122.019222010704, 241.288222282934, 2.16662
0 0 0 0 0, 274.290552434471, -158.258388617264, 2.16662
0 0 0 0 0, 83.4608176376371, -160.279756841513, 2.16662
0 0 0 0 0, -30.3644720775518, 309.741868344501, 2.16662
0 0 0 0 0, 176.199368391587, -107.069709432841, 2.16662
0 0 0 0 0, -80.6879758325107, -97.4611992673883, 2.16662
0 0 0 0 0, 52.8114009473799, 256.792408644966, 2.16662
0 0 0 0 0, 175.047114429907, -186.75206540945, 2.16662
0 0 0 0 0, 147.065913323019, 95.1393614376269, 2.16662
0 0 0 0 0, -89.3811143151764, -24.5452205743156, 2.16662
0 0 0 0 0, 194.816103288776, 13.0159007405692, 2.16662
0 0 0 0 0, -206.017530304173, -217.783708313164, 2.16662
0 0 0 0 0, -129.484073364877, -46.511110286337, 2.16662
0 0 0 0 0, 20.0533984954116, 76.2974063910288, 2.16662
0 0 0 0 0, -135.538514012368, 20.1988152296645, 2.16662
0 0 0 0 0, 119.088128194262, 45.6141581598848, 2.16662
0 0 0 0 0, -8.76306410473211, -56.8460792720205, 2.16662
0 0 0 0 0, 192.036554475267, 202.308048152083, 2.16662
0 0 0 0 0, -71.5918855225014, -269.908917199327, 2.16662
0 0 0 0 0, -79.8683537760006, 134.639762495987, 2.16662
0 0 0 0 0, -146.557771400076, 47.5233194160992, 2.16662
0 0 0 0 0, 245.268693732432, -199.093697251405, 2.16662
0 0 0 0 0, 241.517628984221, -99.017647224161, 2.16662
0 0 0 0 0, -8.5426477810016, 240.193909297367, 2.16662
0 0 0 0 0, -20.2166086478043, 100.838277680517, 2.16662
0 0 0 0 0, 201.324774635347, -142.181959096018, 2.16662
0 0 0 0 0, -284.52033019683, -90.2367975627086, 2.16662
0 0 0 0 0, -144.053126342081, 60.0842794412328, 2.16662
0 0 0 0 0, 1.36066958662137, -123.029552768361, 2.16662
0 0 0 0 0, -19.2170566123811, 95.6194297448365, 2.16662
0 0 0 0 0, 77.5328533693896, 119.392181864838, 2.16662
0 0 0 0 0, -9.79638859238003, 127.855800682355, 2.16662
0 0 0 0 0, -126.652906193632, 261.424942846868, 2.16662
0 0 0 0 0, -129.471995605985, -13.5728755641869, 2.16662
0 0 0 0 0, 100.40155074557, 228.956359734777, 2.16662
0 0 0 0 0, -48.5703426073076, -225.3448249528, 2.16662
0 0 0 0 0, 0.638874064131265, -261.112112977669, 2.16662
0 0 0 0 0, -48.1519589164172, -151.003464781172, 2.16662
0 0 0 0 0, -10.4085083107821, -233.230620671326, 2.16662
0 0 0 0 0, 203.021106286989, -178.084910214822, 2.16662
0 0 0 0 0, -267.54761854957, -146.620068219374, 2.16662
0 0 0 0 0, -110.863047963494, 251.103225160965, 2.16662
0 0 0 0 0, -35.3430887684544, 166.396279413572, 2.16662
0 0 0 0 0, -141.008850728596, -206.089018328344, 2.16662
0 0 0 0 0, 205.827892096584, 86.8740453133477, 2.16662
0 0 0 0 0, -36.4838620661464, -301.96206812495, 2.16662
0 0 0 0 0, -278.749312117163, -131.299147767666, 2.16662
0 0 0 0 0, -29.7984985313198, -235.499492103616, 2.16662
0 0 0 0 0, -67.6829764323973, -117.927717876547, 2.16662
0 0 0 0 0, 62.2916000407908, -154.00601681638, 2.16662
0 0 0 0 0, 130.830212780875, -79.6181100678458, 2.16662
0 0 0 0 0, -73.1558902240509, 269.522160541563, 2.16662
0 0 0 0 0, 60.3161917200349, -284.871606069958, 2.16662
0 0 0 0 0, -194.856132867056, -247.08621614686, 2.16662
0 0 0 0 0, 307.686189254983, 74.0517151524168, 2.16662
0 0 0 0 0, 218.34993861241, -73.002760834632, 2.16662
0 0 0 0 0, 1.08422731974487, 8.95874102256024, 2.16662
0 0 0 0 0, 184.766554106962, 52.916635033283, 2.16662
0 0 0 0 0, 109.430239681368, -248.871903559744, 2.16662
0 0 0 0 0, 22.0922506526949, 322.892464458782, 2.16662
0 0 0 0 0, -38.4385103235583, -4.40404883608914, 2.16662
0 0 0 0 0, -18.8530902995682, -40.3780464560458, 2.16662
0 0 0 0 0, 16.884750676456, 41.9249324313763, 2.16662
0 0 0 0 0, 295.119448313048, 82.5778628368633, 2.16662
0 0 0 0 0, 35.317671727586, -215.35503418894, 2.16662
0 0 0 0 0, -17.2661277847227, 211.919820192326, 2.16662
0 0 0 0 0, 185.530276724894, 118.869140181085, 2.16662
0 0 0 0 0, 184.822471111975, 237.60075305704, 2.16662
0 0 0 0 0, 275.719057192934, 97.9428642498107, 2.16662
0 0 0 0 0, 148.712344991114, -174.396498486269, 2.16662
0 0 0 0 0, 22.7749914703341, 93.3270620996407, 2.16662
0 0 0 0 0, -64.0801554767724, -0.418112040860438, 2.16662
0 0 0 0 0, 151.364286093535, -268.535429007116, 2.16662
0 0 0 0 0, -174.292343923663, -137.987469066602, 2.16662
0 0 0 0 0, -231.372188767385, -61.2920074038606, 2.16662
0 0 0 0 0, 166.558273591814, -4.87896611655442, 2.16662
0 0 0 0 0, 27.3537378326382, 107.637076598137, 2.16662
0 0 0 0 0, 21.6890431483969, -176.131513662586, 2.16662
0 0 0 0 0, -80.4617530505707, 97.6809103851801, 2.16662
0 0 0 0 0, 233.804407287294, 155.973683237755, 2.16662
0 0 0 0 0, -76.1472380635937, -70.9252393835525, 2.16662
0 0 0 0 0, -87.4508759058135, -107.210546956356, 2.16662
0 0 0 0 0, 149.122080032129, -54.6855250705531, 2.16662
0 0 0 0 0, 110.821496022295, -123.66360897785, 2.16662
0 0 0 0 0, 94.7516502107067, 31.8527865579911, 2.16662
0 0 0 0 0, -198.78513006476, -243.486600662241, 2.16662
0 0 0 0 0, -189.945501590273, 125.534784133027, 2.16662
0 0 0 0 0, 159.092428107832, -181.250098515603, 2.16662
0 0 0 0 0, -150.746049473009, -209.139394989176, 2.16662
0 0 0 0 0, -119.114339039467, -254.985826486788, 2.16662
0 0 0 0 0, 266.404700645326, -104.326545339961, 2.16662
0 0 0 0 0, -308.150619420312, -62.3700915952785, 2.16662
0 0 0 0 0, 219.240868464778, 230.559528577288, 2.16662
0 0 0 0 0, -56.8341551943874, 108.239588306525, 2.16662
0 0 0 0 0, 198.22954183953, -106.904930182876, 2.16662
0 0 0 0 0, -92.2163658569338, 64.0340276087309, 2.16662
0 0 0 0 0, -134.457070956856, 68.7450155201875, 2.16662
0 0 0 0 0, 25.4461396188042, -118.706159516862, 2.16662
0 0 0 0 0, -242.438770125597, 71.6118704062321, 2.16662
0 0 0 0 0, -56.2173464703914, -107.496391054638, 2.16662
0 0 0 0 0, -145.644872523894, -116.843384976998, 2.16662
0 0 0 0 0, 260.837963665131, -101.559392153452, 2.16662
0 0 0 0 0, -79.2323179821451, -44.212074520208, 2.16662
0 0 0 0 0, -165.260293386073, 270.077630132878, 2.16662
0 0 0 0 0, -121.902770505782, -265.522902486012, 2.16662
0 0 0 0 0, 293.109104570321, -0.0687411203047846, 2.16662
0 0 0 0 0, -206.675028780004, 132.188835690789, 2.16662
0 0 0 0 0, 156.144634865053, -17.6213492756363, 2.16662
0 0 0 0 0, -48.6083106387039, 227.11118813882, 2.16662
0 0 0 0 0, -85.8302115724579, -131.034448390331, 2.16662
0 0 0 0 0, -159.716392210942, 212.030904636361, 2.16662
0 0 0 0 0, 185.767109091352, -80.994482575425, 2.16662
0 0 0 0 0, -77.8397340436331, -258.446643247642, 2.16662
0 0 0 0 0, 96.7079916734953, -244.83252269563, 2.16662
0 0 0 0 0, -36.7269921073134, 96.5490432672166, 2.16662
0 0 0 0 0, -30.8896975673857, -118.331864478198, 2.16662
0 0 0 0 0, -93.4145936542765, 153.405748819672, 2.16662
0 0 0 0 0, -277.574365389699, 116.813622445559, 2.16662
0 0 0 0 0, 152.945970293679, -204.614128699235, 2.16662
0 0 0 0 0, 24.3291605047572, 226.278058116326, 2.16662
0 0 0 0 0, -71.1379299641916, -152.887224847273, 2.16662
0 0 0 0 0, 115.040748990021, 211.873473322475, 2.16662
0 0 0 0 0, 55.9880922936406, -6.57233394493726, 2.16662
0 0 0 0 0, 89.7082470375892, -279.218970915615, 2.16662
0 0 0 0 0, -322.334350680225, 19.1387932780242, 2.16662
0 0 0 0 0, -267.761848658303, 5.74079234797994, 2.16662
0 0 0 0 0, -139.863760697968, 1.61949335924066, 2.16662
0 0 0 0 0, -49.4963689884335, 103.972446596853, 2.16662
0 0 0 0 0, 166.124356893459, -112.656335377692, 2.16662
0 0 0 0 0, 219.639321604158, -33.906501099041, 2.16662
0 0 0 0 0, -41.4937650994315, 312.609030633982, 2.16662
0 0 0 0 0, 81.911649634931, -7.38878984341163, 2.16662
0 0 0 0 0, -74.8163226988286, 146.571953993549, 2.16662
0 0 0 0 0, -105.333737237529, -20.4291207048555, 2.16662
0 0 0 0 0, -257.543853307627, -98.224587948345, 2.16662
0 0 0 0 0, -80.4957315258331, -72.6146774176755, 2.16662
0 0 0 0 0, 38.9996471451684, -135.90335857093, 2.16662
0 0 0 0 0, -161.581067110997, -154.568936910812, 2.16662
0 0 0 0 0, 153.21793106537, -77.2342680698439, 2.16662
0 0 0 0 0, -197.980114131097, -133.938699538172, 2.16662
0 0 0 0 0, -201.567885966975, -136.611675821669, 2.16662
0 0 0 0 0, 36.5946605642031, -100.326956051404, 2.16662
0 0 0 0 0, -24.9031529330857, -223.875024446482, 2.16662
0 0 0 0 0, -225.654856618397, -213.545860996693, 2.16662
0 0 0 0 0, 299.716990233885, 94.6467566651728, 2.16662
0 0 0 0 0, 12.8982443992055, 243.342534056742, 2.16662
0 0 0 0 0, -182.370534017124, -56.3329782391972, 2.16662
0 0 0 0 0, -190.059262634418, 105.286004456024, 2.16662
0 0 0 0 0, 274.63980924716, 47.9838677146615, 2.16662
0 0 0 0 0, -85.7773263417598, -86.7970025872205, 2.16662
0 0 0 0 0, 303.204264196981, -88.2702025194624, 2.16662
0 0 0 0 0, -29.7141439091176, -182.320237922736, 2.16662
0 0 0 0 0, 70.3788180477212, 289.120042253322, 2.16662
0 0 0 0 0, -223.153987137261, 115.422747981374, 2.16662
0 0 0 0 0, -84.5202167255999, 250.950950660375, 2.16662
0 0 0 0 0, 43.1994444475152, -98.2094999868374, 2.16662
0 0 0 0 0, -303.69287444078, 108.939695022469, 2.16662
0 0 0 0 0, -76.0328641073635, -212.028421355034, 2.16662
0 0 0 0 0, -142.764772627335, -280.003912224739, 2.16662
0 0 0 0 0, -18.6058146293154, -269.393260139204, 2.16662
0 0 0 0 0, 194.072300878711, 53.7756009285373, 2.16662
0 0 0 0 0, -34.3678106240214, 256.473906911835, 2.16662
0 0 0 0 0, 228.140232393904, 157.706032333579, 2.16662
0 0 0 0 0, -144.997654088238, -182.60654815067, 2.16662
0 0 0 0 0, -158.09862924494, 268.790575729798, 2.16662
0 0 0 0 0, 182.641144482283, -214.957475887685, 2.16662
0 0 0 0 0, -234.006427012435, -135.404717799855, 2.16662
0 0 0 0 0, 142.330039463695, 67.3148809436081, 2.16662
0 0 0 0 0, -102.228078689241, -32.9723143433175, 2.16662
0 0 0 0 0, 84.7363484496944, -273.668672763748, 2.16662
0 0 0 0 0, -142.741605670386, -3.57172847799536, 2.16662
0 0 0 0 0, 233.334807598471, 133.170576501915, 2.16662
0 0 0 0 0, 12.4762488043868, 201.994955624273, 2.16662
0 0 0 0 0, 154.807927366629, -110.63330358002, 2.16662
0 0 0 0 0, -157.710077389116, 152.438537808651, 2.16662
0 0 0 0 0, 215.592281848013, -181.65114438993, 2.16662
0 0 0 0 0, 146.189778775793, -19.0029331736756, 2.16662
0 0 0 0 0, 127.659020183927, 269.916671909247, 2.16662
0 0 0 0 0, -155.591783040947, -135.358966379849, 2.16662
0 0 0 0 0, 33.404015874339, -227.823790011369, 2.16662
0 0 0 0 0, 98.4135838747204, -248.354622960883, 2.16662
0 0 0 0 0, 115.728696775819, 16.8348165550381, 2.16662
0 0 0 0 0, -53.7768296535716, -138.62456236339, 2.16662
0 0 0 0 0, -255.994020831076, -134.798928099588, 2.16662
0 0 0 0 0, -120.282906207552, 55.506751395064, 2.16662
0 0 0 0 0, -258.598305516451, -29.9635147967726, 2.16662
0 0 0 0 0, 74.538449494553, 59.1447744116117, 2.16662
0 0 0 0 0, 48.4179594754481, 102.130018663392, 2.16662
0 0 0 0 0, -122.751166794155, 162.492813413197, 2.16662
0 0 0 0 0, -50.863571684251, 90.6890957211869, 2.16662
0 0 0 0 0, 38.4601441519627, -265.843215554083, 2.16662
0 0 0 0 0, -115.581215874467, 256.571478281218, 2.16662
0 0 0 0 0, -83.8833021305448, -234.011046750345, 2.16662
0 0 0 0 0, -181.252483039375, -248.669896673045, 2.16662
0 0 0 0 0, 87.7410093645512, 234.686139522676, 2.16662
0 0 0 0 0, 96.9854271160007, -136.347991650198, 2.16662
0 0 0 0 0, -120.991418309412, -92.6018752349283, 2.16662
0 0 0 0 0, -115.193832259077, 48.1407745895884, 2.16662
0 0 0 0 0, 63.892002609059, -200.607682095531, 2.16662
0 0 0 0 0, 31.2770519423653, 11.0158841279739, 2.16662
0 0 0 0 0, 255.260875353586, -124.65279454389, 2.16662
0 0 0 0 0, -116.984340684767, 299.4405278678, 2.16662
0 0 0 0 0, 225.048813009394, -144.925552325617, 2.16662
0 0 0 0 0, -201.818087570995, 231.666340257585, 2.16662
0 0 0 0 0, 122.845396278844, -41.7442933480498, 2.16662
0 0 0 0 0, 279.57540488403, -5.0440120174022, 2.16662
0 0 0 0 0, 21.155543029794, -158.937361081736, 2.16662
0 0 0 0 0, -22.8222303684014, -220.541987432192, 2.16662
0 0 0 0 0, -190.716939144332, 11.0082537244814, 2.16662
0 0 0 0 0, -3.74708521403743, 196.250347865173, 2.16662
0 0 0 0 0, 81.6372250851301, 22.3875626886183, 2.16662
0 0 0 0 0, 43.0367972585056, -268.201642004871, 2.16662
0 0 0 0 0, -84.4448781004786, -156.906701569565, 2.16662
0 0 0 0 0, -222.72436566795, 110.528287636378, 2.16662
0 0 0 0 0, -1.14891582119768, -280.3309363824, 2.16662
0 0 0 0 0, 299.338308183898, 26.3437608558812, 2.16662
0 0 0 0 0, 4.9427865278535, 25.4118002073183, 2.16662
0 0 0 0 0, -23.5158699329078, 79.1478856117314, 2.16662
0 0 0 0 0, 8.12630328255466, -115.711818300479, 2.16662
0 0 0 0 0, 104.673036638816, -235.281908116236, 2.16662
0 0 0 0 0, -177.762763712816, -26.8868935753099, 2.16662
0 0 0 0 0, 17.6639174771597, 203.825805082928, 2.16662
0 0 0 0 0, 69.8626135273236, 118.156174020382, 2.16662
0 0 0 0 0, -296.354580919209, 103.591391939428, 2.16662
0 0 0 0 0, -181.028026697028, -228.635113896506, 2.16662
0 0 0 0 0, 127.453816315244, -278.769602636041, 2.16662
0 0 0 0 0, -78.7877365962741, 311.850028413936, 2.16662
0 0 0 0 0, 66.6206124576188, 197.188815142813, 2.16662
0 0 0 0 0, 138.117243892583, -280.966556334082, 2.16662
0 0 0 0 0, 31.1915737069062, 76.5724312414537, 2.16662
0 0 0 0 0, 216.283779905681, -36.9180549675956, 2.16662
0 0 0 0 0, -11.1025855463512, -87.2665566808546, 2.16662
0 0 0 0 0, -30.6616459305641, -71.5371408921623, 2.16662
0 0 0 0 0, -3.53473413552231, 44.8131514482922, 2.16662
0 0 0 0 0, -132.603503360647, 101.324183119727, 2.16662
0 0 0 0 0, 84.0731736565407, 102.143767958083, 2.16662
0 0 0 0 0, 114.43128593613, -195.341568452638, 2.16662
0 0 0 0 0, 31.6503467962565, 270.006845360402, 2.16662
0 0 0 0 0, -5.40015091673362, -139.671700321109, 2.16662
0 0 0 0 0, -251.186033217117, -41.4515174622806, 2.16662
0 0 0 0 0, 48.0159852048176, -72.5651171683455, 2.16662
0 0 0 0 0, 274.793449309195, -36.4896870248508, 2.16662
0 0 0 0 0, 86.818317868728, 93.0152868727516, 2.16662
0 0 0 0 0, -203.23336026828, 150.534208177348, 2.16662
0 0 0 0 0, -51.3931159455414, -206.767166117062, 2.16662
0 0 0 0 0, -30.3500190883679, 159.484963442111, 2.16662
0 0 0 0 0, -233.032567120873, 6.51516680743119, 2.16662
0 0 0 0 0, 305.021967777699, -94.1101075987104, 2.16662
0 0 0 0 0, -53.0202026305371, -219.402936807461, 2.16662
0 0 0 0 0, 117.650645158467, 49.3083966833631, 2.16662
0 0 0 0 0, -231.793465773118, 59.9296941302048, 2.16662
0 0 0 0 0, -222.471851442176, -110.869829059845, 2.16662
0 0 0 0 0, -218.742594088539, 37.7751849477224, 2.16662
0 0 0 0 0, 197.839896358391, 177.448940512577, 2.16662
0 0 0 0 0, 21.8563072400743, 233.122563465865, 2.16662
0 0 0 0 0, 148.586406113051, 45.3512821554506, 2.16662
0 0 0 0 0, -244.728922629482, 152.151190663697, 2.16662
0 0 0 0 0, -221.871299740019, 212.208236167866, 2.16662
0 0 0 0 0, 48.4669807919799, 309.881646470923, 2.16662
0 0 0 0 0, 159.950347645974, 240.892270457893, 2.16662
0 0 0 0 0, 70.7596350430047, 28.7647385740983, 2.16662
0 0 0 0 0, 10.4332740993435, -253.468789526932, 2.16662
0 0 0 0 0, -145.977961876161, 96.0156228537841, 2.16662
0 0 0 0 0, 22.8603880998589, 259.183408754051, 2.16662
0 0 0 0 0, -310.82443220734, 81.5365236712384, 2.16662
0 0 0 0 0, 192.669173696693, -135.570371149767, 2.16662
0 0 0 0 0, -138.913345368851, -51.4182982489267, 2.16662
0 0 0 0 0, -52.4528255065453, 4.472844846229, 2.16662
0 0 0 0 0, 167.634272754292, 2.92701558860523, 2.16662
0 0 0 0 0, -67.3313085228661, 153.063131364824, 2.16662
0 0 0 0 0, -63.9260435533231, 230.28621932636, 2.16662
0 0 0 0 0, -163.631441298942, -139.196319867357, 2.16662
0 0 0 0 0, 26.4893211739061, -292.677636101487, 2.16662
0 0 0 0 0, -155.135640065783, 87.6842299456441, 2.16662
0 0 0 0 0, -174.483907743342, -106.234254669182, 2.16662
0 0 0 0 0, 67.3679012092838, -204.886903177897, 2.16662
0 0 0 0 0, -24.065003418718, -11.8859691493764, 2.16662
0 0 0 0 0, 91.4123813063098, 300.019776242988, 2.16662
0 0 0 0 0, 284.175963185826, 17.9871949839599, 2.16662
0 0 0 0 0, -76.4231344767529, -145.582884637651, 2.16662
0 0 0 0 0, 49.9207404942398, -214.880020561458, 2.16662
0 0 0 0 0, 45.5078959402515, 246.245169021165, 2.16662
0 0 0 0 0, 178.680855441557, 100.808882198635, 2.16662
0 0 0 0 0, 75.3819234441713, -242.45567516929, 2.16662
0 0 0 0 0, -81.0784701863164, -268.953532315647, 2.16662
0 0 0 0 0, 83.8637277409625, 114.368342160764, 2.16662
0 0 0 0 0, -33.4009884951377, -101.120405847105, 2.16662
0 0 0 0 0, 162.87320748243, -116.178339178768, 2.16662
0 0 0 0 0, 204.812072989817, -239.234196307107, 2.16662
0 0 0 0 0, 75.1965744143839, -156.706541601917, 2.16662
0 0 0 0 0, -217.939873515513, 180.07390971991, 2.16662
0 0 0 0 0, 121.888773945183, -156.083693135573, 2.16662
0 0 0 0 0, 181.675986663477, 96.457736433754, 2.16662
0 0 0 0 0, 69.07858351701, -55.4615993455463, 2.16662
0 0 0 0 0, 28.3128797851899, -172.20449782896, 2.16662
0 0 0 0 0, -133.529667037305, 162.019697737828, 2.16662
0 0 0 0 0, -78.0719184879599, 137.794348723949, 2.16662
0 0 0 0 0, -68.0031673962794, -237.553328208025, 2.16662
0 0 0 0 0, -31.5690799760028, 166.483243272943, 2.16662
0 0 0 0 0, 225.229672798653, -180.483977246604, 2.16662
0 0 0 0 0, -159.022184417823, -212.972644107014, 2.16662
0 0 0 0 0, 10.8682669374239, -124.746013742192, 2.16662
0 0 0 0 0, -176.142361661539, 252.302701737645, 2.16662
0 0 0 0 0, -245.704502107504, -169.492048911354, 2.16662
0 0 0 0 0, -258.489289372351, -44.4388932453978, 2.16662
0 0 0 0 0, 214.580407252497, 154.100223320637, 2.16662
0 0 0 0 0, 85.8506374022897, -27.4288945517809, 2.16662
0 0 0 0 0, -156.860375091509, 64.1887024099823, 2.16662
0 0 0 0 0, -207.745672875454, -111.226141229664, 2.16662
0 0 0 0 0, -230.906692025958, 43.0164416894727, 2.16662
0 0 0 0 0, -215.574284098598, 96.6903937073759, 2.16662
0 0 0 0 0, 280.109904589611, 74.8986388627938, 2.16662
0 0 0 0 0, 72.4375466568948, -180.991787712588, 2.16662
0 0 0 0 0, -50.1106139494296, -157.273449086936, 2.16662
0 0 0 0 0, 223.885346514686, -75.5823054643406, 2.16662
0 0 0 0 0, 62.4498685460529, 117.158450576817, 2.16662
0 0 0 0 0, -93.3105756451863, 2.11339793278681, 2.16662
0 0 0 0 0, 103.609994196891, -4.34100495580998, 2.16662
0 0 0 0 0, 39.2744955073728, -239.392266040597, 2.16662
0 0 0 0 0, -156.601362930294, -233.881094046653, 2.16662
0 0 0 0 0, 89.6107848520988, 195.627898891158, 2.16662
0 0 0 0 0, 57.7944588268845, 218.962532545288, 2.16662
0 0 0 0 0, -178.036355981238, -204.290094037167, 2.16662
0 0 0 0 0, 104.699429368871, -45.8475511359821, 2.16662
0 0 0 0 0, -42.9045053283197, -139.261773660158, 2.16662
0 0 0 0 0, 237.783620621878, 113.591778393176, 2.16662
0 0 0 0 0, -190.628091049223, 36.4907475395574, 2.16662
0 0 0 0 0, 48.2240501239107, 161.861290740555, 2.16662
0 0 0 0 0, -51.7115999678352, 130.06299919279, 2.16662
0 0 0 0 0, 133.164877615548, -102.009686923223, 2.16662
0 0 0 0 0, -39.58700189616, 111.731176877418, 2.16662
0 0 0 0 0, 0.0538677037738655, 13.2019911841402, 2.16662
0 0 0 0 0, -175.729078434502, -74.7623266114729, 2.16662
0 0 0 0 0, -60.9632237543788, -172.993384221093, 2.16662
0 0 0 0 0, 2.00047267615966, -29.9182827878827, 2.16662
0 0 0 0 0, 177.380827492361, -34.2212405995988, 2.16662
0 0 0 0 0, -124.063743642327, 5.32083263583695, 2.16662
0 0 0 0 0, -114.204287460371, 103.479458912267, 2.16662
0 0 0 0 0, 80.7330657364577, 70.9093796976602, 2.16662
0 0 0 0 0, 212.390039806336, 231.647802745609, 2.16662
0 0 0 0 0, 58.8617703005725, -44.6209952819158, 2.16662
0 0 0 0 0, 84.5448240640036, 9.71128510255333, 2.16662
0 0 0 0 0, 60.3245145462825, 23.6175990934061, 2.16662
0 0 0 0 0, -57.1276327984542, -317.740600429505, 2.16662
0 0 0 0 0, -188.686301573794, 62.7518031547605, 2.16662
0 0 0 0 0, 49.746001204049, 153.815161951041, 2.16662
0 0 0 0 0, 7.03694291470393, 191.493391727417, 2.16662
0 0 0 0 0, 4.16640859989174, -220.530001032378, 2.16662
0 0 0 0 0, -166.593059107213, -249.668517027729, 2.16662
0 0 0 0 0, -156.789699889708, -240.345963801098, 2.16662
0 0 0 0 0, -104.680477463411, -254.507053592849, 2.16662
0 0 0 0 0, -80.9451485111268, -275.680361258996, 2.16662
0 0 0 0 0, -58.2328362480823, -279.293615829985, 2.16662
0 0 0 0 0, -25.6863625568999, -289.273798921854, 2.16662
0 0 0 0 0, 2.52930562078683, -235.860434523758, 2.16662
0 0 0 0 0, 26.4921067436146, -235.369471195926, 2.16662
0 0 0 0 0, 49.9935950319316, -272.431898782234, 2.16662
0 0 0 0 0, 41.3408643439193, -289.047930828774, 2.16662
0 0 0 0 0, 75.1696570052186, -260.509641910403, 2.16662
0 0 0 0 0, 113.827624099404, -234.413237546486, 2.16662
0 0 0 0 0, 130.604620928274, -270.131839858413, 2.16662
0 0 0 0 0, 173.572655339292, -234.793062985769, 2.16662
0 0 0 0 0, -186.124404106555, -234.037233269947, 2.16662
0 0 0 0 0, -169.774300903427, -239.211714583792, 2.16662
0 0 0 0 0, -135.965569638623, -192.782903082884, 2.16662
0 0 0 0 0, -106.067267654627, -218.356897177363, 2.16662
0 0 0 0 0, -48.3945268649849, -246.064148589034, 2.16662
0 0 0 0 0, -59.9834264346594, -198.729789110465, 2.16662
0 0 0 0 0, -25.6649199548213, -247.49926349237, 2.16662
0 0 0 0 0, 11.7077772335664, -223.612681600619, 2.16662
0 0 0 0 0, 22.5863216829841, -226.758849425295, 2.16662
0 0 0 0 0, 9.12036344854414, -186.213656257122, 2.16662
0 0 0 0 0, 65.4091606313359, -252.982609857663, 2.16662
0 0 0 0 0, 114.720546620333, -215.468157854137, 2.16662
0 0 0 0 0, 139.890467860436, -219.096641823322, 2.16662
0 0 0 0 0, 194.454248945929, -228.690507534448, 2.16662
0 0 0 0 0, -214.439628836561, -179.555940869868, 2.16662
0 0 0 0 0, -126.539647848655, -165.488048416931, 2.16662
0 0 0 0 0, -108.418236522869, -155.457903117729, 2.16662
0 0 0 0 0, -57.8055520211109, -180.534105536902, 2.16662
0 0 0 0 0, -56.3518417809947, -170.990045395412, 2.16662
0 0 0 0 0, -12.4357240602935, -167.308200744387, 2.16662
0 0 0 0 0, 19.2770466090979, -164.570347150367, 2.16662
0 0 0 0 0, 90.3763287971458, -175.542426437548, 2.16662
0 0 0 0 0, 107.479983858434, -179.409008728137, 2.16662
0 0 0 0 0, 125.76003088259, -180.092943974534, 2.16662
0 0 0 0 0, 133.464972084133, -178.386768258893, 2.16662
0 0 0 0 0, 172.640285402824, -170.940701678217, 2.16662
0 0 0 0 0, 203.770815441509, -169.936578873343, 2.16662
0 0 0 0 0, 238.657075561664, -185.361191106621, 2.16662
0 0 0 0 0, -262.191816929667, -121.10795026735, 2.16662
0 0 0 0 0, -179.912120276965, -117.279227783549, 2.16662
0 0 0 0 0, -202.299688713649, -125.764090333468, 2.16662
0 0 0 0 0, -48.3614273797457, -132.369310441437, 2.16662
0 0 0 0 0, -38.8000616574586, -136.47800780395, 2.16662
0 0 0 0 0, -41.2445821372632, -127.987403988574, 2.16662
0 0 0 0 0, -41.8892200220171, -106.402254889483, 2.16662
0 0 0 0 0, 34.7455299591224, -124.793071576808, 2.16662
0 0 0 0 0, 47.5145397649492, -133.256797150324, 2.16662
0 0 0 0 0, 102.48361903437, -118.935924005658, 2.16662
0 0 0 0 0, 136.369179755271, -127.273318129788, 2.16662
0 0 0 0 0, 225.8380471328, -162.973536887013, 2.16662
0 0 0 0 0, 228.236382867749, -111.132878531281, 2.16662
0 0 0 0 0, 258.426926588965, -136.498239217209, 2.16662
0 0 0 0 0, -251.519957603525, -154.920233226087, 2.16662
0 0 0 0 0, -220.727646357259, -123.200522648007, 2.16662
0 0 0 0 0, -234.109304152018, -98.5820674650051, 2.16662
0 0 0 0 0, -161.274866700885, -94.8502785853607, 2.16662
0 0 0 0 0, -104.52823328766, -132.469391164116, 2.16662
0 0 0 0 0, -48.347036113719, -100.681272705196, 2.16662
0 0 0 0 0, -2.39046138529215, -125.377706222407, 2.16662
0 0 0 0 0, 76.6025759402576, -105.597057137664, 2.16662
0 0 0 0 0, 125.678535529666, -119.497275410217, 2.16662
0 0 0 0 0, 171.272884114216, -85.0982259137603, 2.16662
0 0 0 0 0, 166.171040520312, -151.090115184404, 2.16662
0 0 0 0 0, 208.13843719671, -61.1132332155061, 2.16662
0 0 0 0 0, 182.054021982897, -53.8463187542725, 2.16662
0 0 0 0 0, 297.216711223886, -117.944547496673, 2.16662
0 0 0 0 0, -294.740257978763, -102.14260663494, 2.16662
0 0 0 0 0, -140.026497155574, -74.8154896913814, 2.16662
0 0 0 0 0, -112.761941624999, -100.743843572043, 2.16662
0 0 0 0 0, -83.7393710486922, -57.633601474288, 2.16662
0 0 0 0 0, -54.6217458201297, -85.875587511265, 2.16662
0 0 0 0 0, -81.3500844114455, -47.204330260455, 2.16662
0 0 0 0 0, 40.2114416100792, -50.8391354883938, 2.16662
0 0 0 0 0, 73.857329663394, -95.00882503219, 2.16662
0 0 0 0 0, 120.172177649798, -85.3829872369898, 2.16662
0 0 0 0 0, 179.303580368681, -46.1078432748319, 2.16662
0 0 0 0 0, 224.85056999064, -43.8298035812156, 2.16662
0 0 0 0 0, 255.350648419304, -52.4206020334554, 2.16662
0 0 0 0 0, 308.10951950123, -70.0629715284474, 2.16662
0 0 0 0 0, 311.477796825273, -44.463164827745, 2.16662
0 0 0 0 0, -294.337079037964, -64.2544450745369, 2.16662
0 0 0 0 0, -238.870809789097, -36.1234531820288, 2.16662
0 0 0 0 0, -220.394515918797, -36.5469236725346, 2.16662
0 0 0 0 0, -119.499218918217, -59.2097198607037, 2.16662
0 0 0 0 0, -123.31432797474, -34.5158760722376, 2.16662
0 0 0 0 0, -104.341433030641, -53.6970560210524, 2.16662
0 0 0 0 0, -117.044385161484, -28.8788272411377, 2.16662
0 0 0 0 0, 10.5664673367603, -5.39478883048382, 2.16662
0 0 0 0 0, -15.3583586608277, 5.65508874564526, 2.16662
0 0 0 0 0, 65.6569961612775, -36.3272867864888, 2.16662
0 0 0 0 0, 110.160664283951, -40.8726320355564, 2.16662
0 0 0 0 0, 118.360249112602, -23.794887621355, 2.16662
0 0 0 0 0, 195.465599647712, -42.0385890690453, 2.16662
0 0 0 0 0, 288.316834676362, -33.5085067643384, 2.16662
0 0 0 0 0, -257.025228068492, 20.3942148747834, 2.16662
0 0 0 0 0, -126.934414464884, 9.69127279908953, 2.16662
0 0 0 0 0, -116.914291565854, -9.65545458626095, 2.16662
0 0 0 0 0, -118.106099544863, -18.262494569343, 2.16662
0 0 0 0 0, -109.130386111572, 42.1882995766369, 2.16662
0 0 0 0 0, -53.8107674339008, 35.7097600813258, 2.16662
0 0 0 0 0, 19.9706098269952, 0.365321419859236, 2.16662
0 0 0 0 0, 40.5844822394821, -12.3092523376731, 2.16662
0 0 0 0 0, 57.3235754984432, -17.5900031939123, 2.16662
0 0 0 0 0, 72.7080897902218, 15.8882708327898, 2.16662
0 0 0 0 0, 145.718682920319, -2.56335479439582, 2.16662
0 0 0 0 0, 153.573157286603, 2.36323990803395, 2.16662
0 0 0 0 0, 246.425359144265, 23.0479884574014, 2.16662
0 0 0 0 0, 307.225955419942, 45.3592251849639, 2.16662
0 0 0 0 0, -244.322388298775, 15.2656557327841, 2.16662
0 0 0 0 0, -242.745004748775, 50.8984204258257, 2.16662
0 0 0 0 0, -187.885641793165, 53.6114438740766, 2.16662
0 0 0 0 0, -161.191516964981, 24.8970192110436, 2.16662
0 0 0 0 0, -40.4218993404821, 66.3474679324501, 2.16662
0 0 0 0 0, 40.414216436654, -1.26216410380962, 2.16662
0 0 0 0 0, 46.0633655957946, 44.1834610148276, 2.16662
0 0 0 0 0, 55.4823316295144, 51.6413926417332, 2.16662
0 0 0 0 0, 47.1705460386941, 58.2874486205664, 2.16662
0 0 0 0 0, 128.689467159646, 4.63419383265115, 2.16662
0 0 0 0 0, 162.218715301755, 45.8129194007872, 2.16662
0 0 0 0 0, 221.765644834742, 20.930561515013, 2.16662
0 0 0 0 0, 295.923609378976, 56.6925397003552, 2.16662
0 0 0 0 0, 279.275695274974, 63.8434471563007, 2.16662
0 0 0 0 0, -247.024113507208, 79.9350537482149, 2.16662
0 0 0 0 0, -219.720700927943, 77.1562393599264, 2.16662
0 0 0 0 0, -163.277371961492, 69.214550813209, 2.16662
0 0 0 0 0, -160.925092233397, 47.4499116521866, 2.16662
0 0 0 0 0, -124.605016616234, 73.9345842587086, 2.16662
0 0 0 0 0, -103.368103479076, 64.742297090531, 2.16662
0 0 0 0 0, -5.00804365870481, 95.6886906466865, 2.16662
0 0 0 0 0, 72.9469916345352, 74.891502926656, 2.16662
0 0 0 0 0, 113.527108025272, 102.388775476966, 2.16662
0 0 0 0 0, 131.662328807924, 117.004401121359, 2.16662
0 0 0 0 0, 178.671718374373, 77.369008048968, 2.16662
0 0 0 0 0, 195.360847749583, 44.3901251430234, 2.16662
0 0 0 0 0, 268.852298217818, 69.6082160049517, 2.16662
0 0 0 0 0, 303.767511006856, 106.400269770103, 2.16662
0 0 0 0 0, -229.349025431419, 100.591503170233, 2.16662
0 0 0 0 0, -206.47169896566, 112.573833767099, 2.16662
0 0 0 0 0, -129.964670352174, 122.433308709081, 2.16662
0 0 0 0 0, -104.950087409601, 108.368426004537, 2.16662
0 0 0 0 0, -48.3444960305083, 81.0301387557555, 2.16662
0 0 0 0 0, -24.8560533638773, 108.865840750239, 2.16662
0 0 0 0 0, -10.7047833340549, 100.935405882604, 2.16662
0 0 0 0 0, 6.7752803397486, 112.12673704678, 2.16662
0 0 0 0 0, 99.472599502707, 138.929165483546, 2.16662
0 0 0 0 0, 165.097794188921, 66.686517592212, 2.16662
0 0 0 0 0, 175.112779202837, 127.847490665041, 2.16662
0 0 0 0 0, 229.946138935898, 118.802812899787, 2.16662
0 0 0 0 0, 285.351142553197, 107.771778507513, 2.16662
0 0 0 0 0, 257.41705480664, 118.015186052302, 2.16662
0 0 0 0 0, -286.057459572627, 107.691156539625, 2.16662
0 0 0 0 0, -241.403487320672, 134.335729836403, 2.16662
0 0 0 0 0, -220.187644455734, 156.891293879635, 2.16662
0 0 0 0 0, -208.790889252627, 171.062960250876, 2.16662
0 0 0 0 0, -162.995095225869, 161.780971402811, 2.16662
0 0 0 0 0, -95.7335068217432, 129.295300041243, 2.16662
0 0 0 0 0, -113.113383178981, 163.344712678813, 2.16662
0 0 0 0 0, -14.2737311770412, 165.976700584327, 2.16662
0 0 0 0 0, -1.83048288644935, 148.402113096328, 2.16662
0 0 0 0 0, 63.9470282343231, 166.810501015311, 2.16662
0 0 0 0 0, 124.460015266769, 129.614040303843, 2.16662
0 0 0 0 0, 165.441072416823, 151.036149264955, 2.16662
0 0 0 0 0, 257.738263125068, 135.456757604827, 2.16662
0 0 0 0 0, 252.217866148312, 171.422536487634, 2.16662
0 0 0 0 0, -244.96078479917, 196.52859213258, 2.16662
0 0 0 0 0, -209.457542807872, 190.013488147054, 2.16662
0 0 0 0 0, -128.536453909961, 177.046666281398, 2.16662
0 0 0 0 0, -128.887212062447, 200.242872840389, 2.16662
0 0 0 0 0, -119.810505998285, 141.455348043895, 2.16662
0 0 0 0 0, -39.0374795594862, 215.648925717439, 2.16662
0 0 0 0 0, 1.44701541782752, 205.177618467875, 2.16662
0 0 0 0 0, 24.7769615046474, 162.979221283319, 2.16662
0 0 0 0 0, 43.3045135623983, 172.726764922404, 2.16662
0 0 0 0 0, 52.1203026183946, 190.409457088622, 2.16662
0 0 0 0 0, 97.1824828732219, 169.196695366241, 2.16662
0 0 0 0 0, 164.553659090211, 197.577907164902, 2.16662
0 0 0 0 0, 216.242578162995, 175.899381342187, 2.16662
0 0 0 0 0, 233.917982361732, 185.98762494813, 2.16662
0 0 0 0 0, -190.263272728418, 254.89303063282, 2.16662
0 0 0 0 0, -154.961126192932, 236.755928531074, 2.16662
0 0 0 0 0, -116.482180235292, 235.489073123265, 2.16662
0 0 0 0 0, -70.9131278816695, 252.325276288431, 2.16662
0 0 0 0 0, -42.409769277353, 234.605079803436, 2.16662
0 0 0 0 0, 0.41036505924337, 233.336039038082, 2.16662
0 0 0 0 0, 13.3365034732321, 228.687149137176, 2.16662
0 0 0 0 0, 41.1683031181132, 275.767488898833, 2.16662
0 0 0 0 0, 60.5322679739014, 290.798491704845, 2.16662
0 0 0 0 0, 110.961282875633, 237.226815413926, 2.16662
0 0 0 0 0, 114.057382167335, 248.125869643336, 2.16662
0 0 0 0 0, 161.632410683751, 226.892246629952, 2.16662
0 0 0 0 0, 196.5895577811, 232.156882125548, 2.16662
0 0 0 0 0, 191.03146822419, 258.22910923185, 2.16662
0 0 0 0 0, -176.844707308374, 261.173209275706, 2.16662
0 0 0 0 0, -101.146708398716, 276.076794292864, 2.16662
0 0 0 0 0, -88.4773213423379, 300.609215805738, 2.16662
0 0 0 0 0, -25.4550767761705, 297.250117601855, 2.16662
0 0 0 0 0, -15.5463524401831, 298.053424853484, 2.16662
0 0 0 0 0, -24.6137395624793, 221.304980679007, 2.16662
0 0 0 0 0, -6.92774253201961, 317.349557450335, 2.16662
0 0 0 0 0, 17.8270299649313, 304.766741319288, 2.16662
0 0 0 0 0, 35.3307661961557, 302.562578552724, 2.16662
0 0 0 0 0, 61.9530039431803, 305.527598022006, 2.16662
0 0 0 0 0, 93.7076082112858, 289.816591986973, 2.16662
0 0 0 0 0, 106.70240791826, 285.319751909301, 2.16662
0 0 0 0 0, 117.978203820995, 276.003742436876, 2.16662
0 0 0 0 0, 166.714788787348, 256.041798937835, 2.16662
0 0 0 0 0, 7.36048096655826, -176.130702241412, 2.16662
0 0 0 0 0, 232.230428653763, -4.0495328902584, 2.16662
0 0 0 0 0, -54.7022207129275, 283.91055609738, 2.16662
0 0 0 0 0, -232.151814776603, -174.673202193733, 2.16662
0 0 0 0 0, -115.008595228428, -113.678257503995, 2.16662
0 0 0 0 0, 45.5675066009537, -45.3460646827025, 2.16662
0 0 0 0 0, -54.9046103703552, 59.533560720418, 2.16662
0 0 0 0 0, 88.2678490700347, -295.492649189303, 2.16662
0 0 0 0 0, -122.64975883781, 270.325037951138, 2.16662
0 0 0 0 0, 203.141255543322, 3.82822079067213, 2.16662
-1 0 0 0 0, 0, 0, 3.175
