0 0 0 0 0, 210.878744435667, -130.604648904422, 2.16662
0 0 0 0 0, 210.86941393066, -133.145993733606, 2.16662
0 0 0 0 0, 105.951808389908, -269.136566697692, 2.16662
0 0 0 0 0, 106.074297115592, -271.675724748056, 2.16662
0 0 0 0 0, -118.2288196052, -268.084814277447, 2.16662
0 0 0 0 0, -118.128379535833, -270.6249317783, 2.16662
0 0 0 0 0, -236.403798118246, -134.112277232439, 2.16662
0 0 0 0 0, -236.341939054535, -136.652959833804, 2.16662
0 0 0 0 0, -197.615695578094, 129.043615759518, 2.16662
0 0 0 0 0, -197.574508538134, 131.584608919419, 2.16662
0 0 0 0 0, -68.3163874324417, 258.65441435162, 2.16662
0 0 0 0 0, -68.2251137769424, 261.194500456628, 2.16662
0 0 0 0 0, 113.626465915343, 259.584199808514, 2.16662
0 0 0 0 0, 113.699223839254, 262.125106808158, 2.16662
0 0 0 0 0, 230.979603769036, 134.072071054523, 2.16662
0 0 0 0 0, 230.91852947039, 136.612753228261, 2.16662
0 0 0 0 0, 15.4883595743203, 65.6056097987784, 2.16662
0 0 0 0 0, 16.7625854787274, 67.8044630633256, 2.16662
0 0 0 0 0, -23.7825255926422, -63.7787417937917, 2.16662
0 0 0 0 0, -25.0888886982432, -65.9586768237412, 2.16662
0 0 0 0 0, 91.6957252940541, -136.434658943808, 2.16662
0 0 0 0 0, 91.8051988370897, -138.97360987733, 2.16662
0 0 0 0 0, 242.77529360209, 192.201087181341, 2.16662
0 0 0 0 0, -283.478650294251, 120.751850534894, 2.16662
0 0 0 0 0, 123.957325985805, -45.5975718079879, 2.16662
0 0 0 0 0, -94.861773368947, 238.894481347219, 2.16662
0 0 0 0 0, -0.873146908412816, 180.899831133539, 2.16662
0 0 0 0 0, -90.6559966252729, 261.471359455498, 2.16662
0 0 0 0 0, -139.4044913822, 276.41816353202, 2.16662
0 0 0 0 0, -34.2964837497239, 205.267336664361, 2.16662
0 0 0 0 0, -7.77715538044669, 202.76190359647, 2.16662
0 0 0 0 0, 255.227006264259, 100.471022773605, 2.16662
0 0 0 0 0, 197.711731648567, 185.367460043533, 2.16662
0 0 0 0 0, 95.2518170778756, -183.668055155831, 2.16662
0 0 0 0 0, 139.783356620052, 136.555080127403, 2.16662
0 0 0 0 0, 87.1926170075919, -265.492553979294, 2.16662
0 0 0 0 0, -166.803838953564, 244.331579437589, 2.16662
0 0 0 0 0, -253.340630593974, -189.827670428489, 2.16662
0 0 0 0 0, -104.301744662496, 206.312950796078, 2.16662
0 0 0 0 0, 20.9712123906347, -201.143876367756, 2.16662
0 0 0 0 0, 214.157469280849, 237.702267599752, 2.16662
0 0 0 0 0, -126.254331957368, 80.0053573570214, 2.16662
0 0 0 0 0, -2.23746934125422, -67.6494618381115, 2.16662
0 0 0 0 0, 93.1881235299874, 57.2694948681463, 2.16662
0 0 0 0 0, 25.0963931624702, -104.598182416874, 2.16662
0 0 0 0 0, 55.9043231078216, 59.1808982202153, 2.16662
0 0 0 0 0, -86.4324880774698, -200.747880075797, 2.16662
0 0 0 0 0, -141.696544111247, 69.7320334723522, 2.16662
0 0 0 0 0, -33.4716519975789, -268.395089758879, 2.16662
0 0 0 0 0, 8.3776153537597, 21.0482686095377, 2.16662
0 0 0 0 0, 37.8791570189024, -16.5803919171264, 2.16662
0 0 0 0 0, -0.70614349476097, -161.576705655401, 2.16662
0 0 0 0 0, -199.761646912048, 111.292231202837, 2.16662
0 0 0 0 0, 238.972574906134, 79.6200221365406, 2.16662
0 0 0 0 0, -167.127583781231, 77.5091274598291, 2.16662
0 0 0 0 0, 188.919070280755, 76.1650301557181, 2.16662
0 0 0 0 0, 96.9791209506078, 14.5755951106627, 2.16662
0 0 0 0 0, 54.4424206536477, -303.182758664274, 2.16662
0 0 0 0 0, -4.2312406124837, 44.2357354172713, 2.16662
0 0 0 0 0, 171.886349414231, -102.828322728749, 2.16662
0 0 0 0 0, 92.4542318707727, -147.713200722594, 2.16662
0 0 0 0 0, -228.39548440224, 152.21463393844, 2.16662
0 0 0 0 0, 105.717257323068, 176.729544711738, 2.16662
0 0 0 0 0, 140.833405309444, -164.034986364819, 2.16662
0 0 0 0 0, 111.888907280273, -215.484830411569, 2.16662
0 0 0 0 0, 103.484837550471, 142.77916576487, 2.16662
0 0 0 0 0, -264.636680245229, -14.1632827933111, 2.16662
0 0 0 0 0, -185.191357957958, 146.169859663547, 2.16662
0 0 0 0 0, 68.482411712723, -258.541234907286, 2.16662
0 0 0 0 0, 154.983663972313, 207.537780982728, 2.16662
0 0 0 0 0, -35.7266607270732, 320.41582751603, 2.16662
0 0 0 0 0, 162.175317882619, -173.052741059131, 2.16662
0 0 0 0 0, 7.30305103317473, 42.746084482888, 2.16662
0 0 0 0 0, -253.03531829971, 26.0474867472863, 2.16662
0 0 0 0 0, -35.9860795311295, 292.113477174197, 2.16662
0 0 0 0 0, 35.9601886684178, 1.28415295446641, 2.16662
0 0 0 0 0, -269.025790241811, 104.547835782896, 2.16662
0 0 0 0 0, -232.775912902734, -215.826532634909, 2.16662
0 0 0 0 0, -182.18839823906, 2.16214823603546, 2.16662
0 0 0 0 0, 141.837292840255, -3.99769339087275, 2.16662
0 0 0 0 0, -71.3112337603523, -267.633295184898, 2.16662
0 0 0 0 0, -76.5313426793151, -58.904873091795, 2.16662
0 0 0 0 0, 187.011061721996, 12.9507756000024, 2.16662
0 0 0 0 0, 80.6072724285255, -276.864235556827, 2.16662
0 0 0 0 0, -153.888395253942, -9.89258484590083, 2.16662
0 0 0 0 0, -131.181097182541, -238.521843218412, 2.16662
0 0 0 0 0, -282.835904694283, -130.338815904029, 2.16662
0 0 0 0 0, -66.4292290170621, 206.669438196882, 2.16662
0 0 0 0 0, -163.421631434883, 140.556901044303, 2.16662
0 0 0 0 0, -184.395152253361, -186.593506059744, 2.16662
0 0 0 0 0, 80.8624232167963, 201.574969954019, 2.16662
0 0 0 0 0, -60.2300380346439, -166.773961890008, 2.16662
0 0 0 0 0, -10.6683289459002, 261.353619140739, 2.16662
0 0 0 0 0, 45.136780952029, -51.3981274856445, 2.16662
0 0 0 0 0, 16.5567744777453, 312.664345294815, 2.16662
0 0 0 0 0, 197.047410054498, 227.555752062059, 2.16662
0 0 0 0 0, 132.640364835504, -112.827184812856, 2.16662
0 0 0 0 0, -50.9748686423553, -179.810362599699, 2.16662
0 0 0 0 0, -292.540476626287, -78.381117925584, 2.16662
0 0 0 0 0, -95.9694018868937, -44.8268761666847, 2.16662
0 0 0 0 0, -249.126542345755, 22.0596310726422, 2.16662
0 0 0 0 0, -239.158950621206, -75.758859561373, 2.16662
0 0 0 0 0, 124.412286632084, -40.5538281872619, 2.16662
0 0 0 0 0, 63.9493370785872, 296.915543326625, 2.16662
0 0 0 0 0, 3.22196900036021, 201.000691140331, 2.16662
0 0 0 0 0, 183.971904322554, -164.171321238296, 2.16662
0 0 0 0 0, -117.809495179735, -132.83127712945, 2.16662
0 0 0 0 0, 76.3657987417204, -245.82187737816, 2.16662
0 0 0 0 0, -78.4587121154429, -218.215494809931, 2.16662
0 0 0 0 0, 196.1677457758, 106.981039644731, 2.16662
0 0 0 0 0, -118.273813886038, -25.2851537023043, 2.16662
0 0 0 0 0, 106.714520832524, -233.589094959409, 2.16662
0 0 0 0 0, -179.291203399489, 99.9536704278411, 2.16662
0 0 0 0 0, -198.218160720358, -89.5656846964378, 2.16662
0 0 0 0 0, -23.6086611131601, 51.1007072980737, 2.16662
0 0 0 0 0, -26.2734253566317, 168.355128684265, 2.16662
0 0 0 0 0, 153.003161536031, 108.530439508754, 2.16662
0 0 0 0 0, -198.982342357158, -22.5947069226445, 2.16662
0 0 0 0 0, -46.6892595954712, 245.187588568708, 2.16662
0 0 0 0 0, 129.638104149235, -145.153921313829, 2.16662
0 0 0 0 0, 23.3487167408266, -181.470391031016, 2.16662
0 0 0 0 0, -20.8826970592051, -163.059222152306, 2.16662
0 0 0 0 0, 171.180518034844, -107.845843628845, 2.16662
0 0 0 0 0, -285.97675189118, 117.973883558845, 2.16662
0 0 0 0 0, -71.6676871426052, -20.8645134571064, 2.16662
0 0 0 0 0, 165.320772573981, -21.2311187783294, 2.16662
0 0 0 0 0, -177.18443645372, 258.092412870544, 2.16662
0 0 0 0 0, -39.4977230857844, -120.40127906215, 2.16662
0 0 0 0 0, 212.209044350412, -9.54477706160557, 2.16662
0 0 0 0 0, 241.78164145707, -172.746101297094, 2.16662
0 0 0 0 0, 34.8741108056951, 103.833297987561, 2.16662
0 0 0 0 0, 147.011902972879, 161.83935296429, 2.16662
0 0 0 0 0, 170.054789421716, 97.7900189576551, 2.16662
0 0 0 0 0, 130.758360060002, 59.4265028533869, 2.16662
0 0 0 0 0, -68.3345133773538, 236.122086522287, 2.16662
0 0 0 0 0, 239.999710208813, 207.698225862523, 2.16662
0 0 0 0 0, 189.020663183082, -186.844646691743, 2.16662
0 0 0 0 0, -179.54651006187, -42.6518319424788, 2.16662
0 0 0 0 0, -123.108694067815, 150.273480107979, 2.16662
0 0 0 0 0, 88.3067736365116, -159.465175480124, 2.16662
0 0 0 0 0, -185.95312774864, -95.9393572396384, 2.16662
0 0 0 0 0, -30.9127080764243, 18.9797544493795, 2.16662
0 0 0 0 0, -49.1592815998249, 238.847029649465, 2.16662
0 0 0 0 0, 298.067577628357, 20.9316697429111, 2.16662
0 0 0 0 0, -148.722329742742, -135.954155983545, 2.16662
0 0 0 0 0, 294.607126057989, 2.51513432615012, 2.16662
0 0 0 0 0, 207.58089029966, -66.7856157553987, 2.16662
0 0 0 0 0, 40.7522323931099, 37.0754816921184, 2.16662
0 0 0 0 0, 103.431615108417, 84.5378764482006, 2.16662
0 0 0 0 0, -176.574326969465, -56.6347808103941, 2.16662
0 0 0 0 0, 303.974025189755, 7.47390916497917, 2.16662
0 0 0 0 0, 25.2071095860767, -35.9178536999116, 2.16662
0 0 0 0 0, -77.448156123588, 248.973473089317, 2.16662
0 0 0 0 0, -153.297937401455, -106.585417930478, 2.16662
0 0 0 0 0, 65.2866556267548, 23.4613606463657, 2.16662
0 0 0 0 0, 201.02426106502, -160.945045350801, 2.16662
0 0 0 0 0, -123.506716784727, 262.064062298304, 2.16662
0 0 0 0 0, -123.415473374827, -277.255399310095, 2.16662
0 0 0 0 0, -142.18897377132, 81.8847902669082, 2.16662
0 0 0 0 0, 15.353697385402, -56.9796298839489, 2.16662
0 0 0 0 0, -214.491201244391, -82.1738509892863, 2.16662
0 0 0 0 0, -265.520121648867, 80.8676396978521, 2.16662
0 0 0 0 0, 48.6750169339093, 267.820871641364, 2.16662
0 0 0 0 0, -235.099558456024, 27.7311749799058, 2.16662
0 0 0 0 0, 201.145457332949, -184.642275336687, 2.16662
0 0 0 0 0, 130.639265188136, -38.7268854026902, 2.16662
0 0 0 0 0, -75.1503344182566, -292.348951696255, 2.16662
0 0 0 0 0, 210.768745007687, -38.7155003483716, 2.16662
0 0 0 0 0, -90.6879385059148, 251.343742289325, 2.16662
0 0 0 0 0, -24.655136742907, -111.405636404735, 2.16662
0 0 0 0 0, -173.252610083824, 144.09887618351, 2.16662
0 0 0 0 0, -96.4469760058266, -59.8624650927929, 2.16662
0 0 0 0 0, -239.54972265815, -53.9521415520961, 2.16662
0 0 0 0 0, 205.192083393117, -112.80337940507, 2.16662
0 0 0 0 0, -119.833032313543, 120.628332258481, 2.16662
0 0 0 0 0, 170.679615485378, -119.619100100358, 2.16662
0 0 0 0 0, 198.636970413998, -192.916354901973, 2.16662
0 0 0 0 0, -15.3223126622316, -158.09386914788, 2.16662
0 0 0 0 0, -102.72893638539, -109.356947934084, 2.16662
0 0 0 0 0, -25.3647076391389, 37.847386321509, 2.16662
0 0 0 0 0, -134.335721610751, -203.831611251653, 2.16662
0 0 0 0 0, 214.19522306128, -61.0847268037136, 2.16662
0 0 0 0 0, 312.075616185052, -43.8631533109757, 2.16662
0 0 0 0 0, 159.446995001376, 233.33650873096, 2.16662
0 0 0 0 0, 72.2545473838444, -186.872850877873, 2.16662
0 0 0 0 0, 138.465754532459, 20.8613366005745, 2.16662
0 0 0 0 0, -285.317078259016, -77.1137046308002, 2.16662
0 0 0 0 0, -24.6812471145364, -172.674833551218, 2.16662
0 0 0 0 0, 303.13764780894, -7.28626452556558, 2.16662
0 0 0 0 0, -286.0005859388, 126.47177274607, 2.16662
0 0 0 0 0, -239.991600738556, 64.0740497569927, 2.16662
0 0 0 0 0, 274.343610493182, -167.219661186011, 2.16662
0 0 0 0 0, -17.3986334000991, -282.130078252528, 2.16662
0 0 0 0 0, 179.568372428441, -78.5959312048348, 2.16662
0 0 0 0 0, 47.3336548431914, -176.007335861299, 2.16662
0 0 0 0 0, -229.100050292362, 104.429693649424, 2.16662
0 0 0 0 0, 144.735693189538, -253.093661027782, 2.16662
0 0 0 0 0, 34.856820126775, -262.40262834988, 2.16662
0 0 0 0 0, -269.191387292742, 121.544548960478, 2.16662
0 0 0 0 0, -6.5055882542414, -10.6523485425383, 2.16662
0 0 0 0 0, 184.465836496254, -76.2300579133304, 2.16662
0 0 0 0 0, 97.2810402497291, 308.362795431285, 2.16662
0 0 0 0 0, 39.9202894837789, -307.729533076955, 2.16662
0 0 0 0 0, -15.6058999340252, 151.022100573258, 2.16662
0 0 0 0 0, 16.5056724055423, -103.822197681037, 2.16662
0 0 0 0 0, -141.391856809824, -0.758245645204904, 2.16662
0 0 0 0 0, -246.507065808486, 188.225910567465, 2.16662
0 0 0 0 0, -51.6472204772894, 259.016460618071, 2.16662
0 0 0 0 0, -212.774407684747, 184.851959646767, 2.16662
0 0 0 0 0, -63.8379834924608, -307.629782499865, 2.16662
0 0 0 0 0, -318.171728172294, -61.8345407693361, 2.16662
0 0 0 0 0, -168.491859842017, -68.883773781573, 2.16662
0 0 0 0 0, 283.812622929516, -124.86402524334, 2.16662
0 0 0 0 0, -179.021726666683, -138.764059642334, 2.16662
0 0 0 0 0, 7.91606036220826, 77.6216464623372, 2.16662
0 0 0 0 0, -101.439225732413, -244.786316776636, 2.16662
0 0 0 0 0, 215.489667594416, -172.038848998341, 2.16662
0 0 0 0 0, -278.077972310197, -34.6998584076889, 2.16662
0 0 0 0 0, 267.155744855389, 85.7578537929058, 2.16662
0 0 0 0 0, -210.748242088105, -171.79228158607, 2.16662
0 0 0 0 0, 95.7286312533005, -247.116627510071, 2.16662
0 0 0 0 0, -220.70948639117, 69.1851323204578, 2.16662
0 0 0 0 0, -318.066121767377, -4.74511848352257, 2.16662
0 0 0 0 0, 179.797587186256, 63.2733874299654, 2.16662
0 0 0 0 0, -4.42015179753222, 210.436656310518, 2.16662
0 0 0 0 0, 253.523565430929, -127.54035645879, 2.16662
0 0 0 0 0, -237.235036615303, 39.5374915825411, 2.16662
0 0 0 0 0, 250.332127155121, 156.131991236594, 2.16662
0 0 0 0 0, 14.4938430935154, -94.6604758539051, 2.16662
0 0 0 0 0, 158.230777339152, 134.196914419974, 2.16662
0 0 0 0 0, 130.245432671508, -218.165829145767, 2.16662
0 0 0 0 0, 210.070954690723, -30.0363994817497, 2.16662
0 0 0 0 0, -141.409443299506, -273.727737939705, 2.16662
0 0 0 0 0, -125.934917531017, 49.0805272758724, 2.16662
0 0 0 0 0, -102.601160488217, -228.196647920955, 2.16662
0 0 0 0 0, -98.6996743221562, -271.797762982283, 2.16662
0 0 0 0 0, -166.305678784759, 73.9479239494543, 2.16662
0 0 0 0 0, -16.256674033123, 254.351274428582, 2.16662
0 0 0 0 0, 77.3244159120987, 128.483681500593, 2.16662
0 0 0 0 0, -193.671134427225, -135.687103540517, 2.16662
0 0 0 0 0, 0.00392649121403099, 13.2045579918068, 2.16662
0 0 0 0 0, -134.500551441422, -130.838566804095, 2.16662
0 0 0 0 0, -227.279965182135, -112.37878225692, 2.16662
0 0 0 0 0, -4.00090645874094, -307.518757255109, 2.16662
0 0 0 0 0, -78.2609139050705, -211.667748829258, 2.16662
0 0 0 0 0, 35.6412699168034, -219.101025007762, 2.16662
0 0 0 0 0, 115.967578190116, -272.79115553344, 2.16662
0 0 0 0 0, 178.322841291162, -109.284573457034, 2.16662
0 0 0 0 0, 248.243599974863, -158.561721378074, 2.16662
0 0 0 0 0, -210.368425316015, 62.3049071422621, 2.16662
0 0 0 0 0, -267.317695580361, 18.9252327406696, 2.16662
0 0 0 0 0, -139.55491112288, 172.049270504314, 2.16662
0 0 0 0 0, -116.522942884256, 267.915221342854, 2.16662
0 0 0 0 0, 77.8674589161218, 192.422690336167, 2.16662
0 0 0 0 0, 12.3906407388639, 7.85214991179664, 2.16662
0 0 0 0 0, 277.77782978987, 18.5964840413667, 2.16662
0 0 0 0 0, 121.493804942629, 0.36396669400014, 2.16662
0 0 0 0 0, -41.9417688233771, -16.0952224663538, 2.16662
0 0 0 0 0, -260.300788127179, 45.2826431444734, 2.16662
0 0 0 0 0, -207.049215691638, 43.0110813393796, 2.16662
0 0 0 0 0, 119.404128015622, 145.372088981479, 2.16662
0 0 0 0 0, 281.571780504112, 152.322221019716, 2.16662
0 0 0 0 0, -178.594077302338, 62.526003661963, 2.16662
0 0 0 0 0, 185.032659168214, 17.7741566715172, 2.16662
0 0 0 0 0, -281.050871512726, 65.7308020095739, 2.16662
0 0 0 0 0, 36.4902354517159, 82.471629452931, 2.16662
0 0 0 0 0, 218.685492040553, 180.42422004857, 2.16662
0 0 0 0 0, -215.801314401553, -123.18406431143, 2.16662
0 0 0 0 0, -103.70628150522, -66.3182573100435, 2.16662
0 0 0 0 0, 129.535810716303, -55.9546887733761, 2.16662
0 0 0 0 0, -313.76704298288, 7.60281870412904, 2.16662
0 0 0 0 0, -292.403111793974, 73.8563936912261, 2.16662
0 0 0 0 0, 247.044348713173, 54.2608612520751, 2.16662
0 0 0 0 0, -134.027322847547, -289.791681613492, 2.16662
0 0 0 0 0, -123.627480771025, -285.431899833834, 2.16662
0 0 0 0 0, -84.748236488535, -301.083522979527, 2.16662
0 0 0 0 0, -65.8842035806219, -278.84094398578, 2.16662
0 0 0 0 0, -51.5994891157191, -296.652519599161, 2.16662
0 0 0 0 0, -34.3896676098322, -300.93727442372, 2.16662
0 0 0 0 0, -1.03729973078844, -296.706906186863, 2.16662
0 0 0 0 0, 9.50574415620584, -308.115993681672, 2.16662
0 0 0 0 0, 51.3934548069013, -318.577150748049, 2.16662
0 0 0 0 0, 59.3768860303156, -295.851764685636, 2.16662
0 0 0 0 0, 72.7513000556106, -290.709241576014, 2.16662
0 0 0 0 0, 132.504677286588, -272.042378198219, 2.16662
0 0 0 0 0, -136.065774334747, -232.887395903549, 2.16662
0 0 0 0 0, -107.298898586264, -235.286198495086, 2.16662
0 0 0 0 0, -117.136589006633, -214.985376041025, 2.16662
0 0 0 0 0, -71.5766622380444, -219.776429117437, 2.16662
0 0 0 0 0, 24.4078746540101, -250.283896667622, 2.16662
0 0 0 0 0, 54.1123646690224, -226.932656493972, 2.16662
0 0 0 0 0, 54.6429564641995, -272.05606299857, 2.16662
0 0 0 0 0, 65.7668614668858, -239.132862738935, 2.16662
0 0 0 0 0, 104.194315784345, -257.493135049652, 2.16662
0 0 0 0 0, 87.1855971158424, -237.706116719948, 2.16662
0 0 0 0 0, 116.639379165434, -240.506656717942, 2.16662
0 0 0 0 0, 162.196594678216, -222.076395662486, 2.16662
0 0 0 0 0, -268.658216610072, -173.815819770805, 2.16662
0 0 0 0 0, -199.792531471268, -224.067029197779, 2.16662
0 0 0 0 0, -187.46893075674, -218.837237042498, 2.16662
0 0 0 0 0, -147.10100861726, -185.219954144174, 2.16662
0 0 0 0 0, -102.083795934661, -197.377984872477, 2.16662
0 0 0 0 0, -100.215977565617, -188.427472630505, 2.16662
0 0 0 0 0, -87.928066668954, -179.763878349119, 2.16662
0 0 0 0 0, 11.4835558685555, -203.721870857146, 2.16662
0 0 0 0 0, 120.529873693664, -212.374890125267, 2.16662
0 0 0 0 0, 127.135072664783, -191.05543736825, 2.16662
0 0 0 0 0, 174.828903134412, -186.235998835209, 2.16662
0 0 0 0 0, 199.180709866943, -221.295576478992, 2.16662
0 0 0 0 0, -216.249284453132, -164.627341114802, 2.16662
0 0 0 0 0, -57.1196964094536, -185.004476895643, 2.16662
0 0 0 0 0, -7.92725963625923, -171.239453978087, 2.16662
0 0 0 0 0, 20.9281012407426, -165.247893935173, 2.16662
0 0 0 0 0, 58.0784968848883, -176.030392708075, 2.16662
0 0 0 0 0, 56.3644138912968, -197.550155558319, 2.16662
0 0 0 0 0, 104.833781077893, -196.796734841201, 2.16662
0 0 0 0 0, 166.992368126047, -166.203838705243, 2.16662
0 0 0 0 0, 236.268600282106, -190.906950895157, 2.16662
0 0 0 0 0, 232.446547405668, -155.238596274791, 2.16662
0 0 0 0 0, 247.480291468191, -186.276084560083, 2.16662
0 0 0 0 0, 263.3649619015, -170.569719834391, 2.16662
0 0 0 0 0, -186.791534494145, -144.386440733609, 2.16662
0 0 0 0 0, -52.5498370283244, -153.093134042937, 2.16662
0 0 0 0 0, -12.1282329108542, -190.426322182485, 2.16662
0 0 0 0 0, 1.74387306049087, -143.056595721332, 2.16662
0 0 0 0 0, 12.6348474449187, -152.780631031842, 2.16662
0 0 0 0 0, 113.302593263936, -144.621796742043, 2.16662
0 0 0 0 0, 91.0762013401396, -123.883613342274, 2.16662
0 0 0 0 0, 118.555018040651, -136.72997999082, 2.16662
0 0 0 0 0, 151.804763710702, -173.316981878499, 2.16662
0 0 0 0 0, 148.097744316891, -179.640046182329, 2.16662
0 0 0 0 0, 238.368919041346, -119.745370222878, 2.16662
0 0 0 0 0, 253.204737510203, -200.259226803196, 2.16662
0 0 0 0 0, -276.982947691481, -109.586722935926, 2.16662
0 0 0 0 0, -231.643386967961, -118.902164136761, 2.16662
0 0 0 0 0, -206.186189870276, -119.306035955574, 2.16662
0 0 0 0 0, -184.706630084646, -115.625504046052, 2.16662
0 0 0 0 0, -156.263857778549, -115.015306217931, 2.16662
0 0 0 0 0, -106.453341136481, -136.702550781341, 2.16662
0 0 0 0 0, -113.599199283552, -101.445820488277, 2.16662
0 0 0 0 0, -39.3132615069368, -132.150630170718, 2.16662
0 0 0 0 0, 140.164340090874, -114.701408170208, 2.16662
0 0 0 0 0, 187.516751157625, -85.2064827570682, 2.16662
0 0 0 0 0, 278.751307833739, -101.569320273031, 2.16662
0 0 0 0 0, 296.47788524095, -80.9713894139248, 2.16662
0 0 0 0 0, -216.552748141409, -97.7649364563379, 2.16662
0 0 0 0 0, -200.971705898904, -113.347522384136, 2.16662
0 0 0 0 0, -128.312605324361, -99.5326812649621, 2.16662
0 0 0 0 0, -79.7741615125115, -112.049170779757, 2.16662
0 0 0 0 0, -16.876629250471, -110.760303960764, 2.16662
0 0 0 0 0, 28.9292002314494, -116.360101739888, 2.16662
0 0 0 0 0, 7.01778293870108, -122.837108827318, 2.16662
0 0 0 0 0, 32.2967885950351, -124.787987682536, 2.16662
0 0 0 0 0, 121.82690011635, -105.714243809628, 2.16662
0 0 0 0 0, 174.603814669254, -70.6026492748892, 2.16662
0 0 0 0 0, 192.2685052661, -73.4272082346303, 2.16662
0 0 0 0 0, 194.990596748615, -55.0619069736108, 2.16662
0 0 0 0 0, -300.152364333263, -71.0422639488132, 2.16662
0 0 0 0 0, -302.951638555555, -81.0063828617496, 2.16662
0 0 0 0 0, -282.679896497035, -54.2244186106542, 2.16662
0 0 0 0 0, -238.640143590241, -93.7781948951277, 2.16662
0 0 0 0 0, -228.224461226767, -56.2676169822586, 2.16662
0 0 0 0 0, -144.43579577429, -69.6535022884063, 2.16662
0 0 0 0 0, -114.942155147773, -64.5211838077546, 2.16662
0 0 0 0 0, -3.96285183402996, -52.1409196696707, 2.16662
0 0 0 0 0, 197.717389455949, -41.9480175346226, 2.16662
0 0 0 0 0, 178.442296599977, -32.3810748498183, 2.16662
0 0 0 0 0, 223.832897720299, -50.613930646256, 2.16662
0 0 0 0 0, 236.352930108729, -67.8452931106378, 2.16662
0 0 0 0 0, -237.753267778136, -46.9334089717065, 2.16662
0 0 0 0 0, -162.651911985094, -13.1407393255482, 2.16662
0 0 0 0 0, -141.235267161948, -54.1127903830968, 2.16662
0 0 0 0 0, -83.470731858326, -49.5640149386626, 2.16662
0 0 0 0 0, -107.999166302682, -34.6267763010233, 2.16662
0 0 0 0 0, -48.7818198740605, -51.7978294838669, 2.16662
0 0 0 0 0, 31.1783778460068, -58.7144499180461, 2.16662
0 0 0 0 0, 35.5225979337733, -68.7578817679968, 2.16662
0 0 0 0 0, 112.050293011679, -44.4193211439033, 2.16662
0 0 0 0 0, 115.345317708613, -32.2376170392755, 2.16662
0 0 0 0 0, 140.352442976485, -52.944067948773, 2.16662
0 0 0 0 0, 293.749347143073, -43.0170459137605, 2.16662
0 0 0 0 0, -294.906248682918, -45.0355107790723, 2.16662
0 0 0 0 0, -272.813638638076, -9.67416481182695, 2.16662
0 0 0 0 0, -211.628747193316, -9.67198768398776, 2.16662
0 0 0 0 0, -111.357157567952, -20.5371356199293, 2.16662
0 0 0 0 0, -78.457089981145, 9.87440926169141, 2.16662
0 0 0 0 0, -41.2062315665472, -38.4268404035081, 2.16662
0 0 0 0 0, 47.9474275730916, -16.7390062629536, 2.16662
0 0 0 0 0, 50.7394522654709, 5.92052226875953, 2.16662
0 0 0 0 0, 142.723306777437, -45.2019404233301, 2.16662
0 0 0 0 0, 177.27677664809, -18.1854561247366, 2.16662
0 0 0 0 0, 225.595404381479, -24.1784953598886, 2.16662
0 0 0 0 0, 193.421738053988, -12.9161893219123, 2.16662
0 0 0 0 0, -306.536390228672, -10.6026470559701, 2.16662
0 0 0 0 0, -293.862622962888, 24.0501288590357, 2.16662
0 0 0 0 0, -191.832232991186, -3.42259806765684, 2.16662
0 0 0 0 0, -173.631758550732, -8.87829800870713, 2.16662
0 0 0 0 0, -129.582654035382, 3.6381425484347, 2.16662
0 0 0 0 0, -11.2943400333687, -0.570039681768477, 2.16662
0 0 0 0 0, 67.2751359066972, 4.34549422054945, 2.16662
0 0 0 0 0, 123.408979442166, -3.26934078306522, 2.16662
0 0 0 0 0, 150.222894084634, -3.40459232275848, 2.16662
0 0 0 0 0, 220.329511165841, 11.8130710308325, 2.16662
0 0 0 0 0, 281.481812882718, -32.4506888592638, 2.16662
0 0 0 0 0, 276.505719763492, -46.5188151915049, 2.16662
0 0 0 0 0, -257.875914167016, 12.1447104226731, 2.16662
0 0 0 0 0, -243.818565898659, 27.9973724759346, 2.16662
0 0 0 0 0, -17.5635662172156, 12.2772041489162, 2.16662
0 0 0 0 0, -0.669648229202133, 28.2978949625218, 2.16662
0 0 0 0 0, 5.76144310136931, -12.6026447730719, 2.16662
0 0 0 0 0, 106.638016516626, 17.777315477019, 2.16662
0 0 0 0 0, 129.657458753243, 26.1287310468598, 2.16662
0 0 0 0 0, 175.352965682904, 22.5471243223116, 2.16662
0 0 0 0 0, 199.932361371725, 13.7387246310117, 2.16662
0 0 0 0 0, 283.591203847447, 42.5909490061786, 2.16662
0 0 0 0 0, 307.483804414199, 40.4448143252479, 2.16662
0 0 0 0 0, 299.338346343619, 51.8010545067428, 2.16662
0 0 0 0 0, -255.75837338071, 54.0312464191542, 2.16662
0 0 0 0 0, -243.279398450751, 46.3662479571652, 2.16662
0 0 0 0 0, -226.984199058024, 28.5118032777285, 2.16662
0 0 0 0 0, -224.506423684981, 12.3416754329064, 2.16662
0 0 0 0 0, -209.364046000743, 53.6521407259027, 2.16662
0 0 0 0 0, -136.299175803627, 56.9789725586444, 2.16662
0 0 0 0 0, -49.6056204055793, 36.166693609366, 2.16662
0 0 0 0 0, -9.50230057434053, 75.761937246457, 2.16662
0 0 0 0 0, 35.721407761628, 48.2170556982839, 2.16662
0 0 0 0 0, -22.2944639148694, -4.90481645159542, 2.16662
0 0 0 0 0, 48.4132016456194, 67.2995983762275, 2.16662
0 0 0 0 0, 78.5622861409465, 1.90973832864231, 2.16662
0 0 0 0 0, -278.391044563515, 97.1030011910584, 2.16662
0 0 0 0 0, -223.871380596302, 53.7464248875958, 2.16662
0 0 0 0 0, -200.65591031013, 65.6417508972797, 2.16662
0 0 0 0 0, -183.073056781248, 67.7732998822265, 2.16662
0 0 0 0 0, -185.883713792493, 85.7389430771481, 2.16662
0 0 0 0 0, -154.647415625846, 69.9195285652326, 2.16662
0 0 0 0 0, -61.1674217134459, 46.7594021997345, 2.16662
0 0 0 0 0, 68.7603276365317, 60.0790842329627, 2.16662
0 0 0 0 0, 81.0319140679119, 55.8694790493441, 2.16662
0 0 0 0 0, 154.835974379785, 71.9798711025253, 2.16662
0 0 0 0 0, 172.775659264406, 71.3624301502194, 2.16662
0 0 0 0 0, 270.704697213378, 64.0846000890784, 2.16662
0 0 0 0 0, -301.263486795933, 95.7499142152881, 2.16662
0 0 0 0 0, -247.262190328165, 98.149287863318, 2.16662
0 0 0 0 0, -148.786468203454, 49.5178558316223, 2.16662
0 0 0 0 0, -133.319990421661, 96.7774760777514, 2.16662
0 0 0 0 0, -116.514801888318, 100.737694602529, 2.16662
0 0 0 0 0, -106.047695024256, 77.8068059941123, 2.16662
0 0 0 0 0, 15.362896542359, 100.356185671534, 2.16662
0 0 0 0 0, 62.0358274914994, 80.9686759344182, 2.16662
0 0 0 0 0, 123.3264032224, 90.5046607001185, 2.16662
0 0 0 0 0, 188.833019294355, 97.2554208711568, 2.16662
0 0 0 0 0, 288.544199506529, 87.8028883980393, 2.16662
0 0 0 0 0, 292.003477839634, 96.4983031378107, 2.16662
0 0 0 0 0, -262.239764419455, 116.600560676443, 2.16662
0 0 0 0 0, -256.180911362047, 125.940669786935, 2.16662
0 0 0 0 0, -245.131912966857, 118.76998507759, 2.16662
0 0 0 0 0, -251.430870743066, 142.834150559236, 2.16662
0 0 0 0 0, -207.528745720311, 131.229595486538, 2.16662
0 0 0 0 0, -216.940059839893, 139.823159249335, 2.16662
0 0 0 0 0, -121.493537974895, 106.533289380788, 2.16662
0 0 0 0 0, -1.72307868936861, 109.228561252612, 2.16662
0 0 0 0 0, 160.009317626463, 112.874319561515, 2.16662
0 0 0 0 0, 168.561205928281, 88.3588074375688, 2.16662
0 0 0 0 0, 184.69311831212, 106.55731391406, 2.16662
0 0 0 0 0, 280.488666313989, 113.881768409743, 2.16662
0 0 0 0 0, -254.087149714861, 171.980746297411, 2.16662
0 0 0 0 0, -195.304495165082, 168.700730548519, 2.16662
0 0 0 0 0, -161.421081366689, 175.198367379172, 2.16662
0 0 0 0 0, -126.881191337851, 143.896123271966, 2.16662
0 0 0 0 0, -130.051711366319, 159.891689637837, 2.16662
0 0 0 0 0, -114.498051394331, 128.85871592165, 2.16662
0 0 0 0 0, 95.7787809045599, 127.005884572853, 2.16662
0 0 0 0 0, 129.270957863403, 136.421339736537, 2.16662
0 0 0 0 0, 134.243195413361, 142.084826242608, 2.16662
0 0 0 0 0, 152.112065073711, 129.80807670921, 2.16662
0 0 0 0 0, 179.267465050144, 141.028110315125, 2.16662
0 0 0 0 0, 278.575516775536, 133.652193566874, 2.16662
0 0 0 0 0, -256.01226573463, 195.711515258006, 2.16662
0 0 0 0 0, -241.526475474612, 161.355121965901, 2.16662
0 0 0 0 0, -218.959755574634, 176.448275863372, 2.16662
0 0 0 0 0, -118.096910647137, 174.448386469139, 2.16662
0 0 0 0 0, -24.0664226382309, 179.431602717278, 2.16662
0 0 0 0 0, -5.90947661450628, 161.283053821568, 2.16662
0 0 0 0 0, 14.3680552966991, 196.934174626497, 2.16662
0 0 0 0 0, 93.6912816404286, 176.868809669328, 2.16662
0 0 0 0 0, 152.244876627897, 169.689011984976, 2.16662
0 0 0 0 0, 185.886701241318, 189.84094809318, 2.16662
0 0 0 0 0, 237.436608410229, 184.665957149886, 2.16662
0 0 0 0 0, 259.917483561176, 170.770524554605, 2.16662
0 0 0 0 0, -114.442168686212, 209.792993639281, 2.16662
0 0 0 0 0, -78.0128575598344, 215.363883849235, 2.16662
0 0 0 0 0, -20.6051347059447, 195.761922828514, 2.16662
0 0 0 0 0, -19.6720803767806, 227.972079921935, 2.16662
0 0 0 0 0, 0.856512065989297, 237.931382425348, 2.16662
0 0 0 0 0, 34.011230313192, 188.398952375275, 2.16662
0 0 0 0 0, 65.720386524557, 193.443552156927, 2.16662
0 0 0 0 0, 103.482602706069, 215.557093743462, 2.16662
0 0 0 0 0, 160.554965130687, 217.114526023108, 2.16662
0 0 0 0 0, 186.457096354634, 218.534512922461, 2.16662
0 0 0 0 0, 234.957767711738, 198.405851090248, 2.16662
0 0 0 0 0, 224.54446360253, 152.124501211744, 2.16662
0 0 0 0 0, -191.994550106264, 253.161381448619, 2.16662
0 0 0 0 0, -156.67760177623, 249.830482935048, 2.16662
0 0 0 0 0, -96.3685381733019, 228.119902247373, 2.16662
0 0 0 0 0, -81.9456925639824, 243.258492864598, 2.16662
0 0 0 0 0, -101.601218103685, 271.155445867454, 2.16662
0 0 0 0 0, -40.9634855628887, 220.932215389829, 2.16662
0 0 0 0 0, -32.780332601235, 241.157512998862, 2.16662
0 0 0 0 0, -5.21636091970669, 245.026626507058, 2.16662
0 0 0 0 0, -20.5256332498057, 287.664465306377, 2.16662
0 0 0 0 0, 16.6924682412271, 247.874642743284, 2.16662
0 0 0 0 0, 173.925974731463, 232.157884310684, 2.16662
0 0 0 0 0, 169.857712940066, 254.063535904892, 2.16662
0 0 0 0 0, 89.3831771356678, 307.226796712374, 2.16662
0 0 0 0 0, 156.881935211238, 256.09653760454, 2.16662
0 0 0 0 0, 88.4567928799077, 299.936570281303, 2.16662
0 0 0 0 0, 65.7189671840097, 311.816630067736, 2.16662
0 0 0 0 0, 123.970787151947, 271.485674792211, 2.16662
0 0 0 0 0, 88.7481902864271, 288.663794520733, 2.16662
0 0 0 0 0, 116.437455959287, 270.329470228932, 2.16662
0 0 0 0 0, 79.2502996408657, 292.471195378016, 2.16662
0 0 0 0 0, 128.426907479326, 258.529263529494, 2.16662
0 0 0 0 0, 109.062640237634, 269.618238878961, 2.16662
0 0 0 0 0, 45.4704389357477, 304.378276835536, 2.16662
0 0 0 0 0, 128.063741417764, 249.98135317916, 2.16662
0 0 0 0 0, 63.5693146070959, 288.809028867158, 2.16662
0 0 0 0 0, 91.1901896976078, 269.294229477971, 2.16662
0 0 0 0 0, 54.8216304938506, 291.623290585585, 2.16662
0 0 0 0 0, 295.516286425171, 128.029385865143, 2.16662
0 0 0 0 0, 107.576996263031, 248.255538784616, 2.16662
0 0 0 0 0, -7.85988143496071, 318.593388880462, 2.16662
0 0 0 0 0, 164.898365001408, 201.890281877673, 2.16662
0 0 0 0 0, 13.7082214127127, 300.322487877358, 2.16662
0 0 0 0 0, 110.872453481129, 229.781004110191, 2.16662
0 0 0 0 0, 160.318378280928, 194.473364800327, 2.16662
0 0 0 0 0, 189.240624842625, 173.313304598485, 2.16662
0 0 0 0 0, 92.4183603944569, 235.617299276307, 2.16662
0 0 0 0 0, 178.679566283994, 171.136453108148, 2.16662
0 0 0 0 0, 295.657180962443, 83.490787854223, 2.16662
0 0 0 0 0, 147.030833982634, 182.538562093914, 2.16662
0 0 0 0 0, 56.3736993633225, 237.357499287269, 2.16662
0 0 0 0 0, 26.2557071524534, 238.775812190262, 2.16662
0 0 0 0 0, 195.893813917116, 125.961554035648, 2.16662
0 0 0 0 0, 13.7101500426097, 235.709488689575, 2.16662
0 0 0 0 0, -87.4889452041466, 289.702166749145, 2.16662
0 0 0 0 0, 41.7311572579678, 200.897551556955, 2.16662
0 0 0 0 0, 48.6121254703697, 196.029318449105, 2.16662
0 0 0 0 0, -90.2677314756075, 281.498171791788, 2.16662
0 0 0 0 0, -116.559919615114, 297.897401871657, 2.16662
0 0 0 0 0, 62.3059620919999, 175.268711665481, 2.16662
0 0 0 0 0, 142.207984490761, 113.898968358931, 2.16662
0 0 0 0 0, -108.273688713084, 275.7466662616, 2.16662
0 0 0 0 0, -141.833352761269, 287.94613960246, 2.16662
0 0 0 0 0, 132.995610639009, 108.67040435665, 2.16662
0 0 0 0 0, -131.124777570119, 279.658799773943, 2.16662
0 0 0 0 0, 34.7083553138582, 167.125274436398, 2.16662
0 0 0 0 0, 193.364668146981, 44.8871336977731, 2.16662
0 0 0 0 0, 89.8678227668559, 113.047862352844, 2.16662
0 0 0 0 0, -116.881188110138, 242.831842334299, 2.16662
0 0 0 0 0, 252.727126344772, -2.71915328560628, 2.16662
0 0 0 0 0, 212.15162008254, 18.7176138240921, 2.16662
0 0 0 0 0, -118.238128623362, 234.300955200234, 2.16662
0 0 0 0 0, -139.044229623807, 247.313317214004, 2.16662
0 0 0 0 0, 238.702413151456, -1.42596831102801, 2.16662
0 0 0 0 0, 8.5970144386517, 144.07936362572, 2.16662
0 0 0 0 0, 157.430862254226, 43.2807729856431, 2.16662
0 0 0 0 0, -116.658054799143, 221.320716889908, 2.16662
0 0 0 0 0, 308.611191959607, -63.690900206915, 2.16662
0 0 0 0 0, 235.068507583707, -14.5991838210227, 2.16662
0 0 0 0 0, 293.61479782554, -54.4817867246998, 2.16662
0 0 0 0 0, 244.638380643519, -22.4278278207953, 2.16662
0 0 0 0 0, -53.8477746913043, 174.360847967513, 2.16662
0 0 0 0 0, 166.27355668415, 28.7352350980256, 2.16662
0 0 0 0 0, -149.891431834219, 232.637755091093, 2.16662
0 0 0 0 0, 6.84466862672584, 129.106856991145, 2.16662
0 0 0 0 0, -134.259337527105, 219.399655111568, 2.16662
0 0 0 0 0, 259.445917697824, -42.4303072634213, 2.16662
0 0 0 0 0, -48.7621442820828, 161.392190301138, 2.16662
0 0 0 0 0, 265.79492121514, -51.4334645584874, 2.16662
0 0 0 0 0, -165.569677766551, 231.6699349404, 2.16662
0 0 0 0 0, 249.383570221153, -42.5404508243256, 2.16662
0 0 0 0 0, -184.454259201855, 242.133131986699, 2.16662
0 0 0 0 0, -118.900603420954, 190.80708535748, 2.16662
0 0 0 0 0, -104.624356746464, 177.490878736927, 2.16662
0 0 0 0 0, 246.490578282788, -63.2696079168679, 2.16662
0 0 0 0 0, -27.2152321500277, 118.757227309129, 2.16662
0 0 0 0 0, 258.261259795697, -76.049074956066, 2.16662
0 0 0 0 0, -15.3190662935382, 103.779275305681, 2.16662
0 0 0 0 0, -157.923216645426, 191.867603081966, 2.16662
0 0 0 0 0, -166.209672840564, 196.602945063201, 2.16662
0 0 0 0 0, -56.3978756333653, 116.536635442038, 2.16662
0 0 0 0 0, -161.901945219613, 184.598085750899, 2.16662
0 0 0 0 0, -101.143590646986, 142.704616288611, 2.16662
0 0 0 0 0, -184.819885994527, 192.351129187169, 2.16662
0 0 0 0 0, 138.746810417844, -19.8017983949398, 2.16662
0 0 0 0 0, 86.8694647503012, 9.04300597691305, 2.16662
0 0 0 0 0, 96.976277037551, -1.24854306776315, 2.16662
0 0 0 0 0, 154.44669561216, -41.13908773809, 2.16662
0 0 0 0 0, -101.464494428692, 124.012356622673, 2.16662
0 0 0 0 0, 107.35291085733, -18.1863780510423, 2.16662
0 0 0 0 0, -192.098678357409, 175.718547063189, 2.16662
0 0 0 0 0, 68.3634271671838, -9.39921702798232, 2.16662
0 0 0 0 0, -59.5043174617816, 71.863589934683, 2.16662
0 0 0 0 0, -228.846393787717, 175.952846176864, 2.16662
0 0 0 0 0, 67.0692193571242, -25.8082444596232, 2.16662
0 0 0 0 0, 61.8547295595158, -34.1702141607661, 2.16662
0 0 0 0 0, 104.226263803576, -63.4061537126564, 2.16662
0 0 0 0 0, -98.525363890364, 66.2029460538325, 2.16662
0 0 0 0 0, -64.7958004104402, 40.278704032899, 2.16662
0 0 0 0 0, 103.474127495628, -75.8787987354498, 2.16662
0 0 0 0 0, 93.5002665779151, -70.2192229591328, 2.16662
0 0 0 0 0, -95.8977378603256, 52.1442919185456, 2.16662
0 0 0 0 0, -75.6955654898435, 38.3209368423205, 2.16662
0 0 0 0 0, 63.7906749544065, -61.8320250431964, 2.16662
0 0 0 0 0, 75.7671189733665, -95.9293697927299, 2.16662
0 0 0 0 0, 99.4870325383306, -116.725300780406, 2.16662
0 0 0 0 0, 77.7924214479888, -104.074540161555, 2.16662
0 0 0 0 0, -104.491853631868, 16.0399554440061, 2.16662
0 0 0 0 0, 105.394786140442, -123.189208595718, 2.16662
0 0 0 0 0, 88.0233401289829, -116.072563593677, 2.16662
0 0 0 0 0, -120.599339750884, 18.5873010176364, 2.16662
0 0 0 0 0, 75.4098482530761, -113.616112598723, 2.16662
0 0 0 0 0, -104.122389481977, 0.216456076029752, 2.16662
0 0 0 0 0, -43.2118799456884, -46.194730824395, 2.16662
0 0 0 0 0, -167.171713195481, 32.8574405062451, 2.16662
0 0 0 0 0, -165.796054088732, 23.0412962492443, 2.16662
0 0 0 0 0, 47.4498226824664, -129.321301313157, 2.16662
0 0 0 0 0, 117.409159933906, -179.097274255687, 2.16662
0 0 0 0 0, 49.7461847362261, -137.416561169677, 2.16662
0 0 0 0 0, 170.073592904913, -224.354384670217, 2.16662
0 0 0 0 0, 186.372763612758, -236.029194897886, 2.16662
0 0 0 0 0, 57.6692753053007, -152.375586625196, 2.16662
0 0 0 0 0, 21.786125040013, -129.028210450278, 2.16662
0 0 0 0 0, -116.412394490364, -39.9460647725939, 2.16662
0 0 0 0 0, -196.70485823912, 11.0118452340415, 2.16662
0 0 0 0 0, -52.2091519400641, -85.1879630646807, 2.16662
0 0 0 0 0, -8.90620244595014, -130.136739796296, 2.16662
0 0 0 0 0, -140.382265869797, -44.5577435908192, 2.16662
0 0 0 0 0, -216.918085312695, 1.64247900455109, 2.16662
0 0 0 0 0, 100.920318374873, -219.335951050156, 2.16662
0 0 0 0 0, -132.121341768594, -64.9198767729294, 2.16662
0 0 0 0 0, -78.5939754532717, -102.674557876927, 2.16662
0 0 0 0 0, -227.04573547952, -8.32866668164542, 2.16662
0 0 0 0 0, -282.43062063258, 23.404389557297, 2.16662
0 0 0 0 0, -266.995718530286, 6.79492494590653, 2.16662
0 0 0 0 0, -72.9816325432812, -121.380570566393, 2.16662
0 0 0 0 0, 3.63291719533965, -182.997210328788, 2.16662
0 0 0 0 0, -62.8292470400287, -140.111569154454, 2.16662
0 0 0 0 0, -287.354572974313, 3.52491518583041, 2.16662
0 0 0 0 0, -239.481150370631, -33.14355632084, 2.16662
0 0 0 0 0, -227.028459593735, -46.7296056627778, 2.16662
0 0 0 0 0, 58.2590964627174, -237.120412698547, 2.16662
0 0 0 0 0, 122.438090735046, -292.573525544039, 2.16662
0 0 0 0 0, 108.294782350461, -293.782569180148, 2.16662
0 0 0 0 0, -47.7433556343017, -190.040028263226, 2.16662
0 0 0 0 0, -80.6476286608709, -163.956729656208, 2.16662
0 0 0 0 0, -108.123026493437, -173.32949602382, 2.16662
0 0 0 0 0, 8.96156408834003, -232.726613609763, 2.16662
0 0 0 0 0, 98.9426588842948, -291.77219565603, 2.16662
0 0 0 0 0, 47.9237849385152, -276.615161231918, 2.16662
0 0 0 0 0, -254.825191312392, -51.1913937256966, 2.16662
0 0 0 0 0, -220.275275540159, -176.129238232361, 2.16662
-1 0 0 0 0, 0, 0, 3.175
