0 0 0 0 0, 286.180471134077, 47.4391449729992, 3.175
0 0 0 0 0, -171.121153751223, -177.084940122991, 3.175
0 0 0 0 0, 227.856360635491, -188.761147656169, 3.175
0 0 0 0 0, 203.179282862448, -132.437329757367, 2.16662
0 0 0 0 0, 203.207314446662, -134.97851227404, 2.16662
0 0 0 0 0, 91.5476911873563, -262.336269287309, 2.16662
0 0 0 0 0, 91.53151815205, -264.878093412063, 2.16662
0 0 0 0 0, -132.578756889932, -267.790307617899, 2.16662
0 0 0 0 0, -132.484437226087, -270.330761211334, 2.16662
0 0 0 0 0, -225.73352831043, -123.362115921337, 2.16662
0 0 0 0 0, -225.890701265843, -125.898647104582, 2.16662
0 0 0 0 0, -196.632965870865, 146.916485317111, 2.16662
0 0 0 0 0, -196.955416260417, 149.437328816485, 2.16662
0 0 0 0 0, -88.4116271073119, 256.015830066964, 2.16662
0 0 0 0 0, -88.2666327976781, 258.553440230691, 2.16662
0 0 0 0 0, 115.752912599592, 246.602625674153, 2.16662
0 0 0 0 0, 116.089315115943, 249.122064842825, 2.16662
0 0 0 0 0, 214.720795762559, 126.493932601912, 2.16662
0 0 0 0 0, 214.814126690659, 129.033580099541, 2.16662
0 0 0 0 0, 14.0223604016063, 67.7924489614014, 2.16662
0 0 0 0 0, 15.2578080526417, 70.0133279736944, 2.16662
0 0 0 0 0, -14.4202304496851, -63.4170584659886, 2.16662
0 0 0 0 0, -15.7328589195664, -65.5931871868706, 2.16662
0 0 0 0 0, 86.9181001298142, -139.804815837875, 2.16662
0 0 0 0 0, 87.0961853570441, -142.339886454851, 2.16662
0 0 0 0 0, -172.111511487912, 261.294799705982, 2.16662
0 0 0 0 0, -31.7354212449827, -99.9675041112902, 2.16662
0 0 0 0 0, 55.0800981586751, -179.246480725978, 2.16662
0 0 0 0 0, -95.0253101473812, 15.2779507902507, 2.16662
0 0 0 0 0, -41.1634805976019, -86.5815228691585, 2.16662
0 0 0 0 0, 104.33461717489, -218.366450088259, 2.16662
0 0 0 0 0, 128.923474533895, -262.122148201173, 2.16662
0 0 0 0 0, 149.85484645339, 9.60275591178923, 2.16662
0 0 0 0 0, 17.4944376935261, -131.699582691368, 2.16662
0 0 0 0 0, -134.788606312163, 181.623154036088, 2.16662
0 0 0 0 0, 78.4834546053768, 207.533674905459, 2.16662
0 0 0 0 0, 132.362281770019, 246.23154698355, 2.16662
0 0 0 0 0, -190.835334776291, 209.549082876155, 2.16662
0 0 0 0 0, -37.8064438366876, -289.508562042103, 2.16662
0 0 0 0 0, 5.61330843913876, 82.0023920230539, 2.16662
0 0 0 0 0, 81.9871890883857, -85.0511272591563, 2.16662
0 0 0 0 0, 137.815322492599, 41.2073394130859, 2.16662
0 0 0 0 0, 158.495004548583, 256.184651686348, 2.16662
0 0 0 0 0, -256.24260550476, 173.588340863313, 2.16662
0 0 0 0 0, 31.3869510109302, 132.155231977467, 2.16662
0 0 0 0 0, 50.3118458893296, 67.0214364597721, 2.16662
0 0 0 0 0, 74.9362141152359, -175.547816891871, 2.16662
0 0 0 0 0, -204.173160738799, -52.1993259256051, 2.16662
0 0 0 0 0, -160.153900186764, 149.849141272196, 2.16662
0 0 0 0 0, -61.6094225238856, -101.664544983458, 2.16662
0 0 0 0 0, 47.9428568574589, 94.9357540085024, 2.16662
0 0 0 0 0, -140.780472951356, -118.375058644894, 2.16662
0 0 0 0 0, 141.203258783119, -209.664608674597, 2.16662
0 0 0 0 0, 60.3708830047235, 302.233227957702, 2.16662
0 0 0 0 0, 228.077811067172, -197.932368033816, 2.16662
0 0 0 0 0, 192.391399282058, 247.792324459747, 2.16662
0 0 0 0 0, 111.078619020474, -89.1232637201931, 2.16662
0 0 0 0 0, 92.7996599605688, -17.0163203874061, 2.16662
0 0 0 0 0, 59.688423338807, 260.069357560031, 2.16662
0 0 0 0 0, 15.3553190977843, -235.793859955377, 2.16662
0 0 0 0 0, 106.425622317186, -80.0019129349804, 2.16662
0 0 0 0 0, 156.440450312734, 44.2825658880222, 2.16662
0 0 0 0 0, 166.168252406274, -208.07443911785, 2.16662
0 0 0 0 0, -309.971144547709, 79.8517612669912, 2.16662
0 0 0 0 0, 173.142371143537, -14.6371950901626, 2.16662
0 0 0 0 0, 230.880581923415, 67.4105106817989, 2.16662
0 0 0 0 0, -47.7003186755372, 32.2335741270713, 2.16662
0 0 0 0 0, -161.097274632374, -34.678365120577, 2.16662
0 0 0 0 0, 261.540200716008, 89.645964282309, 2.16662
0 0 0 0 0, -34.6677107776441, 259.69241070985, 2.16662
0 0 0 0 0, 244.044393244154, -168.034495687551, 2.16662
0 0 0 0 0, 275.948171373018, 44.1207594947969, 2.16662
0 0 0 0 0, 269.18555336436, 73.3970591329207, 2.16662
0 0 0 0 0, 198.786991585074, 42.3564270044405, 2.16662
0 0 0 0 0, 93.1325779560442, -217.007485293898, 2.16662
0 0 0 0 0, -214.196578452795, -178.889645624071, 2.16662
0 0 0 0 0, 210.30144836318, -75.0695720442152, 2.16662
0 0 0 0 0, 48.7169660156365, -297.744690498828, 2.16662
0 0 0 0 0, 133.246743425983, -227.12012893915, 2.16662
0 0 0 0 0, 96.3706319097939, 193.345146365076, 2.16662
0 0 0 0 0, 30.6805123509642, 74.3472251214106, 2.16662
0 0 0 0 0, -185.617785244344, -201.053236084381, 2.16662
0 0 0 0 0, 180.077229888212, -224.205335425836, 2.16662
0 0 0 0 0, -41.0697316875866, 274.184757775697, 2.16662
0 0 0 0 0, 99.2803769454399, 63.4338165152137, 2.16662
0 0 0 0 0, 83.6388545410398, 178.026036511734, 2.16662
0 0 0 0 0, 118.013976984897, 106.057271408751, 2.16662
0 0 0 0 0, -35.8141198191053, -7.86724319550391, 2.16662
0 0 0 0 0, -76.9937620839604, 207.134188067163, 2.16662
0 0 0 0 0, -188.233247143569, 190.375498677219, 2.16662
0 0 0 0 0, 304.81282299081, -95.9441084066656, 2.16662
0 0 0 0 0, -56.4502571499948, 239.173094737442, 2.16662
0 0 0 0 0, 162.539793145866, -144.315290922872, 2.16662
0 0 0 0 0, 57.678066811215, -93.9716671981423, 2.16662
0 0 0 0 0, 24.0805865773215, -92.8585197656476, 2.16662
0 0 0 0 0, -272.458463329941, -101.425182839151, 2.16662
0 0 0 0 0, -158.67771888082, 213.266540004009, 2.16662
0 0 0 0 0, -230.688903021684, -25.6502552987069, 2.16662
0 0 0 0 0, -72.3235066500307, -187.508062292253, 2.16662
0 0 0 0 0, -9.91417410284146, 177.510300611839, 2.16662
0 0 0 0 0, -159.986045858635, -133.628191023417, 2.16662
0 0 0 0 0, 150.130331641534, -182.686527996879, 2.16662
0 0 0 0 0, 4.56332167149024, 280.238713622792, 2.16662
0 0 0 0 0, 26.6435421445838, 89.3425447337408, 2.16662
0 0 0 0 0, -190.527682962116, 8.11829678979384, 2.16662
0 0 0 0 0, -61.0307608228794, 226.588726532477, 2.16662
0 0 0 0 0, -182.669888563652, 60.8779971596014, 2.16662
0 0 0 0 0, -17.1242923442849, -102.103034188545, 2.16662
0 0 0 0 0, -251.730256093957, -161.47492880008, 2.16662
0 0 0 0 0, 197.795718058316, 88.4971014182091, 2.16662
0 0 0 0 0, 53.9746432356459, -145.309514905426, 2.16662
0 0 0 0 0, -268.672336718376, -166.116556560104, 2.16662
0 0 0 0 0, 155.06171107744, 133.440735503575, 2.16662
0 0 0 0 0, 260.630222451279, 74.0919982553682, 2.16662
0 0 0 0 0, -275.002367787086, 139.836842947684, 2.16662
0 0 0 0 0, 31.6955840909789, -292.428584690192, 2.16662
0 0 0 0 0, -24.9368606135175, 263.013107199645, 2.16662
0 0 0 0 0, -292.628534061633, -88.4972058058011, 2.16662
0 0 0 0 0, 185.40651063634, -181.148001034536, 2.16662
0 0 0 0 0, 209.376806721686, -157.452116325334, 2.16662
0 0 0 0 0, -254.482275476177, 143.719640989394, 2.16662
0 0 0 0 0, 143.220489580493, 114.516763634161, 2.16662
0 0 0 0 0, -108.281639396059, 37.4322017921064, 2.16662
0 0 0 0 0, -23.4353301225809, 88.0207078749348, 2.16662
0 0 0 0 0, 10.9279508865408, 103.341048905609, 2.16662
0 0 0 0 0, -55.4521314477486, 266.131042108566, 2.16662
0 0 0 0 0, 255.567995259095, 87.5477304678756, 2.16662
0 0 0 0 0, 26.6633135890489, 0.6142048161716, 2.16662
0 0 0 0 0, -177.563582352659, 69.9855480715468, 2.16662
0 0 0 0 0, -59.4692046978117, 73.2177423707465, 2.16662
0 0 0 0 0, -178.705161372731, 131.123277094535, 2.16662
0 0 0 0 0, 127.188140915211, -203.823204977872, 2.16662
0 0 0 0 0, 208.736391517305, 29.5332483571135, 2.16662
0 0 0 0 0, -75.3766309194813, -142.140886157291, 2.16662
0 0 0 0 0, -163.478004378109, 96.7748467103462, 2.16662
0 0 0 0 0, 71.3056335813806, -70.5458778698258, 2.16662
0 0 0 0 0, -56.8622889505673, 296.713402185729, 2.16662
0 0 0 0 0, -131.877051038953, -141.975238611572, 2.16662
0 0 0 0 0, 50.6521185403979, 192.165714480131, 2.16662
0 0 0 0 0, 22.1671863038685, -61.8279248765362, 2.16662
0 0 0 0 0, -184.643120683179, 224.058731123984, 2.16662
0 0 0 0 0, 191.390514135676, 119.290599185895, 2.16662
0 0 0 0 0, 93.2963158347005, -284.252781741943, 2.16662
0 0 0 0 0, -107.790396865514, -218.426280276806, 2.16662
0 0 0 0 0, -102.260462092309, 208.036652740969, 2.16662
0 0 0 0 0, -14.1397927217327, 311.913976838394, 2.16662
0 0 0 0 0, -177.605785911567, -225.951279884164, 2.16662
0 0 0 0 0, -222.193693756418, 99.723180993655, 2.16662
0 0 0 0 0, 167.209721654417, 1.88674269999354, 2.16662
0 0 0 0 0, 86.7554713871422, -23.8177332523301, 2.16662
0 0 0 0 0, 222.330880902873, -29.0141190170543, 2.16662
0 0 0 0 0, 31.7001193429701, -299.023258394396, 2.16662
0 0 0 0 0, 128.22865453375, -272.586707755503, 2.16662
0 0 0 0 0, -214.524038391644, 132.661512671352, 2.16662
0 0 0 0 0, 171.515950416136, -41.14412938477, 2.16662
0 0 0 0 0, -239.574034189687, -4.64062464301229, 2.16662
0 0 0 0 0, -4.65819311542375, 15.2794763840316, 2.16662
0 0 0 0 0, 71.0389266060635, -188.29158772157, 2.16662
0 0 0 0 0, -17.6945573651614, -252.694075855936, 2.16662
0 0 0 0 0, 208.75436231763, 139.092999107638, 2.16662
0 0 0 0 0, -0.314623246543868, 144.635184028569, 2.16662
0 0 0 0 0, -157.357270060913, 3.46098490275632, 2.16662
0 0 0 0 0, 44.1686387097229, -15.4295409061158, 2.16662
0 0 0 0 0, -25.8342822644415, -139.77633009736, 2.16662
0 0 0 0 0, -156.300456396621, -151.096151396909, 2.16662
0 0 0 0 0, 260.20966437984, -61.1398180268964, 2.16662
0 0 0 0 0, -126.659978165934, -189.613882192696, 2.16662
0 0 0 0 0, -69.3623029895213, -102.994040853948, 2.16662
0 0 0 0 0, 81.4730731652426, 0.417522369887779, 2.16662
0 0 0 0 0, 137.635814544992, 6.4525906775507, 2.16662
0 0 0 0 0, 176.463566155839, 108.93363163579, 2.16662
0 0 0 0 0, -198.025906842632, -56.1580823439783, 2.16662
0 0 0 0 0, -216.827040410183, 195.244491426941, 2.16662
0 0 0 0 0, -14.1838380544951, -309.794083243429, 2.16662
0 0 0 0 0, 220.868569156502, -48.8761121924516, 2.16662
0 0 0 0 0, -85.568100984333, -148.701358920244, 2.16662
0 0 0 0 0, 7.50203994766712, 229.865833728084, 2.16662
0 0 0 0 0, 102.217751597605, 235.540571279188, 2.16662
0 0 0 0 0, -247.747569178785, 91.3551684816788, 2.16662
0 0 0 0 0, 83.1847853146263, -177.61980087661, 2.16662
0 0 0 0 0, -247.329958443445, -174.243731874497, 2.16662
0 0 0 0 0, 76.4069748581929, -214.873638061905, 2.16662
0 0 0 0 0, -257.735014377646, 90.9787277399096, 2.16662
0 0 0 0 0, 30.1676051252911, -250.796805971621, 2.16662
0 0 0 0 0, -18.38849807418, -112.706001565384, 2.16662
0 0 0 0 0, 76.9208393303744, 267.906525560338, 2.16662
0 0 0 0 0, -196.719534846791, -227.477692964523, 2.16662
0 0 0 0 0, 33.1158331355327, 157.575994538853, 2.16662
0 0 0 0 0, 141.248080834948, -259.873043180882, 2.16662
0 0 0 0 0, 85.20014630943, -18.6230580635299, 2.16662
0 0 0 0 0, 76.2159017080229, 279.249383703001, 2.16662
0 0 0 0 0, -138.632733687791, 126.897892477533, 2.16662
0 0 0 0 0, 231.216322477161, 34.3209303699504, 2.16662
0 0 0 0 0, -261.816505907846, 60.3498919785603, 2.16662
0 0 0 0 0, -133.977112012667, -134.065356466497, 2.16662
0 0 0 0 0, -13.0758873355653, 253.709779939206, 2.16662
0 0 0 0 0, 26.5626900710239, -231.323771583703, 2.16662
0 0 0 0 0, -15.0521732949005, 174.555678493054, 2.16662
0 0 0 0 0, 186.216759178564, 190.989622775178, 2.16662
0 0 0 0 0, 267.551685338178, 124.753961545461, 2.16662
0 0 0 0 0, -20.9031095504728, -244.894249623209, 2.16662
0 0 0 0 0, 278.229298291608, 165.615089456021, 2.16662
0 0 0 0 0, 39.5772699337892, 252.777974369866, 2.16662
0 0 0 0 0, 151.277093006285, 106.178648489511, 2.16662
0 0 0 0 0, -235.745189476053, 215.330672923003, 2.16662
0 0 0 0 0, 242.762515311057, -204.657266573754, 2.16662
0 0 0 0 0, -129.185936197564, -46.8018369644634, 2.16662
0 0 0 0 0, 123.13648016675, -63.7839231426508, 2.16662
0 0 0 0 0, -297.38045828152, -64.680555121104, 2.16662
0 0 0 0 0, 188.495199874253, 105.420514541392, 2.16662
0 0 0 0 0, -83.7547155399166, 229.166476411663, 2.16662
0 0 0 0 0, 44.4087775718749, 139.873320855167, 2.16662
0 0 0 0 0, -38.8893339442915, -269.107685340988, 2.16662
0 0 0 0 0, 21.2729083290286, 250.733591580384, 2.16662
0 0 0 0 0, 251.667811071536, -121.666496957809, 2.16662
0 0 0 0 0, -24.0928719649944, 32.466425952736, 2.16662
0 0 0 0 0, 88.9218029281004, -179.871943895401, 2.16662
0 0 0 0 0, -263.577810792544, -33.1608324139316, 2.16662
0 0 0 0 0, -101.619611461964, -260.415657497509, 2.16662
0 0 0 0 0, 53.7661818012638, 213.146493357519, 2.16662
0 0 0 0 0, 174.206486185139, 162.948416825506, 2.16662
0 0 0 0 0, -112.071863717428, 276.28945925729, 2.16662
0 0 0 0 0, 258.261587412253, 78.4604551241357, 2.16662
0 0 0 0 0, -45.6648515240512, -217.361399311925, 2.16662
0 0 0 0 0, -162.140579004746, -178.974337604595, 2.16662
0 0 0 0 0, 139.034096043413, 275.981296266173, 2.16662
0 0 0 0 0, -224.851947730938, -169.165579475627, 2.16662
0 0 0 0 0, -90.2723127172455, 72.3855080030268, 2.16662
0 0 0 0 0, 124.600573963716, 61.2330085082709, 2.16662
0 0 0 0 0, 232.103427213687, 46.2479939322059, 2.16662
0 0 0 0 0, -205.675772359663, 129.261569429998, 2.16662
0 0 0 0 0, -117.896514660476, 299.880751978902, 2.16662
0 0 0 0 0, 106.414185838703, -243.14263831264, 2.16662
0 0 0 0 0, 114.660421639391, -46.7599644865806, 2.16662
0 0 0 0 0, -87.3917884695863, -27.7311410277454, 2.16662
0 0 0 0 0, 61.5984679749546, -209.899049122066, 2.16662
0 0 0 0 0, -163.647016577033, 221.820512787432, 2.16662
0 0 0 0 0, -152.121993092116, -189.591546275536, 2.16662
0 0 0 0 0, -187.236628632346, 238.093595983524, 2.16662
0 0 0 0 0, 29.0079480224769, 14.6421635349039, 2.16662
0 0 0 0 0, -143.270621079855, -172.457648372513, 2.16662
0 0 0 0 0, 3.53169863213897, -13.6285297668357, 2.16662
0 0 0 0 0, -113.97305215175, 110.495738441661, 2.16662
0 0 0 0 0, -191.044397403882, -168.70692562895, 2.16662
0 0 0 0 0, 170.072553560205, 145.113322535578, 2.16662
0 0 0 0 0, 22.4915460696626, -278.014816476727, 2.16662
0 0 0 0 0, -76.72918843455, 311.013445596968, 2.16662
0 0 0 0 0, 51.0754937489643, -41.7539991314703, 2.16662
0 0 0 0 0, -68.3922775672806, 130.74049534131, 2.16662
0 0 0 0 0, 249.261975452157, 180.637751614411, 2.16662
0 0 0 0 0, 134.038735247103, 47.2090212658133, 2.16662
0 0 0 0 0, -112.52437003779, -17.7875065176716, 2.16662
0 0 0 0 0, -186.648370137543, 75.7285878336209, 2.16662
0 0 0 0 0, 180.796813752439, -16.9995164371779, 2.16662
0 0 0 0 0, -115.618396431736, -239.030006114989, 2.16662
0 0 0 0 0, -125.097971567873, 190.857514891959, 2.16662
0 0 0 0 0, -49.4628349559172, -265.364906371924, 2.16662
0 0 0 0 0, -38.967115788441, -179.124111264476, 2.16662
0 0 0 0 0, 285.618219908922, 76.0760219589988, 2.16662
0 0 0 0 0, -250.730067071712, -59.0385028984301, 2.16662
0 0 0 0 0, -187.369265805035, 177.413252239711, 2.16662
0 0 0 0 0, 197.029154652075, 204.337118599623, 2.16662
0 0 0 0 0, -186.237161912793, -75.5440734445085, 2.16662
0 0 0 0 0, 212.779399877809, -91.0478906150019, 2.16662
0 0 0 0 0, -70.7610314529367, -209.65268388877, 2.16662
0 0 0 0 0, -277.18500067179, 104.458295365909, 2.16662
0 0 0 0 0, 109.546571325852, -289.907134485176, 2.16662
0 0 0 0 0, -222.098026212749, 78.2664151946963, 2.16662
0 0 0 0 0, -79.8841186885862, -209.64086606336, 2.16662
0 0 0 0 0, 205.296932476444, -219.483665487323, 2.16662
0 0 0 0 0, -3.04299215079785, -278.061485093078, 2.16662
0 0 0 0 0, -144.934424288101, 24.4155786586339, 2.16662
0 0 0 0 0, -34.0968572110791, 127.958490297312, 2.16662
0 0 0 0 0, -172.841269059269, 168.192428640001, 2.16662
0 0 0 0 0, -36.9016166977073, 321.264670043273, 2.16662
0 0 0 0 0, -168.980282337623, -144.409600352761, 2.16662
0 0 0 0 0, 5.7499666534405, 206.669026525709, 2.16662
0 0 0 0 0, 61.9803624893451, -300.229195387054, 2.16662
0 0 0 0 0, 278.075163547559, -84.7709552298278, 2.16662
0 0 0 0 0, 8.21552039320982, -37.1666149250434, 2.16662
0 0 0 0 0, -12.8544213935279, -267.126414422027, 2.16662
0 0 0 0 0, 182.722753208626, 240.44671113943, 2.16662
0 0 0 0 0, 100.515594598693, -118.693159078377, 2.16662
0 0 0 0 0, -149.646871387007, -138.924428037658, 2.16662
0 0 0 0 0, 7.55486845753435, 156.169444373456, 2.16662
0 0 0 0 0, -64.1991067563451, -13.6889713310184, 2.16662
0 0 0 0 0, 195.193707892677, -224.656999322049, 2.16662
0 0 0 0 0, -10.247893869173, 23.7218126462055, 2.16662
0 0 0 0 0, -317.256979824026, 22.4050898826614, 2.16662
0 0 0 0 0, 193.392273489707, -47.8658198845621, 2.16662
0 0 0 0 0, -8.60833716098622, -5.62913783152236, 2.16662
0 0 0 0 0, 178.754925526089, -84.4923574066225, 2.16662
0 0 0 0 0, -233.17430125314, -18.8979668333724, 2.16662
0 0 0 0 0, 17.1429808465763, 199.081511349969, 2.16662
0 0 0 0 0, 105.715459195769, -196.678620869099, 2.16662
0 0 0 0 0, -130.016950750582, 201.802100139289, 2.16662
0 0 0 0 0, -256.35529567693, -42.7372964852981, 2.16662
0 0 0 0 0, 7.81190156016435, -73.7160148439801, 2.16662
0 0 0 0 0, 88.2040717127087, 232.399483795303, 2.16662
0 0 0 0 0, -256.308691128719, -22.8962674644905, 2.16662
0 0 0 0 0, 29.5043827858817, -126.695052433816, 2.16662
0 0 0 0 0, 119.558395807999, 59.8195368293911, 2.16662
0 0 0 0 0, 22.2123754266083, 90.474713552589, 2.16662
0 0 0 0 0, -195.606042639782, 74.0183439677172, 2.16662
0 0 0 0 0, -159.342747023559, -228.068448115038, 2.16662
0 0 0 0 0, 280.609673755486, -143.078027738605, 2.16662
0 0 0 0 0, -107.055163216515, -56.656766736312, 2.16662
0 0 0 0 0, 223.288360802878, -179.868882197095, 2.16662
0 0 0 0 0, 36.9504559485683, 267.313836217, 2.16662
0 0 0 0 0, -202.240299063596, 180.0668397757, 2.16662
0 0 0 0 0, 74.3441404833607, -80.8960484360544, 2.16662
0 0 0 0 0, -168.486798404328, -16.5833414231709, 2.16662
0 0 0 0 0, 132.613747047562, -26.6686815944908, 2.16662
0 0 0 0 0, 58.7582500682902, -268.321497970969, 2.16662
0 0 0 0 0, 129.018523924917, -162.217755974754, 2.16662
0 0 0 0 0, 95.9014542024382, 77.011140944465, 2.16662
0 0 0 0 0, -254.498944660841, -140.781907044529, 2.16662
0 0 0 0 0, -85.4829632468134, -77.6628220230553, 2.16662
0 0 0 0 0, -59.4769556710994, 37.0151574736009, 2.16662
0 0 0 0 0, 134.409502446937, 211.43248634539, 2.16662
0 0 0 0 0, -50.4903636780513, -246.121469823098, 2.16662
0 0 0 0 0, -22.6962702324419, -44.7966830529936, 2.16662
0 0 0 0 0, -130.8598032805, -199.426535710101, 2.16662
0 0 0 0 0, 89.7307387476218, 238.542405841858, 2.16662
0 0 0 0 0, 95.9116576531075, 290.375685439105, 2.16662
0 0 0 0 0, 22.2252655789934, -246.260996750058, 2.16662
0 0 0 0 0, 65.9873387126427, 181.587044354832, 2.16662
0 0 0 0 0, -150.187827699986, 95.5281168560305, 2.16662
0 0 0 0 0, -170.019502289176, -44.9866581749892, 2.16662
0 0 0 0 0, 61.3650395881733, -97.7060092154286, 2.16662
0 0 0 0 0, -21.5136099806061, 236.393154742114, 2.16662
0 0 0 0 0, -81.5880209660833, 96.3609743995514, 2.16662
0 0 0 0 0, -44.599722505446, 224.824680618805, 2.16662
0 0 0 0 0, 98.4720850503961, -109.376303758401, 2.16662
0 0 0 0 0, 291.953187061313, 60.5089933041997, 2.16662
0 0 0 0 0, 156.431996587937, 181.015967822196, 2.16662
0 0 0 0 0, -120.016486302675, 177.730907832886, 2.16662
0 0 0 0 0, 77.1006774941329, 238.794139621652, 2.16662
0 0 0 0 0, 0.317496478365982, 152.649953501121, 2.16662
0 0 0 0 0, -191.044052445973, 187.517322616243, 2.16662
0 0 0 0 0, -219.712585543753, 230.774557138486, 2.16662
0 0 0 0 0, 216.373532043265, 147.815663653805, 2.16662
0 0 0 0 0, 137.283484280874, 258.443910225035, 2.16662
0 0 0 0 0, 41.7439931725504, -272.147676586259, 2.16662
0 0 0 0 0, 80.7259829605891, 162.20430876707, 2.16662
0 0 0 0 0, 50.9540183929683, 91.3551013123904, 2.16662
0 0 0 0 0, 10.8499909307829, 57.4061655551578, 2.16662
0 0 0 0 0, -60.0536844242762, 18.9771505829074, 2.16662
0 0 0 0 0, -168.349276798032, 7.69309886885837, 2.16662
0 0 0 0 0, 181.219050887778, -168.464182297621, 2.16662
0 0 0 0 0, 8.48137507503821, 216.320928744574, 2.16662
0 0 0 0 0, -271.71576706321, -108.42224606673, 2.16662
0 0 0 0 0, 76.4217435689835, -134.623998353372, 2.16662
0 0 0 0 0, 235.640982725743, 76.0637618912374, 2.16662
0 0 0 0 0, -76.9541000062019, -60.1945136278803, 2.16662
0 0 0 0 0, 20.1710407395578, -163.202305108372, 2.16662
0 0 0 0 0, -162.124626097706, -6.07658913032994, 2.16662
0 0 0 0 0, 245.23926924397, -39.7325086478549, 2.16662
0 0 0 0 0, -62.8336443123954, 279.511623203058, 2.16662
0 0 0 0 0, 124.441814522292, 278.355254842369, 2.16662
0 0 0 0 0, 168.896154270246, -116.339388582769, 2.16662
0 0 0 0 0, -72.9717427469336, 113.389546811329, 2.16662
0 0 0 0 0, 149.47007962076, -62.610910851236, 2.16662
0 0 0 0 0, -25.9078798362552, -261.107854914821, 2.16662
0 0 0 0 0, -96.8853153583168, -273.187735198539, 2.16662
0 0 0 0 0, -147.207871169064, -158.521817117852, 2.16662
0 0 0 0 0, -124.527518592042, 126.91017805035, 2.16662
0 0 0 0 0, 187.767311012759, -146.623998507828, 2.16662
0 0 0 0 0, 89.5401313218607, -208.391290787105, 2.16662
0 0 0 0 0, 179.27502155254, 22.5765591260538, 2.16662
0 0 0 0 0, -26.2338861779936, -46.4539119988267, 2.16662
0 0 0 0 0, 57.563041233074, 179.885636924138, 2.16662
0 0 0 0 0, -149.55080108921, 215.375195735275, 2.16662
0 0 0 0 0, -233.453056941097, -68.2284774168607, 2.16662
0 0 0 0 0, -72.4705646823481, 40.7416812644915, 2.16662
0 0 0 0 0, 275.478460954113, -55.3526680870869, 2.16662
0 0 0 0 0, 241.560423351652, 8.59527405511413, 2.16662
0 0 0 0 0, -0.413461858915754, 309.664017621019, 2.16662
0 0 0 0 0, 86.2480206237235, -281.608823627844, 2.16662
0 0 0 0 0, -116.413340781244, 295.803178988497, 2.16662
0 0 0 0 0, 26.3104949771956, 24.181850489892, 2.16662
0 0 0 0 0, -129.608844619107, -182.139155192406, 2.16662
0 0 0 0 0, 31.5802781761056, -64.9559827071309, 2.16662
0 0 0 0 0, 272.074478364558, 139.887914993737, 2.16662
0 0 0 0 0, -99.625546595514, -66.8871680373243, 2.16662
0 0 0 0 0, 188.825861744456, -109.405878948841, 2.16662
0 0 0 0 0, 273.267617912017, 71.0283221888859, 2.16662
0 0 0 0 0, -238.987928858212, -201.582555679182, 2.16662
0 0 0 0 0, 189.733950874864, -6.96537549590706, 2.16662
0 0 0 0 0, -267.929755792293, -110.841749593286, 2.16662
0 0 0 0 0, 61.5726915755273, -112.908300024118, 2.16662
0 0 0 0 0, -213.11434906943, 10.6628160324689, 2.16662
0 0 0 0 0, -13.5852956604008, -45.7567543096345, 2.16662
0 0 0 0 0, -47.9775494518644, 19.8980172034229, 2.16662
0 0 0 0 0, 99.1997225358184, -12.9647824714154, 2.16662
0 0 0 0 0, -59.4578497552645, 122.877625338127, 2.16662
0 0 0 0 0, 81.6634518594, 28.0912716951458, 2.16662
0 0 0 0 0, -227.174181944198, 6.09777245828518, 2.16662
0 0 0 0 0, -293.550725195671, -124.63097578694, 2.16662
0 0 0 0 0, 142.293881101374, 164.27415765439, 2.16662
0 0 0 0 0, -183.944220938776, -85.4299048005281, 2.16662
0 0 0 0 0, 225.735240784911, 160.397672574362, 2.16662
0 0 0 0 0, 121.206038261195, 188.436583702686, 2.16662
0 0 0 0 0, 125.812541871843, -8.98657310126745, 2.16662
0 0 0 0 0, -209.586560368757, -137.42718735219, 2.16662
0 0 0 0 0, -259.195965570742, -65.2242584304994, 2.16662
0 0 0 0 0, -37.581218450443, -232.603953578311, 2.16662
0 0 0 0 0, -54.2153828056425, -63.3860760357958, 2.16662
0 0 0 0 0, -100.741281228323, -264.25255067592, 2.16662
0 0 0 0 0, -51.2044246762489, 106.362334756652, 2.16662
0 0 0 0 0, 112.561936714752, 260.722727397344, 2.16662
0 0 0 0 0, 195.479868866645, -12.1840306954131, 2.16662
0 0 0 0 0, -72.0401225750986, -28.6722484697329, 2.16662
0 0 0 0 0, 25.8236276150714, -115.20890701444, 2.16662
0 0 0 0 0, -98.4862445493097, -278.281155702634, 2.16662
0 0 0 0 0, 43.6261873045886, -121.761357666101, 2.16662
0 0 0 0 0, -162.149737299728, -120.911447313424, 2.16662
0 0 0 0 0, -143.523476214483, 168.99748293077, 2.16662
0 0 0 0 0, -153.125385690978, -96.3990533674941, 2.16662
0 0 0 0 0, -151.37888751906, 36.777368229388, 2.16662
0 0 0 0 0, -170.496584227856, 78.8524003119702, 2.16662
0 0 0 0 0, 34.7225912536237, 214.3696329717, 2.16662
0 0 0 0 0, -271.177265399944, 43.785680924821, 2.16662
0 0 0 0 0, -115.847896467256, 91.480499479661, 2.16662
0 0 0 0 0, 206.534649335323, 11.7191332089107, 2.16662
0 0 0 0 0, -283.222214124658, -60.0423852854178, 2.16662
0 0 0 0 0, 70.3302712736618, -21.4317784614343, 2.16662
0 0 0 0 0, -42.0387144255562, 69.6965972083975, 2.16662
0 0 0 0 0, -232.81509671636, -109.718799945267, 2.16662
0 0 0 0 0, -137.274934153441, -234.550226956789, 2.16662
0 0 0 0 0, -67.8181226068022, 284.973211527932, 2.16662
0 0 0 0 0, 229.526700918336, 59.3947750280823, 2.16662
0 0 0 0 0, 138.898623486454, -95.8094477197683, 2.16662
0 0 0 0 0, -111.781937483652, 8.00549357200629, 2.16662
0 0 0 0 0, -211.079198940042, 61.0632991781218, 2.16662
0 0 0 0 0, -81.0325808130184, -249.869927468772, 2.16662
0 0 0 0 0, 171.924973275142, -106.743338142623, 2.16662
0 0 0 0 0, -110.809954923705, -178.329278749307, 2.16662
0 0 0 0 0, 80.0754917928707, -216.465653754671, 2.16662
0 0 0 0 0, -53.3223293975684, 96.2033971718662, 2.16662
0 0 0 0 0, -147.250227277969, -102.208439720276, 2.16662
0 0 0 0 0, -93.3132448065086, 275.257586252125, 2.16662
0 0 0 0 0, 295.778510230107, 48.8252213534361, 2.16662
0 0 0 0 0, -56.0745208366314, 110.000229885463, 2.16662
0 0 0 0 0, 101.251327770754, -51.3997767373577, 2.16662
0 0 0 0 0, 231.754503192161, -42.4932795946391, 2.16662
0 0 0 0 0, -109.46996045703, 253.549704324976, 2.16662
0 0 0 0 0, -195.566044986663, -164.602484992343, 2.16662
0 0 0 0 0, -146.434099472432, 96.9625757281267, 2.16662
0 0 0 0 0, 228.712297361604, -167.764417746984, 2.16662
0 0 0 0 0, -214.778810809406, -154.543389050301, 2.16662
0 0 0 0 0, 4.81194778434, -304.072720174688, 2.16662
0 0 0 0 0, -193.432260402735, -153.143112107513, 2.16662
0 0 0 0 0, 28.0989779120038, -39.6994533726727, 2.16662
0 0 0 0 0, -28.2222576976036, 300.834949478941, 2.16662
0 0 0 0 0, -56.0239113150443, -41.2915022157509, 2.16662
0 0 0 0 0, 296.147217538563, -35.7488035501015, 2.16662
0 0 0 0 0, 4.94725261616433, -181.708293880004, 2.16662
0 0 0 0 0, 158.456222498794, 202.901278086744, 2.16662
0 0 0 0 0, -12.7580984491977, 87.5185549105833, 2.16662
0 0 0 0 0, -69.1229308553348, -296.620439035362, 2.16662
0 0 0 0 0, -54.1357817152414, 252.323060477654, 2.16662
0 0 0 0 0, -15.0611712700718, 291.629694635485, 2.16662
0 0 0 0 0, -49.3322822874941, -187.728290114216, 2.16662
0 0 0 0 0, -264.966365438548, -53.2003048480889, 2.16662
0 0 0 0 0, -162.323297206494, 280.741802285254, 2.16662
0 0 0 0 0, 181.700417659862, 140.810033497677, 2.16662
0 0 0 0 0, -158.987126643917, -47.5781537093282, 2.16662
0 0 0 0 0, 193.832133439723, -88.0832024960373, 2.16662
0 0 0 0 0, -145.709788421805, -81.1177618266029, 2.16662
0 0 0 0 0, -191.721427265693, -160.466345870499, 2.16662
0 0 0 0 0, -265.516915902143, -142.626019122548, 2.16662
0 0 0 0 0, -130.915827101884, -104.881660578376, 2.16662
0 0 0 0 0, -82.8649641717139, -276.311851665387, 2.16662
0 0 0 0 0, 54.4143789008676, -111.614525953772, 2.16662
0 0 0 0 0, 64.0036003365758, -291.140727563987, 2.16662
0 0 0 0 0, 256.445622318783, -64.0533365670892, 2.16662
0 0 0 0 0, 134.086327913662, -134.587010139525, 2.16662
0 0 0 0 0, -177.551239783423, 188.662292018623, 2.16662
0 0 0 0 0, -197.877451886647, 15.4172891049361, 2.16662
0 0 0 0 0, -109.823350397773, 136.450951173485, 2.16662
0 0 0 0 0, -80.803692618998, 275.430538454934, 2.16662
0 0 0 0 0, 121.414348227794, 131.542477415799, 2.16662
0 0 0 0 0, 84.9229966832827, 165.828687851204, 2.16662
0 0 0 0 0, 221.256597846316, 192.220721822422, 2.16662
0 0 0 0 0, 206.875344731288, 131.066498116685, 2.16662
0 0 0 0 0, 8.04609519565829, -316.65284502871, 2.16662
0 0 0 0 0, 292.596663657557, -113.462413333472, 2.16662
0 0 0 0 0, -261.067422658342, -89.0722347526412, 2.16662
0 0 0 0 0, -189.473805122713, -104.003400826763, 2.16662
0 0 0 0 0, 43.8509578406878, 106.802127186492, 2.16662
0 0 0 0 0, -250.406060005053, 165.944259915611, 2.16662
0 0 0 0 0, 109.374751846242, -260.267799614571, 2.16662
0 0 0 0 0, -94.3456804011749, -154.399557297794, 2.16662
0 0 0 0 0, -85.5635004046047, -19.1755891214831, 2.16662
0 0 0 0 0, -183.899909335894, 98.3484276298933, 2.16662
0 0 0 0 0, 62.3430360360069, 93.3241915658813, 2.16662
0 0 0 0 0, 153.003442562906, 157.12960427422, 2.16662
0 0 0 0 0, -175.400230768073, -260.13526178328, 2.16662
0 0 0 0 0, -273.986667585097, -167.652688021453, 2.16662
0 0 0 0 0, -10.5082110067742, -140.211040540989, 2.16662
0 0 0 0 0, 118.073821902222, -86.824124078288, 2.16662
0 0 0 0 0, -110.206658904276, -255.696729358577, 2.16662
0 0 0 0 0, -78.5363741451792, -288.29070420842, 2.16662
0 0 0 0 0, -58.8612176448274, -280.781554975981, 2.16662
0 0 0 0 0, -20.4951965385184, -291.03339471259, 2.16662
0 0 0 0 0, -7.31798025585075, -251.401090808296, 2.16662
0 0 0 0 0, 5.97006588580498, -281.566002594618, 2.16662
0 0 0 0 0, 22.997948286919, -297.797152909399, 2.16662
0 0 0 0 0, 41.9016495611176, -300.581254947059, 2.16662
0 0 0 0 0, 75.8577474120675, -282.936648758852, 2.16662
0 0 0 0 0, 73.6938031886197, -293.678675394472, 2.16662
0 0 0 0 0, 117.307983009077, -287.450309758433, 2.16662
0 0 0 0 0, 117.226148748413, -251.447073529745, 2.16662
0 0 0 0 0, -169.821080268325, -200.734663969516, 2.16662
0 0 0 0 0, -135.992616336774, -224.134017580774, 2.16662
0 0 0 0 0, -128.118554865155, -225.148567325142, 2.16662
0 0 0 0 0, -80.5743767233444, -198.586332460259, 2.16662
0 0 0 0 0, -36.9204963038874, -186.50098292057, 2.16662
0 0 0 0 0, 7.99862279955532, -243.342039873181, 2.16662
0 0 0 0 0, 83.44607904173, -234.122870514867, 2.16662
0 0 0 0 0, 97.0505281130699, -236.788992706932, 2.16662
0 0 0 0 0, 116.745150250948, -216.213387001407, 2.16662
0 0 0 0 0, 127.555650955542, -215.833006092941, 2.16662
0 0 0 0 0, 188.961502468469, -220.226491573301, 2.16662
0 0 0 0 0, 215.565280786116, -200.775989594605, 2.16662
0 0 0 0 0, -258.719408463397, -180.669362372042, 2.16662
0 0 0 0 0, -232.696199299801, -160.463010778886, 2.16662
0 0 0 0 0, -166.553388938283, -192.085400347511, 2.16662
0 0 0 0 0, -239.043965587281, -141.446831957558, 2.16662
0 0 0 0 0, -126.634501279251, -157.808619955577, 2.16662
0 0 0 0 0, -107.792214462349, -137.355741767281, 2.16662
0 0 0 0 0, -63.0689026150696, -177.843137508745, 2.16662
0 0 0 0 0, 6.77813866484511, -177.586638419616, 2.16662
0 0 0 0 0, 102.201830890606, -187.889545246108, 2.16662
0 0 0 0 0, 129.231635017801, -173.451116101172, 2.16662
0 0 0 0 0, 187.834368234632, -154.4440173369, 2.16662
0 0 0 0 0, 234.454877652127, -178.464948277749, 2.16662
0 0 0 0 0, -258.409200887201, -136.199473484912, 2.16662
0 0 0 0 0, -242.085587574831, -126.665722182228, 2.16662
0 0 0 0 0, -189.744564090726, -99.5994716159599, 2.16662
0 0 0 0 0, -119.268556960035, -128.869839212565, 2.16662
0 0 0 0 0, -109.258237024567, -128.060699523048, 2.16662
0 0 0 0 0, -7.32197005390819, -136.82122843255, 2.16662
0 0 0 0 0, 41.9655460491521, -137.136315348229, 2.16662
0 0 0 0 0, 60.9552763161605, -127.859451971529, 2.16662
0 0 0 0 0, 71.0957871531212, -124.921718966528, 2.16662
0 0 0 0 0, 140.202069391084, -128.63872414159, 2.16662
0 0 0 0 0, 197.112950529145, -150.898101993682, 2.16662
0 0 0 0 0, 293.064183015128, -82.0940180923508, 2.16662
0 0 0 0 0, -291.858412287337, -76.571298906911, 2.16662
0 0 0 0 0, -176.203057866513, -74.3795910728155, 2.16662
0 0 0 0 0, -114.884433964354, -116.564097476773, 2.16662
0 0 0 0 0, -139.183096125544, -49.6113604092896, 2.16662
0 0 0 0 0, -80.5721890346934, -103.860883032751, 2.16662
0 0 0 0 0, -50.9763423912461, -81.1469003200655, 2.16662
0 0 0 0 0, 11.7077159839213, -105.059922864048, 2.16662
0 0 0 0 0, 77.5318874625404, -96.2467848950963, 2.16662
0 0 0 0 0, 106.98322571018, -63.1671982989264, 2.16662
0 0 0 0 0, 135.061494840139, -110.219263880796, 2.16662
0 0 0 0 0, 217.610272503211, -83.6636461499007, 2.16662
0 0 0 0 0, 253.963201962867, -82.6851306494942, 2.16662
0 0 0 0 0, -296.344624629491, -55.5462937521467, 2.16662
0 0 0 0 0, -244.412905913095, -37.483919145522, 2.16662
0 0 0 0 0, -199.389666570984, -66.8372797419341, 2.16662
0 0 0 0 0, -123.297482739568, -32.4609760414373, 2.16662
0 0 0 0 0, -55.167156170125, -73.281542655485, 2.16662
0 0 0 0 0, -43.3748009807415, -53.9128459303111, 2.16662
0 0 0 0 0, 35.8112798264218, -51.4554664263402, 2.16662
0 0 0 0 0, 47.9470600238083, -63.248473617618, 2.16662
0 0 0 0 0, 124.854644941531, -52.3331729476541, 2.16662
0 0 0 0 0, 195.562531089701, -60.2686145522898, 2.16662
0 0 0 0 0, 243.624053086122, -50.3599294259276, 2.16662
0 0 0 0 0, 293.107549551497, -55.3564115652884, 2.16662
0 0 0 0 0, -254.566673597267, -2.07515728807754, 2.16662
0 0 0 0 0, -220.84113274069, 1.0814394252095, 2.16662
0 0 0 0 0, -157.389298077979, -21.9993473015637, 2.16662
0 0 0 0 0, -143.067601219503, 0.155076006667619, 2.16662
0 0 0 0 0, -99.0112217506447, -5.49698847282931, 2.16662
0 0 0 0 0, -23.3956294844571, -11.2941715635216, 2.16662
0 0 0 0 0, 5.28373841387476, -4.39793641948213, 2.16662
0 0 0 0 0, 94.4208796281249, 0.175863987817959, 2.16662
0 0 0 0 0, 100.906225785127, -3.36003387719902, 2.16662
0 0 0 0 0, 112.804974609022, -23.8801070506974, 2.16662
0 0 0 0 0, 176.594098931334, -4.02025700300172, 2.16662
0 0 0 0 0, 192.790328181699, 8.93479376830388, 2.16662
0 0 0 0 0, -273.830836359963, 17.7455398774888, 2.16662
0 0 0 0 0, -197.486845205701, 20.44024496841, 2.16662
0 0 0 0 0, -104.715916990964, 3.66852443825911, 2.16662
0 0 0 0 0, -67.73499234918, 50.4061640597701, 2.16662
0 0 0 0 0, -33.8625653411808, 61.9253499726643, 2.16662
0 0 0 0 0, -17.5030966818054, -18.4787366687681, 2.16662
0 0 0 0 0, 44.9036694086071, 11.1436674094786, 2.16662
0 0 0 0 0, 158.924197521833, 61.8230315698076, 2.16662
0 0 0 0 0, 175.649981069408, 15.8699009024275, 2.16662
0 0 0 0 0, 220.140428282299, 23.2309739769411, 2.16662
0 0 0 0 0, 231.177296033491, 15.8702062869806, 2.16662
0 0 0 0 0, 287.943168918381, 34.6590998312009, 2.16662
0 0 0 0 0, -236.456311236894, 73.625880600501, 2.16662
0 0 0 0 0, -222.070243501773, 64.5597124108616, 2.16662
0 0 0 0 0, -191.868112179421, 63.7530661160854, 2.16662
0 0 0 0 0, -190.881150196355, 39.6226587824502, 2.16662
0 0 0 0 0, -86.383662349807, 50.4307747823933, 2.16662
0 0 0 0 0, -2.45234519891755, 111.260405632223, 2.16662
0 0 0 0 0, 59.290361495875, 84.1864835310598, 2.16662
0 0 0 0 0, 65.9801105055919, 69.7698078966436, 2.16662
0 0 0 0 0, 174.862902317219, 59.8183083860778, 2.16662
0 0 0 0 0, 269.679606609205, 58.1366449075305, 2.16662
0 0 0 0 0, 279.804375514967, 64.9469350448771, 2.16662
0 0 0 0 0, 292.080535300615, 83.0053375012853, 2.16662
0 0 0 0 0, -226.646054572255, 129.233806467569, 2.16662
0 0 0 0 0, -142.634592813521, 118.785110202148, 2.16662
0 0 0 0 0, -123.989751121876, 113.637937141926, 2.16662
0 0 0 0 0, -126.071244003197, 145.236399303615, 2.16662
0 0 0 0 0, -94.7033221745445, 131.218713628779, 2.16662
0 0 0 0 0, -64.2952784490817, 162.339184291369, 2.16662
0 0 0 0 0, 7.56533918470143, 116.993833891565, 2.16662
0 0 0 0 0, 6.71443317206083, 128.146189578816, 2.16662
0 0 0 0 0, 52.3484456614444, 47.1376458614391, 2.16662
0 0 0 0 0, 108.692627107072, 104.022623360062, 2.16662
0 0 0 0 0, 174.530026623681, 80.0310979317433, 2.16662
0 0 0 0 0, 226.157706783669, 105.212665371512, 2.16662
0 0 0 0 0, -236.159042123508, 140.015985996154, 2.16662
0 0 0 0 0, -222.833847542776, 168.671436217404, 2.16662
0 0 0 0 0, -171.975174258608, 189.851730877561, 2.16662
0 0 0 0 0, -114.234945118006, 159.075807338923, 2.16662
0 0 0 0 0, 16.6538069759621, 162.620552515579, 2.16662
0 0 0 0 0, 43.2498995568738, 154.0135817849, 2.16662
0 0 0 0 0, 62.6676495494869, 159.885987044274, 2.16662
0 0 0 0 0, 75.9940694907125, 193.024162856496, 2.16662
0 0 0 0 0, 159.290363197746, 158.947500048489, 2.16662
0 0 0 0 0, 174.142375060676, 180.722735671613, 2.16662
0 0 0 0 0, 238.709623035584, 134.547549732208, 2.16662
0 0 0 0 0, 276.917121926607, 126.554838366534, 2.16662
0 0 0 0 0, -178.896158629266, 206.733779292456, 2.16662
0 0 0 0 0, -179.430701921449, 194.015389461485, 2.16662
0 0 0 0 0, -168.049509301373, 229.354588847536, 2.16662
0 0 0 0 0, -165.641803619607, 204.76933581559, 2.16662
0 0 0 0 0, -90.5995746113343, 182.104515451558, 2.16662
0 0 0 0 0, -67.6054284380558, 200.296381010221, 2.16662
0 0 0 0 0, -14.2341888446814, 214.701917287438, 2.16662
0 0 0 0 0, 65.9834618616909, 205.280871282561, 2.16662
0 0 0 0 0, 99.3015481614437, 214.580247956398, 2.16662
0 0 0 0 0, 96.912534718002, 245.0034924343, 2.16662
0 0 0 0 0, 159.62017642225, 188.799521459961, 2.16662
0 0 0 0 0, 210.308275432046, 182.901835760652, 2.16662
0 0 0 0 0, -159.894557464852, 241.275331200045, 2.16662
0 0 0 0 0, -123.726296358109, 277.663789040406, 2.16662
0 0 0 0 0, -97.447273112463, 285.938183799161, 2.16662
0 0 0 0 0, -21.3060365945657, 251.025458263683, 2.16662
0 0 0 0 0, -9.86887976148619, 273.464699821786, 2.16662
0 0 0 0 0, -9.2438875185027, 246.23551862374, 2.16662
0 0 0 0 0, 29.7496840251887, 292.367729291628, 2.16662
0 0 0 0 0, 103.90659465466, 252.487778970099, 2.16662
0 0 0 0 0, 107.579963509949, 217.104304816025, 2.16662
0 0 0 0 0, 140.018552939014, 241.396145700097, 2.16662
0 0 0 0 0, 187.788028552399, 217.051722466937, 2.16662
0 0 0 0 0, 177.469633289593, 191.31935639867, 2.16662
0 0 0 0 0, -228.992205395995, 173.518062891202, 2.16662
0 0 0 0 0, -147.083691272086, 234.465561904739, 2.16662
0 0 0 0 0, 97.0299908358829, 117.046656404986, 2.16662
0 0 0 0 0, -78.147474511066, -307.645711464813, 2.16662
0 0 0 0 0, -121.973995941789, 267.238306386579, 2.16662
0 0 0 0 0, -49.2344700274174, -296.641476405787, 2.16662
0 0 0 0 0, -156.94853057119, 20.6857173676657, 2.16662
-1 0 0 0 0, 0, 0, 3.175
