0 0 0 0 0, 113.733069081789, -290.275423118706, 3.175
0 0 0 0 0, 196.878668029217, -130.442658409843, 2.16662
0 0 0 0 0, 196.866007200159, -132.983953498216, 2.16662
0 0 0 0 0, 92.1204084430211, -268.279320599949, 2.16662
0 0 0 0 0, 92.2254042705, -270.819153179973, 2.16662
0 0 0 0 0, -117.791086789469, -264.697541626048, 2.16662
0 0 0 0 0, -117.759664277069, -267.239398485071, 2.16662
0 0 0 0 0, -226.911535532266, -140.173073848581, 2.16662
0 0 0 0 0, -226.726195024528, -142.70771160715, 2.16662
0 0 0 0 0, -196.188502142971, 135.606189322506, 2.16662
0 0 0 0 0, -196.281116650469, 138.145834776828, 2.16662
0 0 0 0 0, -93.3285027265988, 264.890200137229, 2.16662
0 0 0 0 0, -93.3644147144048, 267.431881151472, 2.16662
0 0 0 0 0, 125.814257542275, 260.069574262486, 2.16662
0 0 0 0 0, 125.877201552535, 262.610835907451, 2.16662
0 0 0 0 0, 223.991576568377, 131.663176532229, 2.16662
0 0 0 0 0, 223.97957492963, 134.204540586711, 2.16662
0 0 0 0 0, 18.1893803654578, 69.4107495703988, 2.16662
0 0 0 0 0, 19.395913642244, 71.6474921672051, 2.16662
0 0 0 0 0, -10.7314227504536, -61.5072434493679, 2.16662
0 0 0 0 0, -12.0772146057986, -63.6629896290947, 2.16662
0 0 0 0 0, 97.4280225890287, -128.750067629785, 2.16662
0 0 0 0 0, 97.3808292465245, -131.290939717987, 2.16662
0 0 0 0 0, -261.153331209595, -137.88147897006, 2.16662
0 0 0 0 0, 131.666607104783, -205.977362383667, 2.16662
0 0 0 0 0, 47.9614755552494, 43.3819130701286, 2.16662
0 0 0 0 0, -167.379406572347, -150.262122346674, 2.16662
0 0 0 0 0, -91.6767229839076, -298.948177368201, 2.16662
0 0 0 0 0, -37.6000175381085, -127.209074056154, 2.16662
0 0 0 0 0, 40.113120684202, -13.6962164757122, 2.16662
0 0 0 0 0, 209.252194752456, -208.248618991608, 2.16662
0 0 0 0 0, -187.893909299246, -12.4541316191656, 2.16662
0 0 0 0 0, 240.219943494969, 57.7080673978674, 2.16662
0 0 0 0 0, -169.70859613289, 271.065807093378, 2.16662
0 0 0 0 0, 201.447470312365, -172.645337890138, 2.16662
0 0 0 0 0, 103.582297796128, 227.037985016221, 2.16662
0 0 0 0 0, -161.685562849163, 73.5053327376272, 2.16662
0 0 0 0 0, 181.24874552483, 161.002609240751, 2.16662
0 0 0 0 0, 298.076421391823, -41.6864574027051, 2.16662
0 0 0 0 0, 195.782891810052, 138.00606833735, 2.16662
0 0 0 0 0, 118.336826712443, -29.2311700503516, 2.16662
0 0 0 0 0, 58.858395567161, -279.966072869104, 2.16662
0 0 0 0 0, 14.5780666360095, 200.345010390707, 2.16662
0 0 0 0 0, -0.213596673095972, -99.7662429485659, 2.16662
0 0 0 0 0, 250.973265702029, 107.624530459737, 2.16662
0 0 0 0 0, 100.237305874726, 187.751937456204, 2.16662
0 0 0 0 0, -235.251669848002, -99.0719971826349, 2.16662
0 0 0 0 0, 33.9799591037689, 59.4251568481722, 2.16662
0 0 0 0 0, 97.6866762296707, 211.620709080677, 2.16662
0 0 0 0 0, -38.9245136497942, -197.62815273113, 2.16662
0 0 0 0 0, 35.1675911341831, 144.218385756614, 2.16662
0 0 0 0 0, -133.15858315225, -2.75220612120226, 2.16662
0 0 0 0 0, -252.514513002455, 179.968322251347, 2.16662
0 0 0 0 0, 49.6879847598003, -279.862390335141, 2.16662
0 0 0 0 0, -99.4911889265058, 98.8496633281153, 2.16662
0 0 0 0 0, 149.666060655639, 205.665422939979, 2.16662
0 0 0 0 0, 143.747881926368, -61.5979083679283, 2.16662
0 0 0 0 0, 221.763084471455, 33.1567287728174, 2.16662
0 0 0 0 0, 62.924161408977, 21.541776022648, 2.16662
0 0 0 0 0, -96.726593177578, 197.182085724107, 2.16662
0 0 0 0 0, 55.2333459084318, -35.5740789828742, 2.16662
0 0 0 0 0, -250.616119794102, 133.336236787424, 2.16662
0 0 0 0 0, 183.684390026216, 3.14179512035345, 2.16662
0 0 0 0 0, -199.772247599508, 217.514948873794, 2.16662
0 0 0 0 0, -12.3256955785482, -199.594300070912, 2.16662
0 0 0 0 0, -14.376287599434, -308.283383842105, 2.16662
0 0 0 0 0, -34.9179412323888, 34.9106004339686, 2.16662
0 0 0 0 0, -317.60099550707, -23.2469516670062, 2.16662
0 0 0 0 0, 118.885875219546, -88.673072651629, 2.16662
0 0 0 0 0, 132.487727760476, -260.618741106694, 2.16662
0 0 0 0 0, 139.783954765003, -164.707934233928, 2.16662
0 0 0 0 0, -152.5972624135, 204.890111236245, 2.16662
0 0 0 0 0, -94.5933928202825, -276.233058224305, 2.16662
0 0 0 0 0, 107.351470417553, -243.585369876733, 2.16662
0 0 0 0 0, -30.9747762945365, 63.6283553627669, 2.16662
0 0 0 0 0, 193.025094795878, -208.627552510294, 2.16662
0 0 0 0 0, 55.7878910417102, 88.1160388540953, 2.16662
0 0 0 0 0, 40.6908717507543, -121.694439451467, 2.16662
0 0 0 0 0, 151.984887573221, 116.428925043838, 2.16662
0 0 0 0 0, -236.807935333628, -72.257458742387, 2.16662
0 0 0 0 0, 17.7806156253871, -190.780662628659, 2.16662
0 0 0 0 0, 214.778064589506, -164.630180332726, 2.16662
0 0 0 0 0, 264.865992375361, -103.005817187123, 2.16662
0 0 0 0 0, -3.12329247220925, -226.688251805389, 2.16662
0 0 0 0 0, 303.855043999223, 77.6200010550164, 2.16662
0 0 0 0 0, -187.825248152746, -47.28628127984, 2.16662
0 0 0 0 0, 280.105687840178, 109.451277500017, 2.16662
0 0 0 0 0, 248.865829855964, 35.1562230970008, 2.16662
0 0 0 0 0, 254.968048638602, 83.5718275174607, 2.16662
0 0 0 0 0, 78.8133049414663, 23.5941664299902, 2.16662
0 0 0 0 0, -225.155273700536, 151.123674095469, 2.16662
0 0 0 0 0, -146.686052158383, 126.806496604474, 2.16662
0 0 0 0 0, -276.980014643323, -6.36980437004153, 2.16662
0 0 0 0 0, 113.546147864857, -4.71096528339399, 2.16662
0 0 0 0 0, -3.56553986994514, 218.030851587946, 2.16662
0 0 0 0 0, 139.740115411631, 18.6568333866897, 2.16662
0 0 0 0 0, -125.566511788815, -54.281143886656, 2.16662
0 0 0 0 0, 2.95666079556634, 324.312500683149, 2.16662
0 0 0 0 0, 12.0872490114138, -292.034933016339, 2.16662
0 0 0 0 0, 277.748388048835, -100.427740132733, 2.16662
0 0 0 0 0, 26.4548251026767, -312.278206527576, 2.16662
0 0 0 0 0, 289.054979533959, -123.984302000647, 2.16662
0 0 0 0 0, -146.050364169565, -149.497701740669, 2.16662
0 0 0 0 0, 19.7933304924265, -70.7666910034994, 2.16662
0 0 0 0 0, -30.791344047831, 211.535566591027, 2.16662
0 0 0 0 0, 104.955349590093, -111.752710985406, 2.16662
0 0 0 0 0, 38.5324464678669, -163.383589568149, 2.16662
0 0 0 0 0, 145.740241813362, 51.9290097391204, 2.16662
0 0 0 0 0, -167.965242988222, 195.430865413874, 2.16662
0 0 0 0 0, 136.173154356617, 56.6937826798043, 2.16662
0 0 0 0 0, -55.0275436146313, -203.997365924427, 2.16662
0 0 0 0 0, 219.689820566527, -21.8591416286313, 2.16662
0 0 0 0 0, 67.7576370577689, 160.984953365846, 2.16662
0 0 0 0 0, -77.0097563846321, 146.512300981994, 2.16662
0 0 0 0 0, 196.185987119028, 241.270593927569, 2.16662
0 0 0 0 0, -165.987747708653, 101.508862049087, 2.16662
0 0 0 0 0, -148.402045227728, 287.195152605247, 2.16662
0 0 0 0 0, -232.596249422597, 99.0887728709162, 2.16662
0 0 0 0 0, 250.500359849868, 50.8391717834578, 2.16662
0 0 0 0 0, -138.677031068504, 13.004989969332, 2.16662
0 0 0 0 0, -131.203439386759, 68.8839039754006, 2.16662
0 0 0 0 0, 73.0951221095255, 269.387215956678, 2.16662
0 0 0 0 0, 209.578708498402, -50.6467696719218, 2.16662
0 0 0 0 0, -34.3090588990557, -113.487921353761, 2.16662
0 0 0 0 0, -41.9809361164001, -193.346957964886, 2.16662
0 0 0 0 0, -273.430935658649, -65.5561223550396, 2.16662
0 0 0 0 0, -142.895769802677, 150.909358670236, 2.16662
0 0 0 0 0, -148.930405134047, 161.945241970805, 2.16662
0 0 0 0 0, 12.4802955721927, -237.604866854305, 2.16662
0 0 0 0 0, -44.212685321039, -198.259665506866, 2.16662
0 0 0 0 0, 155.340935943329, -50.7560246253736, 2.16662
0 0 0 0 0, -85.4837318332409, -95.3434526079196, 2.16662
0 0 0 0 0, -293.794820079931, -113.163747372495, 2.16662
0 0 0 0 0, -61.8730873839457, -54.4529327604252, 2.16662
0 0 0 0 0, 212.976571410042, -55.4048725901024, 2.16662
0 0 0 0 0, -166.888179403026, 273.963092446564, 2.16662
0 0 0 0 0, 146.004828937023, -195.747514960373, 2.16662
0 0 0 0 0, 166.675919915945, -265.346615999452, 2.16662
0 0 0 0 0, -107.181723234157, -3.88622840411287, 2.16662
0 0 0 0 0, -235.155303351852, 172.734752316826, 2.16662
0 0 0 0 0, -305.424520196963, -95.0510298109321, 2.16662
0 0 0 0 0, 81.037331224851, -299.404610155963, 2.16662
0 0 0 0 0, 223.983583182197, -36.9173437424037, 2.16662
0 0 0 0 0, 2.25148525029859, -9.41600548530921, 2.16662
0 0 0 0 0, -159.875160888114, 276.597000187965, 2.16662
0 0 0 0 0, 61.0851835129961, 257.495401332204, 2.16662
0 0 0 0 0, -86.5841491952411, -189.231714497659, 2.16662
0 0 0 0 0, 148.213866821917, 153.418811063156, 2.16662
0 0 0 0 0, 174.652455852878, -60.10264143299, 2.16662
0 0 0 0 0, 121.444655094691, -178.485811210457, 2.16662
0 0 0 0 0, 56.3426230681453, -115.752045559048, 2.16662
0 0 0 0 0, 141.284445045736, 82.955970661271, 2.16662
0 0 0 0 0, 236.338976010199, 173.975553430999, 2.16662
0 0 0 0 0, -49.9971397680902, -40.1024944677425, 2.16662
0 0 0 0 0, 26.3875443336924, -90.0812219911146, 2.16662
0 0 0 0 0, -29.5341596023613, -142.30568444299, 2.16662
0 0 0 0 0, 272.97658515884, 71.0571246279336, 2.16662
0 0 0 0 0, 86.2354130218249, -3.83421522665825, 2.16662
0 0 0 0 0, -57.0369765400508, -279.166427836103, 2.16662
0 0 0 0 0, 239.775554303884, 32.7469378495652, 2.16662
0 0 0 0 0, -236.958502023626, -51.4145032789671, 2.16662
0 0 0 0 0, 184.025874880584, 61.8831556231874, 2.16662
0 0 0 0 0, 167.182492076223, 153.299378204091, 2.16662
0 0 0 0 0, -277.723760901252, -46.0697950269328, 2.16662
0 0 0 0 0, 74.525035901681, -47.4332733295392, 2.16662
0 0 0 0 0, -96.7446734290355, 116.78238371754, 2.16662
0 0 0 0 0, -64.1466683786052, -224.692787159752, 2.16662
0 0 0 0 0, -195.161806848412, 209.665461833137, 2.16662
0 0 0 0 0, -228.814280867688, 44.4258435233547, 2.16662
0 0 0 0 0, 163.513219686229, -140.821266138282, 2.16662
0 0 0 0 0, 324.011406135595, 13.736689602842, 2.16662
0 0 0 0 0, -98.1346375979696, 61.7966203515187, 2.16662
0 0 0 0 0, -94.0330269955311, -210.005375187792, 2.16662
0 0 0 0 0, -127.26466032313, -127.665202003944, 2.16662
0 0 0 0 0, 97.5878066250911, 175.392066700308, 2.16662
0 0 0 0 0, -272.791658622892, -153.480604974502, 2.16662
0 0 0 0 0, 155.6399622885, 58.8070927760247, 2.16662
0 0 0 0 0, -147.855068651382, -123.059606820503, 2.16662
0 0 0 0 0, 53.5749783549489, -20.2024302404688, 2.16662
0 0 0 0 0, 240.663419079944, 145.11355585505, 2.16662
0 0 0 0 0, 14.0187060822921, -143.328204836288, 2.16662
0 0 0 0 0, 190.033420773137, -96.7111106668326, 2.16662
0 0 0 0 0, 80.0549122712697, -87.1988436520403, 2.16662
0 0 0 0 0, -247.398750022248, -159.68477108132, 2.16662
0 0 0 0 0, 267.503905608029, 84.3368975271643, 2.16662
0 0 0 0 0, -12.1975668743061, 204.627840698519, 2.16662
0 0 0 0 0, -162.376021331245, -110.908079788031, 2.16662
0 0 0 0 0, 147.805372482791, 86.1586997160386, 2.16662
0 0 0 0 0, -93.9683806336415, -52.4587337932164, 2.16662
0 0 0 0 0, 231.284390160051, 24.1249222376296, 2.16662
0 0 0 0 0, 88.2568324244544, -234.380824894021, 2.16662
0 0 0 0 0, 19.2535385826331, 260.277756701879, 2.16662
0 0 0 0 0, 273.584371072843, -88.8143332611259, 2.16662
0 0 0 0 0, -115.516944806684, 265.873020003628, 2.16662
0 0 0 0 0, 112.892999078547, 160.114810927175, 2.16662
0 0 0 0 0, 38.3293507851453, 152.433195996387, 2.16662
0 0 0 0 0, 70.5582888241064, -244.84821079749, 2.16662
0 0 0 0 0, -175.60915415774, -109.65705537254, 2.16662
0 0 0 0 0, -280.398589541536, 54.2920437777534, 2.16662
0 0 0 0 0, 248.324061762349, -70.4019089711688, 2.16662
0 0 0 0 0, 257.544972860885, 196.77722047487, 2.16662
0 0 0 0 0, 115.212903386989, -139.035588872144, 2.16662
0 0 0 0 0, -211.439144564709, 131.977591430497, 2.16662
0 0 0 0 0, 111.080614976491, 55.1619985409576, 2.16662
0 0 0 0 0, 131.818103580862, -79.0931853112358, 2.16662
0 0 0 0 0, -62.7031111558974, -48.421530749458, 2.16662
0 0 0 0 0, 89.747945394433, -190.199494171826, 2.16662
0 0 0 0 0, 303.307541355615, -31.9827194929792, 2.16662
0 0 0 0 0, -244.585166978168, 192.994071670881, 2.16662
0 0 0 0 0, 205.228918732631, 20.8647451562534, 2.16662
0 0 0 0 0, -261.555404981563, -92.4495516736956, 2.16662
0 0 0 0 0, 104.233255261807, -220.017602331244, 2.16662
0 0 0 0 0, 67.2307852817581, -296.606508947525, 2.16662
0 0 0 0 0, -17.6398646507108, -169.649802298042, 2.16662
0 0 0 0 0, 58.4896309775084, -234.201207144343, 2.16662
0 0 0 0 0, 222.720640869734, -30.5149386255906, 2.16662
0 0 0 0 0, 146.949856250342, 242.750032571328, 2.16662
0 0 0 0 0, -106.968127945589, -283.671130044711, 2.16662
0 0 0 0 0, 144.96540891104, 132.562850045187, 2.16662
0 0 0 0 0, -44.0116726315699, -188.912586525728, 2.16662
0 0 0 0 0, -25.2197028687793, -191.81683871121, 2.16662
0 0 0 0 0, -51.1670195808905, 283.287422895835, 2.16662
0 0 0 0 0, 238.004259018168, 29.4995357656243, 2.16662
0 0 0 0 0, -85.4573497978613, 203.24269631011, 2.16662
0 0 0 0 0, -20.5838608772497, -240.985570485186, 2.16662
0 0 0 0 0, -242.830846223576, 167.895314797447, 2.16662
0 0 0 0 0, 244.341049468656, -69.3728364807717, 2.16662
0 0 0 0 0, -94.0287444935943, -161.585792851791, 2.16662
0 0 0 0 0, -72.037157808113, 62.8983043903597, 2.16662
0 0 0 0 0, -68.6687413833424, 41.1924681396142, 2.16662
0 0 0 0 0, -181.867609392515, 70.8608524472481, 2.16662
0 0 0 0 0, -225.734009844024, 24.7917327742861, 2.16662
0 0 0 0 0, 227.359632679383, 8.31966244701633, 2.16662
0 0 0 0 0, 290.245817244003, 41.7535285340022, 2.16662
0 0 0 0 0, -255.579465717897, -81.6749714763366, 2.16662
0 0 0 0 0, 110.20767502388, 17.9966408925911, 2.16662
0 0 0 0 0, -239.617558977142, 190.63703034123, 2.16662
0 0 0 0 0, 162.259634005179, 101.787439007206, 2.16662
0 0 0 0 0, -2.5972703124265, 24.9091054325012, 2.16662
0 0 0 0 0, 147.158484690025, -64.0170506504643, 2.16662
0 0 0 0 0, 53.1206085960159, -226.331752026179, 2.16662
0 0 0 0 0, -115.152817572099, 236.378839377384, 2.16662
0 0 0 0 0, -195.97450369274, 223.284069120919, 2.16662
0 0 0 0 0, -65.4065191104211, 53.2598411581362, 2.16662
0 0 0 0 0, -6.1310383523155, -34.0362885657055, 2.16662
0 0 0 0 0, -93.3310731810873, 60.5084906331916, 2.16662
0 0 0 0 0, 7.46553856938032, 260.412204044005, 2.16662
0 0 0 0 0, -147.415739214753, 182.244933856429, 2.16662
0 0 0 0 0, 191.769430976608, -43.7470494829582, 2.16662
0 0 0 0 0, 181.976669689619, 123.729940226509, 2.16662
0 0 0 0 0, -47.6117090659589, 124.1025268153, 2.16662
0 0 0 0 0, -311.030154568694, -32.4459834623637, 2.16662
0 0 0 0 0, 275.196482529958, 91.6280221701697, 2.16662
0 0 0 0 0, -34.7200783263964, -24.3363326341074, 2.16662
0 0 0 0 0, 83.9415827316137, -18.7856338083488, 2.16662
0 0 0 0 0, -71.7428483434167, -245.559970747449, 2.16662
0 0 0 0 0, 69.8930684002696, 307.650310776507, 2.16662
0 0 0 0 0, 27.5995780835751, 291.95962462788, 2.16662
0 0 0 0 0, 131.456669796444, 224.990315117021, 2.16662
0 0 0 0 0, -280.963197572947, -40.5433811769944, 2.16662
0 0 0 0 0, 35.2461504658749, -230.182144663262, 2.16662
0 0 0 0 0, 182.268538654051, -65.555132310202, 2.16662
0 0 0 0 0, 20.6552830846099, -102.271084310766, 2.16662
0 0 0 0 0, 161.602428890451, -119.502225268278, 2.16662
0 0 0 0 0, -290.232476413542, 140.567752761446, 2.16662
0 0 0 0 0, -197.950381727723, 159.116344363882, 2.16662
0 0 0 0 0, -90.368163618117, -109.928763084847, 2.16662
0 0 0 0 0, 177.295155158569, -80.9177381178991, 2.16662
0 0 0 0 0, 21.9821053396844, -301.911363702703, 2.16662
0 0 0 0 0, -168.131016295856, -246.161285345493, 2.16662
0 0 0 0 0, 170.872578807275, 210.375030554142, 2.16662
0 0 0 0 0, 62.1231679160036, -136.812422897165, 2.16662
0 0 0 0 0, 176.093383823293, -8.97057799874236, 2.16662
0 0 0 0 0, -60.1364896794347, 79.889090152367, 2.16662
0 0 0 0 0, 86.9018525702225, 170.387888314154, 2.16662
0 0 0 0 0, -159.024257949008, -18.2753482226185, 2.16662
0 0 0 0 0, 159.626995490329, 218.298631295235, 2.16662
0 0 0 0 0, -230.685421696157, -102.617995128974, 2.16662
0 0 0 0 0, 36.715853214378, -121.35303064844, 2.16662
0 0 0 0 0, -199.243102910398, 197.703829304401, 2.16662
0 0 0 0 0, -214.020905979446, -59.9315541515323, 2.16662
0 0 0 0 0, -48.5256483284022, 273.257314275605, 2.16662
0 0 0 0 0, -186.967104957793, -210.084125018605, 2.16662
0 0 0 0 0, -91.1667352233106, -263.880535534017, 2.16662
0 0 0 0 0, 166.080881554023, -175.041391468009, 2.16662
0 0 0 0 0, 56.1956618482632, -256.030320008122, 2.16662
0 0 0 0 0, -224.832296218966, -26.6109787944974, 2.16662
0 0 0 0 0, 93.3067350282154, 268.266629648292, 2.16662
0 0 0 0 0, -177.12494238172, 8.10020743858909, 2.16662
0 0 0 0 0, 115.653045434378, 164.116975513992, 2.16662
0 0 0 0 0, 0.158757367391469, 124.384375742458, 2.16662
0 0 0 0 0, 268.030494254614, 2.06171165471503, 2.16662
0 0 0 0 0, 102.333821777873, 246.440425269426, 2.16662
0 0 0 0 0, 6.69191145766057, -169.06572787953, 2.16662
0 0 0 0 0, 173.516121471674, -206.242669859353, 2.16662
0 0 0 0 0, 310.754300091076, -30.4200922465664, 2.16662
0 0 0 0 0, 30.2937005594564, -225.331693801447, 2.16662
0 0 0 0 0, 127.757316583492, -133.412114693866, 2.16662
0 0 0 0 0, 310.23833250563, 84.1258249275739, 2.16662
0 0 0 0 0, -63.7345754786361, -43.8491900424418, 2.16662
0 0 0 0 0, 212.751650443156, 125.552763480923, 2.16662
0 0 0 0 0, 183.775466468709, -238.226289594002, 2.16662
0 0 0 0 0, -156.719837001269, -113.865526576551, 2.16662
0 0 0 0 0, -216.668572337974, -132.275499432504, 2.16662
0 0 0 0 0, 46.1954705583092, -126.191291266731, 2.16662
0 0 0 0 0, -14.4741439272849, -273.695148345068, 2.16662
0 0 0 0 0, 100.709724056818, 236.337894733023, 2.16662
0 0 0 0 0, 136.924158822237, -150.72477322786, 2.16662
0 0 0 0 0, 62.9241896703, 105.882448774614, 2.16662
0 0 0 0 0, 233.316725500442, 187.065726662901, 2.16662
0 0 0 0 0, 50.5268511215581, 107.252524831154, 2.16662
0 0 0 0 0, -109.743138421718, 116.799398566025, 2.16662
0 0 0 0 0, -141.553444989874, 240.81701638915, 2.16662
0 0 0 0 0, -2.51651846948095, 89.0250188701142, 2.16662
0 0 0 0 0, -162.077076518757, -78.0001884369191, 2.16662
0 0 0 0 0, -16.0033731915979, 91.336641702857, 2.16662
0 0 0 0 0, -66.8569531662765, 224.250126068643, 2.16662
0 0 0 0 0, -209.692041856272, -236.122432977893, 2.16662
0 0 0 0 0, 73.1599116821963, -196.132429019299, 2.16662
0 0 0 0 0, -9.72250090562131, -252.644512888733, 2.16662
0 0 0 0 0, 145.722748674637, -56.498548384377, 2.16662
0 0 0 0 0, 220.314003951931, -182.955887045018, 2.16662
0 0 0 0 0, -90.964269998378, 254.046761786704, 2.16662
0 0 0 0 0, 145.716013112173, 257.32742843743, 2.16662
0 0 0 0 0, -15.5561049040387, 190.746895077889, 2.16662
0 0 0 0 0, 68.6254086330474, -213.882543833228, 2.16662
0 0 0 0 0, -170.546975592269, -131.993483348142, 2.16662
0 0 0 0 0, -181.775818200447, 253.448303760802, 2.16662
0 0 0 0 0, 105.062067669207, -296.203297166719, 2.16662
0 0 0 0 0, -265.793786076093, -178.436888124004, 2.16662
0 0 0 0 0, 203.420460734131, -76.0901341631262, 2.16662
0 0 0 0 0, 99.8131011512189, -168.749011349421, 2.16662
0 0 0 0 0, -139.627036797785, -107.20046592171, 2.16662
0 0 0 0 0, -17.0949963622728, -302.691848230774, 2.16662
0 0 0 0 0, -227.013705272033, -178.807505761811, 2.16662
0 0 0 0 0, 190.458056232913, -225.29647315864, 2.16662
0 0 0 0 0, -207.576593277263, 239.556856917801, 2.16662
0 0 0 0 0, 206.025626983533, -198.29659345743, 2.16662
0 0 0 0 0, -280.278742317207, -97.2841484782902, 2.16662
0 0 0 0 0, -64.3454950265574, -259.397607362059, 2.16662
0 0 0 0 0, 63.4683020832397, -7.97796752407231, 2.16662
0 0 0 0 0, -144.36421130478, 254.131389515901, 2.16662
0 0 0 0 0, 6.45509025747307, 216.969262908134, 2.16662
0 0 0 0 0, 24.6482714007679, 177.109977660362, 2.16662
0 0 0 0 0, 73.4817541392468, -86.5600062174884, 2.16662
0 0 0 0 0, 80.3296218446233, 170.941771486719, 2.16662
0 0 0 0 0, 300.963996726687, 66.7196728570214, 2.16662
0 0 0 0 0, 263.519803304133, -50.6360649008818, 2.16662
0 0 0 0 0, 283.365178793552, -139.233491132295, 2.16662
0 0 0 0 0, -301.416581426622, 84.6074730244256, 2.16662
0 0 0 0 0, 34.3088779868032, -84.6537004407124, 2.16662
0 0 0 0 0, 4.61035625223186, 191.896565606397, 2.16662
0 0 0 0 0, 31.9531485705928, 153.276291222746, 2.16662
0 0 0 0 0, 195.676154998802, -72.2356953470831, 2.16662
0 0 0 0 0, 274.99276323571, 129.312280505763, 2.16662
0 0 0 0 0, -210.880747194368, -41.1895269317721, 2.16662
0 0 0 0 0, 113.763560959044, -45.8302639177063, 2.16662
0 0 0 0 0, -285.158986050621, -53.4845291466741, 2.16662
0 0 0 0 0, 302.802546377683, 102.70762547229, 2.16662
0 0 0 0 0, 165.646592344485, 16.4510621485307, 2.16662
0 0 0 0 0, 53.178806077369, -53.4377478889262, 2.16662
0 0 0 0 0, 212.159327925147, 187.083204166653, 2.16662
0 0 0 0 0, 3.58709040496222, -118.190097555242, 2.16662
0 0 0 0 0, 128.232511606881, 237.846652847878, 2.16662
0 0 0 0 0, -218.66171297687, -30.982186500626, 2.16662
0 0 0 0 0, -270.615969158562, 56.9281487001756, 2.16662
0 0 0 0 0, -113.4623560869, -192.956231804414, 2.16662
0 0 0 0 0, -146.551230490912, -241.938496731147, 2.16662
0 0 0 0 0, -50.6472810745285, -44.6794095877625, 2.16662
0 0 0 0 0, 126.328494003731, -181.752024510295, 2.16662
0 0 0 0 0, -215.804594983592, 41.9994029496245, 2.16662
0 0 0 0 0, -216.767712462989, 162.811477161122, 2.16662
0 0 0 0 0, 72.4468540958825, 99.3579210228995, 2.16662
0 0 0 0 0, 185.72413319807, -113.961404553306, 2.16662
0 0 0 0 0, 7.27683207025567, -103.580453927033, 2.16662
0 0 0 0 0, -162.242166613785, -267.823075852873, 2.16662
0 0 0 0 0, 287.977963081858, 91.6595484997286, 2.16662
0 0 0 0 0, -108.581429822243, 226.179944444313, 2.16662
0 0 0 0 0, -206.840245844136, -66.2981904046498, 2.16662
0 0 0 0 0, -129.420717001083, 232.109555756502, 2.16662
0 0 0 0 0, 84.1058834115506, 166.43858566589, 2.16662
0 0 0 0 0, 118.885692764405, 30.2557904917686, 2.16662
0 0 0 0 0, -133.03744103448, -201.957045984713, 2.16662
0 0 0 0 0, 152.656443673621, -33.6965355813542, 2.16662
0 0 0 0 0, -81.1476734604112, 307.592381239129, 2.16662
0 0 0 0 0, -17.8100707689699, 231.093875904488, 2.16662
0 0 0 0 0, -252.268312949221, 116.120213751062, 2.16662
0 0 0 0 0, 76.8965726237458, -136.192476753894, 2.16662
0 0 0 0 0, 304.620089650442, -45.3499982595557, 2.16662
0 0 0 0 0, 264.659916420174, 93.3121987854854, 2.16662
0 0 0 0 0, -81.276752167408, 25.5478640540724, 2.16662
0 0 0 0 0, 317.994199108152, -17.2103478416519, 2.16662
0 0 0 0 0, -292.938511465322, 34.2228578830736, 2.16662
0 0 0 0 0, -9.06596482800896, 238.6976192926, 2.16662
0 0 0 0 0, -79.6701836606819, -122.816721207002, 2.16662
0 0 0 0 0, -3.69294378712706, 46.6349267862744, 2.16662
0 0 0 0 0, 264.771504583256, 32.5748317371238, 2.16662
0 0 0 0 0, -47.4304752060968, 59.396771968014, 2.16662
0 0 0 0 0, -288.668130748892, 145.182720688757, 2.16662
0 0 0 0 0, 245.842531188672, 67.0526545453606, 2.16662
0 0 0 0 0, -183.919177173932, 101.546435978793, 2.16662
0 0 0 0 0, 10.2371088700026, -81.2272713107643, 2.16662
0 0 0 0 0, 227.754620329175, -34.9558623842225, 2.16662
0 0 0 0 0, -108.387991878988, 166.114327607089, 2.16662
0 0 0 0 0, 294.386619085691, 42.0236548978668, 2.16662
0 0 0 0 0, 84.1599633163159, -131.351010886183, 2.16662
0 0 0 0 0, 48.800618219546, 62.0951092131371, 2.16662
0 0 0 0 0, 268.764437862287, -134.192249343669, 2.16662
0 0 0 0 0, -316.365688072012, -33.5267402461257, 2.16662
0 0 0 0 0, 122.018148478664, 155.290082442942, 2.16662
0 0 0 0 0, 171.950238645419, -87.3462541013295, 2.16662
0 0 0 0 0, 151.642327567267, -10.7091887528129, 2.16662
0 0 0 0 0, -252.069158760391, 155.200223994937, 2.16662
0 0 0 0 0, -81.4442107010377, -84.1800737893698, 2.16662
0 0 0 0 0, -1.44366885922417, 108.562229016607, 2.16662
0 0 0 0 0, 32.4643304016455, -125.323627454845, 2.16662
0 0 0 0 0, 172.089083710827, 192.706286151297, 2.16662
0 0 0 0 0, -14.1293856869528, 22.8046262051636, 2.16662
0 0 0 0 0, 223.798862933832, 14.2551458618813, 2.16662
0 0 0 0 0, -70.6213372714118, 315.966570723836, 2.16662
0 0 0 0 0, -231.003760065455, 63.2619310249947, 2.16662
0 0 0 0 0, -97.2093102042516, 166.668537873025, 2.16662
0 0 0 0 0, -92.8626595473882, 277.197613310207, 2.16662
0 0 0 0 0, 290.78675487524, -83.6194213681022, 2.16662
0 0 0 0 0, -181.479398167623, -228.572940712091, 2.16662
0 0 0 0 0, -57.4892571427655, -19.5567048510403, 2.16662
0 0 0 0 0, 205.368944133313, 28.6649118623107, 2.16662
0 0 0 0 0, 7.44000951189393, -112.765425440559, 2.16662
0 0 0 0 0, 246.004858885101, -79.4981719056633, 2.16662
0 0 0 0 0, -183.18457434818, 189.966708042766, 2.16662
0 0 0 0 0, -301.809432395756, -31.5669802979996, 2.16662
0 0 0 0 0, -142.083132030748, -43.1898686382218, 2.16662
0 0 0 0 0, 209.536763101844, 236.745770286286, 2.16662
0 0 0 0 0, 2.88768712823303, -147.229200666151, 2.16662
0 0 0 0 0, 132.790846631045, -240.675697354091, 2.16662
0 0 0 0 0, 46.0493591172417, 209.689774829958, 2.16662
0 0 0 0 0, 5.22561601383971, -99.5463710069007, 2.16662
0 0 0 0 0, -129.609306502601, -72.0035446900069, 2.16662
0 0 0 0 0, 100.718372039509, -190.801920962588, 2.16662
0 0 0 0 0, 242.222801777844, 167.562302730747, 2.16662
0 0 0 0 0, 257.526764405859, 179.564805575563, 2.16662
0 0 0 0 0, 14.6694267180425, 250.161834255323, 2.16662
0 0 0 0 0, 186.76552111629, 175.905780627394, 2.16662
0 0 0 0 0, 235.737967082093, -119.51743051229, 2.16662
0 0 0 0 0, 106.627420493424, -162.324891714661, 2.16662
0 0 0 0 0, -112.704309927494, -187.977405607088, 2.16662
0 0 0 0 0, 68.8983543750718, -284.692052306142, 2.16662
0 0 0 0 0, -84.9390931629236, -277.68427295087, 2.16662
0 0 0 0 0, 139.563488903118, -257.091615350191, 2.16662
0 0 0 0 0, -103.320679702061, -276.398432441605, 2.16662
0 0 0 0 0, 248.563776901755, -178.80354380802, 2.16662
0 0 0 0 0, 1.84096673727263, -268.599066066837, 2.16662
0 0 0 0 0, 130.649809848335, -250.655524623523, 2.16662
0 0 0 0 0, 294.895092997155, -100.698510318554, 2.16662
0 0 0 0 0, -6.87219836895866, -8.82731646913126, 2.16662
0 0 0 0 0, 18.8023199203295, 127.052589995958, 2.16662
0 0 0 0 0, -71.3790200562493, 133.267131516327, 2.16662
0 0 0 0 0, -5.77710586842951, 6.88674827162865, 2.16662
0 0 0 0 0, 132.20633049451, -212.638850786773, 2.16662
0 0 0 0 0, -141.805768068403, -110.166007702483, 2.16662
0 0 0 0 0, 131.997108487219, -102.099892884932, 2.16662
0 0 0 0 0, 244.88047366577, 211.605290356263, 2.16662
0 0 0 0 0, -18.473001245921, 32.4131724003165, 2.16662
0 0 0 0 0, -121.455889947198, 199.069731028709, 2.16662
0 0 0 0 0, -25.9792943838035, -250.635243560751, 2.16662
0 0 0 0 0, 89.5655586416402, -215.431105725685, 2.16662
0 0 0 0 0, 210.299838453536, 79.4225082469374, 2.16662
0 0 0 0 0, -91.594904817237, -215.811610877624, 2.16662
0 0 0 0 0, -61.3850758396088, -301.880379530627, 2.16662
0 0 0 0 0, -43.8534972931248, 93.4873840200375, 2.16662
0 0 0 0 0, -248.107133371093, 147.183016676119, 2.16662
0 0 0 0 0, -120.076603807958, -226.528990149871, 2.16662
0 0 0 0 0, -271.487272255046, -30.2813521392015, 2.16662
0 0 0 0 0, 240.520086518215, 203.487487814701, 2.16662
0 0 0 0 0, -145.895028618874, 191.009446316989, 2.16662
0 0 0 0 0, -265.47156219956, -116.93223126052, 2.16662
0 0 0 0 0, -168.202736010272, -122.651957922177, 2.16662
0 0 0 0 0, -88.5527988247953, -302.947473362643, 2.16662
0 0 0 0 0, -79.3238144288668, -55.825076525743, 2.16662
0 0 0 0 0, 119.030784684598, -135.455775037674, 2.16662
0 0 0 0 0, 131.370760621517, -89.4586542792172, 2.16662
0 0 0 0 0, 223.74030524809, -160.273984548053, 2.16662
0 0 0 0 0, 159.936949840186, -45.4900942054868, 2.16662
0 0 0 0 0, -243.704641572619, 22.7401358157808, 2.16662
0 0 0 0 0, -293.531759493098, 77.6133982008853, 2.16662
0 0 0 0 0, -102.588343474066, 28.9452038539404, 2.16662
0 0 0 0 0, -63.5145637843964, 168.66881794061, 2.16662
0 0 0 0 0, 94.5857871502299, 61.5347096514227, 2.16662
0 0 0 0 0, 57.3964738789578, 138.103853693621, 2.16662
0 0 0 0 0, 189.220790215604, 181.541770183361, 2.16662
0 0 0 0 0, 249.689060010446, 129.528643360759, 2.16662
0 0 0 0 0, -324.216932415527, 9.86056875960378, 2.16662
0 0 0 0 0, -231.649050812092, 206.251883837054, 2.16662
0 0 0 0 0, -173.049325707567, 238.824592055834, 2.16662
0 0 0 0 0, -315.80241156096, -47.8704552958138, 2.16662
0 0 0 0 0, -150.670408717854, 277.663184431268, 2.16662
0 0 0 0 0, 3.58471934600779, -283.356286933867, 2.16662
0 0 0 0 0, -69.465589037577, -120.43920883591, 2.16662
0 0 0 0 0, -229.066251147915, 100.004989318052, 2.16662
0 0 0 0 0, 178.446717594877, 252.317640908383, 2.16662
0 0 0 0 0, -0.0281214227807284, -197.07497483771, 2.16662
0 0 0 0 0, -57.183835668377, -188.587998720159, 2.16662
0 0 0 0 0, 0.97823845929653, -137.983507803756, 2.16662
0 0 0 0 0, -125.506551862989, 173.317278587403, 2.16662
0 0 0 0 0, 29.9424150750972, 185.79945389044, 2.16662
0 0 0 0 0, 67.7767276869143, 195.845273753015, 2.16662
0 0 0 0 0, -1.42689085870433, 264.169792119656, 2.16662
0 0 0 0 0, -164.013897004964, -259.447270879249, 2.16662
0 0 0 0 0, -78.5570017092326, -293.440154811822, 2.16662
0 0 0 0 0, -79.8731604385885, -307.011938134027, 2.16662
0 0 0 0 0, -69.0335529486746, -287.640503500413, 2.16662
0 0 0 0 0, -67.6272771952739, -310.272933693335, 2.16662
0 0 0 0 0, -10.6713106705763, -287.625471438425, 2.16662
0 0 0 0 0, 14.4088820444791, -279.359147078205, 2.16662
0 0 0 0 0, 19.6168567112813, -319.490498331343, 2.16662
0 0 0 0 0, 59.3866901209567, -292.528271624949, 2.16662
0 0 0 0 0, 72.3003323437706, -274.539490462273, 2.16662
0 0 0 0 0, 96.5230811507975, -287.252590441867, 2.16662
0 0 0 0 0, 142.882020219017, -237.720161369661, 2.16662
0 0 0 0 0, -191.426548347062, -238.006911023838, 2.16662
0 0 0 0 0, -141.484039925663, -190.313838874411, 2.16662
0 0 0 0 0, -108.866601576733, -244.502771595028, 2.16662
0 0 0 0 0, -52.7571108090932, -188.881354787379, 2.16662
0 0 0 0 0, -13.703748708243, -218.844839888978, 2.16662
0 0 0 0 0, 9.34386630953524, -224.381894621219, 2.16662
0 0 0 0 0, 37.1402745847759, -254.802076932777, 2.16662
0 0 0 0 0, 78.1593499724788, -212.603851668913, 2.16662
0 0 0 0 0, 66.741364827328, -225.431278533109, 2.16662
0 0 0 0 0, 141.51984492684, -215.364411234697, 2.16662
0 0 0 0 0, 178.361569290624, -200.063893969623, 2.16662
0 0 0 0 0, 202.474586185767, -217.102221072766, 2.16662
0 0 0 0 0, -255.268788613449, -167.806575446945, 2.16662
0 0 0 0 0, -236.366531638661, -162.544298737419, 2.16662
0 0 0 0 0, -108.321936887089, -154.715577559965, 2.16662
0 0 0 0 0, -75.1879699875802, -183.71656688456, 2.16662
0 0 0 0 0, -6.56262961269797, -173.755020812026, 2.16662
0 0 0 0 0, 10.8713517242501, -155.464966179323, 2.16662
0 0 0 0 0, 23.9420428259344, -157.433058540716, 2.16662
0 0 0 0 0, 103.570145622345, -178.195884306296, 2.16662
0 0 0 0 0, 122.196332761248, -166.083280277786, 2.16662
0 0 0 0 0, 127.048431706223, -125.341852540046, 2.16662
0 0 0 0 0, 198.313195435159, -152.338680882099, 2.16662
0 0 0 0 0, 221.788875957536, -151.571922481012, 2.16662
0 0 0 0 0, -280.747148722148, -121.05602022457, 2.16662
0 0 0 0 0, -173.573268630943, -125.363350359985, 2.16662
0 0 0 0 0, -169.310526696797, -101.784794020737, 2.16662
0 0 0 0 0, -122.697156900173, -111.214167486113, 2.16662
0 0 0 0 0, -69.1178335713145, -128.810652045622, 2.16662
0 0 0 0 0, -18.9809437544689, -130.742384575631, 2.16662
0 0 0 0 0, 3.44657110393253, -128.148812207094, 2.16662
0 0 0 0 0, 53.2436835833949, -137.584039229467, 2.16662
0 0 0 0 0, 63.1404451709608, -145.563081211692, 2.16662
0 0 0 0 0, 112.148141574356, -125.746127852369, 2.16662
0 0 0 0 0, 123.436948048641, -117.391447687782, 2.16662
0 0 0 0 0, 283.715533860567, -67.9973267772671, 2.16662
0 0 0 0 0, -301.306886949529, -102.191960283087, 2.16662
0 0 0 0 0, -250.323245486494, -94.0656001283578, 2.16662
0 0 0 0 0, -132.364111330019, -58.2801126614603, 2.16662
0 0 0 0 0, -64.0153651274957, -95.5739343627718, 2.16662
0 0 0 0 0, 21.7092703323282, -132.22994348638, 2.16662
0 0 0 0 0, 46.329159994151, -71.120841884998, 2.16662
0 0 0 0 0, 64.9822543102251, -81.0934458055847, 2.16662
0 0 0 0 0, 141.504377448525, -73.7627347897616, 2.16662
0 0 0 0 0, 167.636941116851, -76.8351663851417, 2.16662
0 0 0 0 0, 213.989904081603, -82.1703289403356, 2.16662
0 0 0 0 0, 237.013346517324, -68.0796078137384, 2.16662
0 0 0 0 0, 291.208376982416, -67.40431839525, 2.16662
0 0 0 0 0, -293.655096320491, -42.3730843665686, 2.16662
0 0 0 0 0, -247.98907811656, -44.4733216825291, 2.16662
0 0 0 0 0, -216.509374778455, -67.9405018727824, 2.16662
0 0 0 0 0, -124.15178220464, -66.4367136854023, 2.16662
0 0 0 0 0, -97.7817996314436, -43.1238488472133, 2.16662
0 0 0 0 0, -69.8764256672933, -71.944995851683, 2.16662
0 0 0 0 0, 35.6152369460092, -22.0692474795027, 2.16662
0 0 0 0 0, 119.521942367938, -37.15749657713, 2.16662
0 0 0 0 0, 158.879669743405, -41.606663582952, 2.16662
0 0 0 0 0, 178.309324199419, -36.9756964679828, 2.16662
0 0 0 0 0, 201.681182795405, -54.0318815362329, 2.16662
0 0 0 0 0, 274.916482285232, -44.7047175884535, 2.16662
0 0 0 0 0, -305.000823456182, -38.6385791883201, 2.16662
0 0 0 0 0, -283.357728106424, -20.8575044358214, 2.16662
0 0 0 0 0, -214.368844524185, -12.202909262025, 2.16662
0 0 0 0 0, -139.440244791027, -17.6077103585587, 2.16662
0 0 0 0 0, -21.4585449023979, -2.32787491037556, 2.16662
0 0 0 0 0, -14.2956685313331, 10.564239577646, 2.16662
0 0 0 0 0, 56.719976996194, 12.5282523779551, 2.16662
0 0 0 0 0, 98.2696837959442, -2.40867007870638, 2.16662
0 0 0 0 0, 163.05740650604, -7.36043651813058, 2.16662
0 0 0 0 0, 189.703577173613, 16.9316736873309, 2.16662
0 0 0 0 0, 215.367968548634, -34.2526831579831, 2.16662
0 0 0 0 0, 257.416259109141, 9.2116523196183, 2.16662
0 0 0 0 0, -293.657896116522, 7.57209402401388, 2.16662
0 0 0 0 0, -237.557609145248, 55.3974585324529, 2.16662
0 0 0 0 0, -152.952381068056, 22.8971972989694, 2.16662
0 0 0 0 0, -51.1495085179272, 43.0856448468087, 2.16662
0 0 0 0 0, -34.268174820008, 46.8321859910676, 2.16662
0 0 0 0 0, 39.8729762759791, 20.9178025834303, 2.16662
0 0 0 0 0, 79.5341925317652, 37.8929262194171, 2.16662
0 0 0 0 0, 154.80476990086, 8.07960873778822, 2.16662
0 0 0 0 0, 191.222838272263, 25.383468218679, 2.16662
0 0 0 0 0, 242.823058339906, 10.4507573185389, 2.16662
0 0 0 0 0, 272.576006869119, 51.9981797723813, 2.16662
0 0 0 0 0, 304.700130953946, 59.2578825906171, 2.16662
0 0 0 0 0, -295.174010195112, 101.221912520967, 2.16662
0 0 0 0 0, -247.461304761254, 62.1853861704081, 2.16662
0 0 0 0 0, -141.12293059492, 73.9771574472747, 2.16662
0 0 0 0 0, -51.3754322520852, 76.7736881049664, 2.16662
0 0 0 0 0, -42.0216831960971, 78.2383882465316, 2.16662
0 0 0 0 0, 38.354507094803, 76.0915887917287, 2.16662
0 0 0 0 0, 68.4063078680852, 74.5700605262803, 2.16662
0 0 0 0 0, 114.285826247159, 109.969081705521, 2.16662
0 0 0 0 0, 171.714918238223, 57.981577025315, 2.16662
0 0 0 0 0, 274.339286045016, 100.695562335937, 2.16662
0 0 0 0 0, 272.519971876267, 107.761352052119, 2.16662
0 0 0 0 0, 295.655059863225, 75.6231928109061, 2.16662
0 0 0 0 0, -284.136882587647, 122.547289345217, 2.16662
0 0 0 0 0, -240.164654715797, 95.6278027967546, 2.16662
0 0 0 0 0, -191.082615045637, 81.157995378085, 2.16662
0 0 0 0 0, -121.656122283694, 102.539034791148, 2.16662
0 0 0 0 0, -22.6839225817337, 109.073397050987, 2.16662
0 0 0 0 0, -10.9870977818581, 107.333457667155, 2.16662
0 0 0 0 0, 24.9682058097535, 118.118541464495, 2.16662
0 0 0 0 0, 104.588394194373, 96.7962702483477, 2.16662
0 0 0 0 0, 171.125906294868, 121.129065304835, 2.16662
0 0 0 0 0, 196.597049774897, 107.003034702558, 2.16662
0 0 0 0 0, 275.487689332481, 120.116351677197, 2.16662
0 0 0 0 0, 292.346872874705, 102.484300990215, 2.16662
0 0 0 0 0, -259.506914706508, 159.475743848916, 2.16662
0 0 0 0 0, -233.605334103123, 158.162751394246, 2.16662
0 0 0 0 0, -173.246357052579, 170.747957174625, 2.16662
0 0 0 0 0, -152.452372495275, 176.198029603752, 2.16662
0 0 0 0 0, -103.219923874993, 175.005837739591, 2.16662
0 0 0 0 0, 16.3457431653671, 170.047756287217, 2.16662
0 0 0 0 0, 60.8508525418153, 173.899134327389, 2.16662
0 0 0 0 0, 80.4739871392643, 153.50070321624, 2.16662
0 0 0 0 0, 107.674943235984, 167.263697702781, 2.16662
0 0 0 0 0, 124.071439013823, 141.355395531986, 2.16662
0 0 0 0 0, 170.3449724784, 165.175462217165, 2.16662
0 0 0 0 0, 243.672747654641, 177.074357126504, 2.16662
0 0 0 0 0, -232.715417819199, 180.928383362572, 2.16662
0 0 0 0 0, -187.20292582331, 235.543200872035, 2.16662
0 0 0 0 0, -183.072471210988, 201.400124980721, 2.16662
0 0 0 0 0, -133.168074266545, 201.759560956337, 2.16662
0 0 0 0 0, -106.910192136525, 188.87169093725, 2.16662
0 0 0 0 0, -35.569680302075, 217.897136049169, 2.16662
0 0 0 0 0, -13.4170622866712, 212.2417128415, 2.16662
0 0 0 0 0, 20.9376991999466, 190.776791407548, 2.16662
0 0 0 0 0, 96.0704709432153, 218.763181240552, 2.16662
0 0 0 0 0, 167.928237814695, 222.100847305995, 2.16662
0 0 0 0 0, 200.599892572346, 184.107034992036, 2.16662
0 0 0 0 0, 222.566554414301, 199.724460737266, 2.16662
0 0 0 0 0, -195.677484921819, 250.132085655156, 2.16662
0 0 0 0 0, -151.834010074809, 250.091803809303, 2.16662
0 0 0 0 0, -129.841379603082, 290.350167786428, 2.16662
0 0 0 0 0, -128.180642725658, 248.095556734417, 2.16662
0 0 0 0 0, -97.4329562596926, 241.043269140818, 2.16662
0 0 0 0 0, -65.0076385982301, 239.63797266128, 2.16662
0 0 0 0 0, -12.5188495822806, 225.745949893824, 2.16662
0 0 0 0 0, 23.1919318357495, 247.742407416885, 2.16662
0 0 0 0 0, 63.5880935548822, 273.500359015256, 2.16662
0 0 0 0 0, 102.761777472065, 256.970758513222, 2.16662
0 0 0 0 0, 114.07206312367, 257.415710923854, 2.16662
0 0 0 0 0, 181.354203159248, 249.422254464427, 2.16662
-1 0 0 0 0, 0, 0, 3.175
