0 0 0 0 0, 18.6256000738013, -276.773673634213, 3.175
0 0 0 0 0, -97.3315930202101, -166.824897006396, 3.175
0 0 0 0 0, -211.533911381261, -212.620068653412, 3.175
0 0 0 0 0, -61.4340801566896, -308.45439627102, 3.175
0 0 0 0 0, 196.030279846656, -130.839327133977, 2.16662
0 0 0 0 0, 196.025702145229, -133.380641609028, 2.16662
0 0 0 0 0, 99.7667153732285, -265.965434252679, 2.16662
0 0 0 0 0, 99.8245658516937, -268.506769429527, 2.16662
0 0 0 0 0, -121.659193954698, -265.674075123834, 2.16662
0 0 0 0 0, -121.607895251049, -268.215643811525, 2.16662
0 0 0 0 0, -223.9727410587, -130.683359878166, 2.16662
0 0 0 0 0, -223.980708504816, -133.224731964894, 2.16662
0 0 0 0 0, -199.958695036916, 133.614870237498, 2.16662
0 0 0 0 0, -200.010733401213, 136.15567888101, 2.16662
0 0 0 0 0, -94.1313984686257, 262.625279250391, 2.16662
0 0 0 0 0, -94.1211238101756, 265.167150572032, 2.16662
0 0 0 0 0, 119.673718335608, 255.471159720237, 2.16662
0 0 0 0 0, 119.830267336455, 258.008266835332, 2.16662
0 0 0 0 0, 226.600612807047, 128.814144215132, 2.16662
0 0 0 0 0, 226.646708853647, 131.355120794902, 2.16662
0 0 0 0 0, 13.9650614592841, 62.9577928558508, 2.16662
0 0 0 0 0, 15.285696118021, 65.1290667865647, 2.16662
0 0 0 0 0, -11.7659659388586, -72.3087676431127, 2.16662
0 0 0 0 0, -12.9201412414536, -74.5729637014235, 2.16662
0 0 0 0 0, 93.5354026008065, -133.22564900215, 2.16662
0 0 0 0 0, 93.5794703543969, -135.766581918011, 2.16662
0 0 0 0 0, -112.150270111725, 132.507373097273, 2.16662
0 0 0 0 0, -125.642560303033, 103.367927065353, 2.16662
0 0 0 0 0, -266.473911880903, -146.911735266545, 2.16662
0 0 0 0 0, 16.7097172509305, -139.710787176952, 2.16662
0 0 0 0 0, -184.89696184364, -214.048507370045, 2.16662
0 0 0 0 0, -31.3107593225714, -295.923977444472, 2.16662
0 0 0 0 0, -99.5996043466141, -104.038492544973, 2.16662
0 0 0 0 0, 30.1820043704168, -87.6195306363349, 2.16662
0 0 0 0 0, -21.9370363519162, -70.0478934189137, 2.16662
0 0 0 0 0, -185.935331737206, 261.424816670613, 2.16662
0 0 0 0 0, -69.3818841161866, 2.09752656413659, 2.16662
0 0 0 0 0, -6.96956641824502, 278.397635947773, 2.16662
0 0 0 0 0, -211.832906819122, 40.9339739033703, 2.16662
0 0 0 0 0, 28.7947179897387, -282.153261919548, 2.16662
0 0 0 0 0, -51.5898484493704, -47.060958917239, 2.16662
0 0 0 0 0, -191.926750148752, -129.226084976703, 2.16662
0 0 0 0 0, -9.51517023071018, -2.29393444004524, 2.16662
0 0 0 0 0, -44.0997995747868, -314.36661440877, 2.16662
0 0 0 0 0, -113.458959216549, -248.79553467655, 2.16662
0 0 0 0 0, 11.2535928931766, -320.738047186138, 2.16662
0 0 0 0 0, -299.223209033392, 63.1441341637451, 2.16662
0 0 0 0 0, -177.781353890009, -51.855318188475, 2.16662
0 0 0 0 0, -129.200574530358, 19.6428095774306, 2.16662
0 0 0 0 0, 4.32195274206588, -31.7620016211979, 2.16662
0 0 0 0 0, -145.350173513945, 16.6957837380193, 2.16662
0 0 0 0 0, -270.589390659623, 135.659402288695, 2.16662
0 0 0 0 0, 11.9011640595814, 276.998609269385, 2.16662
0 0 0 0 0, 87.6284184105308, -43.986000443417, 2.16662
0 0 0 0 0, 83.3576920981201, 5.85387421520157, 2.16662
0 0 0 0 0, 64.3796478665999, 307.989353822524, 2.16662
0 0 0 0 0, -240.530885182102, -27.6857178258227, 2.16662
0 0 0 0 0, 39.7461779812573, -128.610179924994, 2.16662
0 0 0 0 0, -214.01291102528, -111.48290855654, 2.16662
0 0 0 0 0, -149.332904371794, -212.407889098883, 2.16662
0 0 0 0 0, -226.716586202251, 89.545629376342, 2.16662
0 0 0 0 0, -77.7646085076556, -35.2870201949824, 2.16662
0 0 0 0 0, 118.676441205796, 270.03675625125, 2.16662
0 0 0 0 0, -73.2261649744346, 314.804166486854, 2.16662
0 0 0 0 0, -159.143601716265, 114.386591680694, 2.16662
0 0 0 0 0, 7.79082003593587, -98.8321482247662, 2.16662
0 0 0 0 0, -256.241084772645, 98.2604975192701, 2.16662
0 0 0 0 0, 40.3248835841884, -193.364386126128, 2.16662
0 0 0 0 0, 93.0657011980496, 41.4238010640498, 2.16662
0 0 0 0 0, -42.5857460463386, 299.04689170202, 2.16662
0 0 0 0 0, -140.35863740209, -196.86492664452, 2.16662
0 0 0 0 0, -278.101645425875, -135.322200358544, 2.16662
0 0 0 0 0, 17.9776015106596, -127.687876486439, 2.16662
0 0 0 0 0, 51.111152573756, -253.69231011089, 2.16662
0 0 0 0 0, -51.7997274205117, -227.733011409482, 2.16662
0 0 0 0 0, -169.363308629866, -247.562713135688, 2.16662
0 0 0 0 0, 53.6160771433563, -57.3762677178752, 2.16662
0 0 0 0 0, -93.4896143312244, -121.395774014811, 2.16662
0 0 0 0 0, -50.9894081611807, -119.968447702976, 2.16662
0 0 0 0 0, 27.8957900827543, -170.768137801171, 2.16662
0 0 0 0 0, -119.545813511917, -191.721129820544, 2.16662
0 0 0 0 0, -93.3778254000299, -268.791382700562, 2.16662
0 0 0 0 0, 18.6906722260717, 273.309210028129, 2.16662
0 0 0 0 0, -291.766395867817, 13.3217007235255, 2.16662
0 0 0 0 0, 53.6394587464302, -290.761091801323, 2.16662
0 0 0 0 0, -123.54647380355, 24.1489362030169, 2.16662
0 0 0 0 0, 7.61758245355129, 220.550673385975, 2.16662
0 0 0 0 0, 4.43889761853188, -269.009715769786, 2.16662
0 0 0 0 0, -262.621113789652, 4.69937454255323, 2.16662
0 0 0 0 0, 59.6117565695612, 44.946431651663, 2.16662
0 0 0 0 0, -84.5260176169045, -5.34534278384284, 2.16662
0 0 0 0 0, 8.42686359557561, -149.563417171429, 2.16662
0 0 0 0 0, -22.4840047321401, 29.8449711009329, 2.16662
0 0 0 0 0, -174.715250522293, -62.0844216619265, 2.16662
0 0 0 0 0, -77.4602032398369, -19.8691239123026, 2.16662
0 0 0 0 0, -180.518047615163, 85.5004250928025, 2.16662
0 0 0 0 0, 62.2627239591968, 69.7239833330927, 2.16662
0 0 0 0 0, -88.2162864663369, 279.301963302172, 2.16662
0 0 0 0 0, -134.713585689128, -166.583445205495, 2.16662
0 0 0 0 0, -11.3798915939289, -184.256472578203, 2.16662
0 0 0 0 0, -22.8139181239572, 318.573921973856, 2.16662
0 0 0 0 0, -111.896117783232, 270.167170361467, 2.16662
0 0 0 0 0, 85.215191404008, 305.889056004925, 2.16662
0 0 0 0 0, 42.3339812203108, 301.215741239195, 2.16662
0 0 0 0 0, 129.827826985485, 266.137366045723, 2.16662
0 0 0 0 0, -12.7331479808318, -132.639090436487, 2.16662
0 0 0 0 0, -144.527587300692, -131.956693710298, 2.16662
0 0 0 0 0, -63.4026799908682, -294.473945387913, 2.16662
0 0 0 0 0, 181.623239782922, -124.039475331077, 2.16662
0 0 0 0 0, 78.1917804813274, 1.14355750310919, 2.16662
0 0 0 0 0, -232.462773072221, 41.2368198912177, 2.16662
0 0 0 0 0, -130.826946820368, -207.667590428997, 2.16662
0 0 0 0 0, 45.8271505213865, 289.750739748433, 2.16662
0 0 0 0 0, -91.7153492245985, 79.8519242288224, 2.16662
0 0 0 0 0, -59.6911943656681, 8.652440010828, 2.16662
0 0 0 0 0, -146.502023409961, -40.2051109579798, 2.16662
0 0 0 0 0, -241.211861311149, 127.221705426247, 2.16662
0 0 0 0 0, 53.3293757950637, 75.335245626524, 2.16662
0 0 0 0 0, -278.344722797049, 143.513842857024, 2.16662
0 0 0 0 0, 234.312691050996, 163.628181353953, 2.16662
0 0 0 0 0, -68.1914283990236, -305.347528021817, 2.16662
0 0 0 0 0, 67.6700224728672, -21.9532230738573, 2.16662
0 0 0 0 0, 89.632578963782, -162.788084603354, 2.16662
0 0 0 0 0, 78.1733576956864, -87.7826237008141, 2.16662
0 0 0 0 0, -67.1982928883974, 277.848930072931, 2.16662
0 0 0 0 0, -30.2995700239924, -310.502516804369, 2.16662
0 0 0 0 0, 15.3252960668101, -118.037317417089, 2.16662
0 0 0 0 0, -15.7838908607424, -320.87737267218, 2.16662
0 0 0 0 0, -34.3098749740684, 56.1193558921305, 2.16662
0 0 0 0 0, -8.68538481304856, -103.643971355332, 2.16662
0 0 0 0 0, 14.8577421289191, -151.482714377237, 2.16662
0 0 0 0 0, -199.57575864044, 114.30142259582, 2.16662
0 0 0 0 0, 33.118631938001, 306.904771692667, 2.16662
0 0 0 0 0, -125.94799502197, -99.6508222870441, 2.16662
0 0 0 0 0, 68.0976692559964, -250.181925142076, 2.16662
0 0 0 0 0, -193.638696377746, -184.205164374593, 2.16662
0 0 0 0 0, -238.439732082677, 110.806464119714, 2.16662
0 0 0 0 0, 62.220524659227, 282.174800102847, 2.16662
0 0 0 0 0, -277.97553823945, -96.7576051515511, 2.16662
0 0 0 0 0, -291.090248362753, 6.21048638084948, 2.16662
0 0 0 0 0, 78.6959510344197, -199.178719797891, 2.16662
0 0 0 0 0, 262.391401667926, 88.6886928334472, 2.16662
0 0 0 0 0, -188.743744382617, 90.3483801907053, 2.16662
0 0 0 0 0, -159.586888260287, -198.418674946495, 2.16662
0 0 0 0 0, -308.389236010002, 95.138384208587, 2.16662
0 0 0 0 0, 56.8823994779778, -157.548020237972, 2.16662
0 0 0 0 0, -175.710414336398, -103.165957591563, 2.16662
0 0 0 0 0, -165.015823759185, -258.048240106846, 2.16662
0 0 0 0 0, 15.7255753584194, 289.217244941909, 2.16662
0 0 0 0 0, -138.09565393944, 28.9385084268499, 2.16662
0 0 0 0 0, -228.848860988113, -61.4267041571047, 2.16662
0 0 0 0 0, -130.77141648761, 280.177387364747, 2.16662
0 0 0 0 0, -243.374725549886, 165.390658054786, 2.16662
0 0 0 0 0, 33.7126560120405, -317.439509120521, 2.16662
0 0 0 0 0, -14.3614186839946, -118.337627651531, 2.16662
0 0 0 0 0, -117.35764598781, -35.6795012555385, 2.16662
0 0 0 0 0, -61.3550027712409, -110.606270999886, 2.16662
0 0 0 0 0, 27.7752876453455, -109.14912181494, 2.16662
0 0 0 0 0, 28.039854387425, 298.567774013871, 2.16662
0 0 0 0 0, -8.99421143599985, -22.521967964954, 2.16662
0 0 0 0 0, -40.3508140359249, -308.554071109324, 2.16662
0 0 0 0 0, -164.427559610252, 46.3427773166298, 2.16662
0 0 0 0 0, -22.1248354566005, 114.99012178862, 2.16662
0 0 0 0 0, -196.996158036443, -180.002920016102, 2.16662
0 0 0 0 0, 29.0875580844674, -38.0792142897956, 2.16662
0 0 0 0 0, -43.6862053029512, -162.350404468276, 2.16662
0 0 0 0 0, -139.68075767286, 281.108924366775, 2.16662
0 0 0 0 0, 60.2732589589556, -10.0448672170441, 2.16662
0 0 0 0 0, -210.109499891444, 193.782131068414, 2.16662
0 0 0 0 0, -77.1946896291367, 190.601514535208, 2.16662
0 0 0 0 0, -71.6615946067106, -250.154595438284, 2.16662
0 0 0 0 0, -248.831431808532, -65.5388762187576, 2.16662
0 0 0 0 0, -252.086641310488, 198.269439462602, 2.16662
0 0 0 0 0, -138.929153679157, -53.685144447449, 2.16662
0 0 0 0 0, -130.503836481678, -40.96944651748, 2.16662
0 0 0 0 0, -58.8209874087912, -265.944553351365, 2.16662
0 0 0 0 0, -111.354651337715, -127.536057671275, 2.16662
0 0 0 0 0, -111.589137412026, -96.9261560018709, 2.16662
0 0 0 0 0, -153.57283415627, 250.929366981346, 2.16662
0 0 0 0 0, 74.2111955030935, -187.564712548626, 2.16662
0 0 0 0 0, -312.911261357325, 44.6192276272939, 2.16662
0 0 0 0 0, -99.4148999065375, -192.758609747188, 2.16662
0 0 0 0 0, -234.117486222534, 114.837604360316, 2.16662
0 0 0 0 0, -36.2765093784938, -129.15770449513, 2.16662
0 0 0 0 0, -8.90927616316811, -251.262902150157, 2.16662
0 0 0 0 0, -109.544548183354, -222.968864356464, 2.16662
0 0 0 0 0, -99.5404312258486, 33.2697679067325, 2.16662
0 0 0 0 0, -171.972910292826, 127.244787970035, 2.16662
0 0 0 0 0, 66.8035723111338, -138.208035100949, 2.16662
0 0 0 0 0, 262.196098642481, 180.018387314034, 2.16662
0 0 0 0 0, -241.45410505437, 63.7553479841343, 2.16662
0 0 0 0 0, -93.5081802174166, -134.045182343274, 2.16662
0 0 0 0 0, -149.889749348269, -180.093521552023, 2.16662
0 0 0 0 0, 5.20890406103485, 180.548502335134, 2.16662
0 0 0 0 0, 28.423104424458, -225.286483229001, 2.16662
0 0 0 0 0, -94.2261927134721, 49.6706958796252, 2.16662
0 0 0 0 0, -132.658282395987, 132.115458965927, 2.16662
0 0 0 0 0, -297.545333328029, -61.6370446636624, 2.16662
0 0 0 0 0, -31.9363088032154, -300.179927538418, 2.16662
0 0 0 0 0, -47.5575319229662, -252.518073147248, 2.16662
0 0 0 0 0, -127.455280635215, 114.667868503801, 2.16662
0 0 0 0 0, -109.391584440863, -60.8708413167997, 2.16662
0 0 0 0 0, -217.554972474299, 134.554254858439, 2.16662
0 0 0 0 0, 137.203481417286, 263.420123354261, 2.16662
0 0 0 0 0, -15.8553047103052, -271.893935622946, 2.16662
0 0 0 0 0, -91.1837659803213, -200.838044313249, 2.16662
0 0 0 0 0, -199.985795382862, -119.398403096927, 2.16662
0 0 0 0 0, 11.1649855476164, -198.113500723191, 2.16662
0 0 0 0 0, 93.2907076512994, 273.119962070761, 2.16662
0 0 0 0 0, 76.805364350248, 296.599393018368, 2.16662
0 0 0 0 0, -145.612602368746, 138.948384352656, 2.16662
0 0 0 0 0, -182.33286892183, 259.001849715077, 2.16662
0 0 0 0 0, 23.3344185541988, 154.712667746414, 2.16662
0 0 0 0 0, -110.000666346099, -10.2114567755883, 2.16662
0 0 0 0 0, 78.2726815902475, -157.313005534398, 2.16662
0 0 0 0 0, -165.260637399153, -98.3629347048923, 2.16662
0 0 0 0 0, -115.300860999742, -32.1525102418529, 2.16662
0 0 0 0 0, -274.082643887193, -40.5192223625425, 2.16662
0 0 0 0 0, -158.387279203109, -209.427670040299, 2.16662
0 0 0 0 0, -62.2679486503624, -282.585355408335, 2.16662
0 0 0 0 0, 67.2714955568062, -130.564802879967, 2.16662
0 0 0 0 0, -180.704952676416, 47.1248722132367, 2.16662
0 0 0 0 0, -221.198189731467, -119.169992946195, 2.16662
0 0 0 0 0, 10.074805593759, 310.968083562073, 2.16662
0 0 0 0 0, -282.828803928168, -67.3714794528358, 2.16662
0 0 0 0 0, 58.3847090355661, -317.040983726916, 2.16662
0 0 0 0 0, 125.286655144961, 122.896492207024, 2.16662
0 0 0 0 0, -273.125858771197, -106.293621189017, 2.16662
0 0 0 0 0, -75.4046028860269, 30.2235220055287, 2.16662
0 0 0 0 0, -62.9751023200847, -2.15135980484492, 2.16662
0 0 0 0 0, -74.1976566741038, -208.082495540828, 2.16662
0 0 0 0 0, -184.017933414956, -89.5727760212539, 2.16662
0 0 0 0 0, -255.404232106291, 183.776965340757, 2.16662
0 0 0 0 0, 275.925832339441, 72.111761286249, 2.16662
0 0 0 0 0, 92.684545922805, -225.266558469145, 2.16662
0 0 0 0 0, 3.6980317456286, -313.330843071137, 2.16662
0 0 0 0 0, -121.060414711873, 252.253337279785, 2.16662
0 0 0 0 0, -199.193987389817, 11.459292966068, 2.16662
0 0 0 0 0, -148.782424748283, -194.34428179818, 2.16662
0 0 0 0 0, -156.314071292744, -170.857628134204, 2.16662
0 0 0 0 0, -51.3655544746394, 274.117104129541, 2.16662
0 0 0 0 0, -80.3403000783479, -182.894725191014, 2.16662
0 0 0 0 0, -174.276278193459, -272.760344537479, 2.16662
0 0 0 0 0, 35.6419489479101, 251.701909160649, 2.16662
0 0 0 0 0, -164.882066694054, -143.420049927759, 2.16662
0 0 0 0 0, 217.647519103469, 234.747385443683, 2.16662
0 0 0 0 0, -282.121980420247, 6.17896462058321, 2.16662
0 0 0 0 0, -208.820042838827, 101.613671601695, 2.16662
0 0 0 0 0, -265.805887182205, -161.653096168347, 2.16662
0 0 0 0 0, 96.3725816533955, -90.5876049808966, 2.16662
0 0 0 0 0, -145.18158788932, -48.1937194932807, 2.16662
0 0 0 0 0, 72.6752978700643, -92.5026702392443, 2.16662
0 0 0 0 0, 160.591273946718, 243.648946811619, 2.16662
0 0 0 0 0, 193.393537385004, 218.084555836659, 2.16662
0 0 0 0 0, 41.9581831264435, 153.105855644748, 2.16662
0 0 0 0 0, 175.990804285585, 200.760234850245, 2.16662
0 0 0 0 0, -134.81575818424, -121.371348081083, 2.16662
0 0 0 0 0, -19.0942993053598, 268.359586449121, 2.16662
0 0 0 0 0, 72.7791844342368, -3.6934250641558, 2.16662
0 0 0 0 0, 21.4900822629044, -313.242980321188, 2.16662
0 0 0 0 0, -249.894835391861, 129.389083243912, 2.16662
0 0 0 0 0, 54.2303297939409, 11.9896585813819, 2.16662
0 0 0 0 0, -55.3153186973473, -286.498909102166, 2.16662
0 0 0 0 0, -123.774706605437, -67.6934444879834, 2.16662
0 0 0 0 0, -66.9697484804248, -192.391149991833, 2.16662
0 0 0 0 0, 25.0296665124313, 149.593670894642, 2.16662
0 0 0 0 0, -34.7446287410442, -24.8114542984426, 2.16662
0 0 0 0 0, -90.4019756826933, -229.21300018029, 2.16662
0 0 0 0 0, -247.375561516496, -156.130714445962, 2.16662
0 0 0 0 0, 14.6864994345195, -188.947393670276, 2.16662
0 0 0 0 0, 40.9713165806541, -243.280226022908, 2.16662
0 0 0 0 0, 85.0159618554573, -152.745818565391, 2.16662
0 0 0 0 0, -226.029571250451, 99.5938634951631, 2.16662
0 0 0 0 0, -63.3567418601686, -76.3923504434193, 2.16662
0 0 0 0 0, -59.5468749693693, -89.4561141655843, 2.16662
0 0 0 0 0, 11.6132738585742, -70.076143866635, 2.16662
0 0 0 0 0, 274.440088248026, 171.330432750786, 2.16662
0 0 0 0 0, -72.8932227491121, -201.234655235755, 2.16662
0 0 0 0 0, 286.070049096941, 122.813794348168, 2.16662
0 0 0 0 0, 58.7123359724633, -149.340939419997, 2.16662
0 0 0 0 0, -58.845403977723, 315.155399980002, 2.16662
0 0 0 0 0, -184.303343172782, -191.012424984024, 2.16662
0 0 0 0 0, -75.6702207062362, -285.344851436042, 2.16662
0 0 0 0 0, 169.775460370106, 275.652687018563, 2.16662
0 0 0 0 0, 11.5176495557239, 139.205373898194, 2.16662
0 0 0 0 0, -46.2529789204543, -133.715095624459, 2.16662
0 0 0 0 0, -128.796905078437, 183.725030643608, 2.16662
0 0 0 0 0, -49.929280888494, 240.327752203218, 2.16662
0 0 0 0 0, 45.2544290646279, -151.763542542976, 2.16662
0 0 0 0 0, 24.5941568165316, -309.057924341832, 2.16662
0 0 0 0 0, -81.9953653903591, 258.711550672144, 2.16662
0 0 0 0 0, -42.4035358845139, -281.336749039141, 2.16662
0 0 0 0 0, -141.400779245107, -124.54747956195, 2.16662
0 0 0 0 0, -182.899540400386, 0.257873798335151, 2.16662
0 0 0 0 0, 0.168336957171734, -272.964133131485, 2.16662
0 0 0 0 0, 88.8426248928442, -271.171512359715, 2.16662
0 0 0 0 0, 48.9482915673855, -187.300523603627, 2.16662
0 0 0 0 0, -107.646327944225, 281.981183374043, 2.16662
0 0 0 0 0, -113.970690131063, -245.02114003534, 2.16662
0 0 0 0 0, 3.73709304949465, 24.3532013647818, 2.16662
0 0 0 0 0, -113.974666758403, 122.554028978519, 2.16662
0 0 0 0 0, -67.29364326348, 249.54170745722, 2.16662
0 0 0 0 0, -6.2768484352129, -232.199533712277, 2.16662
0 0 0 0 0, -153.323346973461, 274.574174196513, 2.16662
0 0 0 0 0, -292.356135636883, -90.5622681772501, 2.16662
0 0 0 0 0, -93.4712065122007, -225.642149663735, 2.16662
0 0 0 0 0, -150.863656688434, -266.89342185829, 2.16662
0 0 0 0 0, -110.842766563505, 171.281613276055, 2.16662
0 0 0 0 0, 35.3618499937637, 153.220352457169, 2.16662
0 0 0 0 0, -313.60152511771, 57.6815778020891, 2.16662
0 0 0 0 0, -11.5605237620251, 30.7619072546834, 2.16662
0 0 0 0 0, 29.9976612909471, 90.8529932433333, 2.16662
0 0 0 0 0, -277.077735313583, -52.1552771302423, 2.16662
0 0 0 0 0, -70.663408136075, -137.800260427442, 2.16662
0 0 0 0 0, 82.33330257627, -3.20387149198819, 2.16662
0 0 0 0 0, -87.6393501991776, 57.533656988928, 2.16662
0 0 0 0 0, -157.040399062194, -278.544480745289, 2.16662
0 0 0 0 0, -35.0161317150172, -306.259215832937, 2.16662
0 0 0 0 0, 319.046267823265, -59.2942775416994, 2.16662
0 0 0 0 0, -301.220507490238, -14.6977227666201, 2.16662
0 0 0 0 0, 44.1784796926202, 270.504210938407, 2.16662
0 0 0 0 0, -183.014414402162, 19.663701536502, 2.16662
0 0 0 0 0, -98.6951126119347, 242.318668957236, 2.16662
0 0 0 0 0, -141.987973340077, -168.204211353769, 2.16662
0 0 0 0 0, -239.47853079288, 42.6060595669304, 2.16662
0 0 0 0 0, -13.6980612736517, -44.994068989844, 2.16662
0 0 0 0 0, -235.201485584428, 101.745556965574, 2.16662
0 0 0 0 0, 248.804364480868, 169.715978057513, 2.16662
0 0 0 0 0, -300.601733651616, 67.7731727579938, 2.16662
0 0 0 0 0, -264.576020907204, -117.590334269286, 2.16662
0 0 0 0 0, -79.7648191301098, -10.9057384027637, 2.16662
0 0 0 0 0, 167.44757734746, 78.1351688861034, 2.16662
0 0 0 0 0, -5.12157501477401, -82.3400593207197, 2.16662
0 0 0 0 0, -142.968588086156, -245.349130707257, 2.16662
0 0 0 0 0, 12.6980536879634, 213.924566313963, 2.16662
0 0 0 0 0, -309.34679452513, -55.6316831686705, 2.16662
0 0 0 0 0, 289.459455718073, 126.976757847745, 2.16662
0 0 0 0 0, -1.78496609093452, -20.0077520589667, 2.16662
0 0 0 0 0, 108.967724525404, 155.994204992815, 2.16662
0 0 0 0 0, 91.4190241398186, 180.490019105333, 2.16662
0 0 0 0 0, -61.0919486323352, -50.4145112552396, 2.16662
0 0 0 0 0, -76.1892953993524, 65.985789560029, 2.16662
0 0 0 0 0, 28.9867539620396, -66.6521983411703, 2.16662
0 0 0 0 0, 5.56678712106739, 273.865385771977, 2.16662
0 0 0 0 0, -115.125356312792, 151.324932451275, 2.16662
0 0 0 0 0, -117.80487939881, 31.9281132456508, 2.16662
0 0 0 0 0, -48.2419951221591, 130.380290495336, 2.16662
0 0 0 0 0, 40.8634666894584, -210.513437724668, 2.16662
0 0 0 0 0, -76.7252755179252, -68.5258231807992, 2.16662
0 0 0 0 0, 110.316266012337, 271.92104393809, 2.16662
0 0 0 0 0, -284.667402085258, -90.6638678488158, 2.16662
0 0 0 0 0, -157.025385762749, 234.430101541093, 2.16662
0 0 0 0 0, -61.5698127806173, -42.0494070160647, 2.16662
0 0 0 0 0, -152.312946843677, 239.098520620606, 2.16662
0 0 0 0 0, -125.907544023283, 83.7779294780086, 2.16662
0 0 0 0 0, 1.37105053632373, -70.4914488741346, 2.16662
0 0 0 0 0, 15.1596144674781, 131.586392240828, 2.16662
0 0 0 0 0, -71.5266815672801, -170.459794826094, 2.16662
0 0 0 0 0, -317.327026443894, 35.236609057915, 2.16662
0 0 0 0 0, 24.9794655984211, -237.708615454098, 2.16662
0 0 0 0 0, -107.368625062619, 172.930512926765, 2.16662
0 0 0 0 0, 17.2090575986871, 244.445708723511, 2.16662
0 0 0 0 0, -70.6983019620669, -285.888440374954, 2.16662
0 0 0 0 0, -41.0249294629528, -196.013766563814, 2.16662
0 0 0 0 0, -14.8452196606952, -9.60054065149723, 2.16662
0 0 0 0 0, -5.56209230326455, -94.865597691263, 2.16662
0 0 0 0 0, -22.3426851546501, -121.116187655933, 2.16662
0 0 0 0 0, -165.520356163637, 87.8620430009161, 2.16662
0 0 0 0 0, 101.160376623987, -6.29609357591468, 2.16662
0 0 0 0 0, 16.4958152357999, -248.837382816847, 2.16662
0 0 0 0 0, -106.756588164903, -83.1160341392994, 2.16662
0 0 0 0 0, -262.825504788137, -36.0559581980204, 2.16662
0 0 0 0 0, 172.054707550655, -156.840788611889, 2.16662
0 0 0 0 0, 287.805198672233, -76.3685250319721, 2.16662
0 0 0 0 0, 76.4285880838916, -135.598559551603, 2.16662
0 0 0 0 0, -58.2166740944587, 177.304019117798, 2.16662
0 0 0 0 0, -6.98036916744297, -263.850933281959, 2.16662
0 0 0 0 0, 16.8180395531888, 171.379204738202, 2.16662
0 0 0 0 0, 186.335630509645, -232.988625981839, 2.16662
0 0 0 0 0, 29.2761286358552, -206.303000003017, 2.16662
0 0 0 0 0, 81.984328119093, 151.569410509839, 2.16662
0 0 0 0 0, 235.470343841627, -197.707421251049, 2.16662
0 0 0 0 0, -45.9318007426272, -258.541949127006, 2.16662
0 0 0 0 0, 317.63719656468, 44.4877097363752, 2.16662
0 0 0 0 0, -26.9858405960131, -31.0331158196668, 2.16662
0 0 0 0 0, -77.3781795291547, -91.8532241501956, 2.16662
0 0 0 0 0, -45.4287540984498, 124.54299376568, 2.16662
0 0 0 0 0, -229.946616314028, 49.0858004716707, 2.16662
0 0 0 0 0, -57.4912886540874, 282.23466627597, 2.16662
0 0 0 0 0, -253.762503721638, 36.3495661072607, 2.16662
0 0 0 0 0, -28.4420508191421, -193.143490538734, 2.16662
0 0 0 0 0, 23.6372403693139, -98.7536030147623, 2.16662
0 0 0 0 0, 163.140845481121, 155.643178729511, 2.16662
0 0 0 0 0, -233.893651956261, -135.264279453822, 2.16662
0 0 0 0 0, 55.4843519718793, -234.176552723351, 2.16662
0 0 0 0 0, 10.0473815369242, 231.407869259244, 2.16662
0 0 0 0 0, -85.056463292949, 229.439310571318, 2.16662
0 0 0 0 0, -156.482815302905, -166.277285358473, 2.16662
0 0 0 0 0, -244.073321698914, -69.1698238571952, 2.16662
0 0 0 0 0, -63.6740864411587, -272.246591548049, 2.16662
0 0 0 0 0, -68.5162094757148, 133.729432500883, 2.16662
0 0 0 0 0, 0.5119962832828, 260.127646765355, 2.16662
0 0 0 0 0, 209.235463820957, 164.358133830518, 2.16662
0 0 0 0 0, 181.447857155893, 70.7769718916204, 2.16662
0 0 0 0 0, -219.622019218419, 120.873858310607, 2.16662
0 0 0 0 0, -22.063960339023, 204.691105995913, 2.16662
0 0 0 0 0, -59.1710513337348, 149.897744515221, 2.16662
0 0 0 0 0, -32.0045306117009, 152.484532085976, 2.16662
0 0 0 0 0, -0.6870527195508, 16.0688138846113, 2.16662
0 0 0 0 0, -134.632799294588, 97.0319579015257, 2.16662
0 0 0 0 0, 72.1299527679864, -264.398611068544, 2.16662
0 0 0 0 0, -25.3273111514171, -162.629870544473, 2.16662
0 0 0 0 0, -187.835296807694, -87.5559021576372, 2.16662
0 0 0 0 0, -136.0200772499, -70.2150859139454, 2.16662
0 0 0 0 0, -30.2032351046564, 199.187078353959, 2.16662
0 0 0 0 0, -39.0304960015263, -267.864983528954, 2.16662
0 0 0 0 0, -55.5627522839476, -222.490284094935, 2.16662
0 0 0 0 0, -8.57968673504666, -294.852368286794, 2.16662
0 0 0 0 0, -103.843949553929, -187.157537415874, 2.16662
0 0 0 0 0, -224.59553838452, -150.266541330712, 2.16662
0 0 0 0 0, -166.969751515317, 129.853980996685, 2.16662
0 0 0 0 0, 58.9673542904913, -184.448586879044, 2.16662
0 0 0 0 0, 213.629172939999, -235.130085088868, 2.16662
0 0 0 0 0, -11.9616106635367, 219.968082856588, 2.16662
0 0 0 0 0, -153.690147744763, 180.653013854746, 2.16662
0 0 0 0 0, 126.074015898639, -243.521287328418, 2.16662
0 0 0 0 0, -29.3028205940161, -178.812491998806, 2.16662
0 0 0 0 0, 194.727289107075, -17.89922713608, 2.16662
0 0 0 0 0, 19.235095760978, -265.087792531046, 2.16662
0 0 0 0 0, 56.5710686469076, -28.4451992842622, 2.16662
0 0 0 0 0, -254.639305068599, -108.925492695335, 2.16662
0 0 0 0 0, 141.653479397907, 249.171293979311, 2.16662
0 0 0 0 0, -179.319728657545, -14.715288243985, 2.16662
0 0 0 0 0, 38.4057769057286, 156.760984445371, 2.16662
0 0 0 0 0, 74.5443062022739, 255.810751422816, 2.16662
0 0 0 0 0, 150.890930855597, 246.860197894802, 2.16662
0 0 0 0 0, -64.6183140393696, -156.612059272111, 2.16662
0 0 0 0 0, -140.930657785004, -102.515676963779, 2.16662
0 0 0 0 0, -72.6647077116233, 170.570252711375, 2.16662
0 0 0 0 0, 105.674415674074, 158.419657181169, 2.16662
0 0 0 0 0, 80.5956462991274, 216.041672490351, 2.16662
0 0 0 0 0, 124.857252564391, 71.4947420208195, 2.16662
0 0 0 0 0, -62.6771642774377, 79.3601404009196, 2.16662
0 0 0 0 0, 52.1713893351638, 127.296878807979, 2.16662
0 0 0 0 0, -8.86543628892858, 72.2290662040057, 2.16662
0 0 0 0 0, -219.701649951315, -95.0717551967451, 2.16662
0 0 0 0 0, -29.9860294973508, 28.2244166957448, 2.16662
0 0 0 0 0, -27.9558523057779, -57.2653399479695, 2.16662
0 0 0 0 0, 3.1750075672143, -158.251603287711, 2.16662
0 0 0 0 0, 318.90200046705, 21.4885297243961, 2.16662
0 0 0 0 0, 229.967422015189, -226.354035125533, 2.16662
0 0 0 0 0, -172.823770769207, -118.225640914341, 2.16662
0 0 0 0 0, 75.8608333655731, 21.5760659342361, 2.16662
0 0 0 0 0, 154.365508579684, 271.989106113942, 2.16662
0 0 0 0 0, -107.297468069745, -172.13235890031, 2.16662
0 0 0 0 0, -113.739272562694, 49.0002139286701, 2.16662
0 0 0 0 0, 80.8264159078703, 266.082942506124, 2.16662
0 0 0 0 0, -142.21320393424, 109.839473855375, 2.16662
0 0 0 0 0, 108.199045085964, 112.529894736143, 2.16662
0 0 0 0 0, -211.597774079348, 15.50920274919, 2.16662
0 0 0 0 0, -21.5719932701988, -218.82039705867, 2.16662
0 0 0 0 0, -20.1268204552287, 207.804438989069, 2.16662
0 0 0 0 0, 187.722282869822, 203.433506172492, 2.16662
0 0 0 0 0, -164.989513402271, 244.02866362329, 2.16662
0 0 0 0 0, -78.507007137291, -313.031575924022, 2.16662
0 0 0 0 0, -80.248605470041, 229.230969833599, 2.16662
0 0 0 0 0, 1.76970051418648, -61.4818691612654, 2.16662
0 0 0 0 0, -15.7258996389552, -39.7342076045485, 2.16662
0 0 0 0 0, -108.588580976733, 83.5007983686142, 2.16662
0 0 0 0 0, 43.3936702164658, 236.882635761593, 2.16662
0 0 0 0 0, 229.779811680032, 220.49911728637, 2.16662
0 0 0 0 0, -200.253567004762, -214.979690002659, 2.16662
0 0 0 0 0, -75.5155273555753, 302.127780684911, 2.16662
0 0 0 0 0, 98.0340610102676, -289.554950747309, 2.16662
0 0 0 0 0, -69.4230351342053, -92.9312847442659, 2.16662
0 0 0 0 0, -100.413736239826, -287.934946364254, 2.16662
0 0 0 0 0, -228.539039473442, -13.1658619393143, 2.16662
0 0 0 0 0, 45.5160448681244, -237.232336069021, 2.16662
0 0 0 0 0, 44.707785683102, 76.7361505546095, 2.16662
0 0 0 0 0, 60.2738667319818, -191.278111011515, 2.16662
0 0 0 0 0, -251.758857668994, 98.3695261451917, 2.16662
0 0 0 0 0, 21.880723388517, 42.1892458939747, 2.16662
0 0 0 0 0, 108.318569250673, 74.4390103201302, 2.16662
0 0 0 0 0, -222.080483427285, -52.3747447694205, 2.16662
0 0 0 0 0, 87.6467324441277, -85.1549020325109, 2.16662
0 0 0 0 0, 169.614414369729, 207.47501502341, 2.16662
0 0 0 0 0, 153.897583005984, 65.7520437206623, 2.16662
0 0 0 0 0, 66.8258821214726, -242.833085322023, 2.16662
0 0 0 0 0, 109.247651456306, -252.847311442124, 2.16662
0 0 0 0 0, -88.8075588675994, -242.424819329224, 2.16662
0 0 0 0 0, -20.4400053395074, -155.386232922535, 2.16662
0 0 0 0 0, 8.00005341184118, 148.498803321047, 2.16662
0 0 0 0 0, 41.0946031095824, -9.32453346937604, 2.16662
0 0 0 0 0, -41.6122746887423, -13.1189143411431, 2.16662
0 0 0 0 0, -189.726477492626, 112.512044474341, 2.16662
0 0 0 0 0, -20.1760574400797, -141.445054884302, 2.16662
0 0 0 0 0, -185.910772711528, -201.41880686495, 2.16662
0 0 0 0 0, 155.737721840208, -37.45525087251, 2.16662
0 0 0 0 0, -272.064468859609, -113.014484281036, 2.16662
0 0 0 0 0, -24.5131975381745, 90.2453105491956, 2.16662
0 0 0 0 0, 230.931642555168, 224.719431799535, 2.16662
0 0 0 0 0, 0.598449563694366, 134.698955215244, 2.16662
0 0 0 0 0, 158.739024378588, -253.891625127953, 2.16662
0 0 0 0 0, 43.4197745724673, -114.118895123901, 2.16662
0 0 0 0 0, -125.071575974908, -136.866076621782, 2.16662
0 0 0 0 0, 153.480725601028, -190.972119905284, 2.16662
0 0 0 0 0, -25.3984415753376, -82.880277767937, 2.16662
0 0 0 0 0, -186.475028809882, -8.50019681011819, 2.16662
0 0 0 0 0, -157.413796090732, 30.3608123260635, 2.16662
0 0 0 0 0, -177.933972173729, -201.328194877514, 2.16662
0 0 0 0 0, -171.731034479118, 117.729146886991, 2.16662
0 0 0 0 0, -233.711664567641, -84.7314387442116, 2.16662
0 0 0 0 0, -290.569101064152, -126.359343558318, 2.16662
0 0 0 0 0, -103.498214113372, -21.151239254454, 2.16662
0 0 0 0 0, -52.2663201110211, 283.932987839545, 2.16662
0 0 0 0 0, 193.352681894271, 70.7131335456894, 2.16662
0 0 0 0 0, -206.775741898077, -30.5758262402972, 2.16662
0 0 0 0 0, 77.0031526171784, -285.835077774597, 2.16662
0 0 0 0 0, 188.320392716261, -192.282352011762, 2.16662
0 0 0 0 0, 91.9785971919013, -95.9173653060205, 2.16662
0 0 0 0 0, 309.832886210699, 55.801233272023, 2.16662
0 0 0 0 0, 74.3083323191814, -202.769828535991, 2.16662
0 0 0 0 0, 230.380213811426, -203.596030150143, 2.16662
0 0 0 0 0, -296.701623198012, -85.3661413133715, 2.16662
0 0 0 0 0, 85.1972950583733, -254.067756122405, 2.16662
0 0 0 0 0, -204.054292107365, 121.71055924978, 2.16662
0 0 0 0 0, -51.9954067679801, 6.02910051747362, 2.16662
0 0 0 0 0, -236.717084450707, 218.743318548685, 2.16662
0 0 0 0 0, 47.2935922191866, -29.5085954711716, 2.16662
0 0 0 0 0, 177.4441180477, -239.120617218259, 2.16662
0 0 0 0 0, 46.6524108671518, -161.17873005697, 2.16662
0 0 0 0 0, 129.591430062327, 210.298149691183, 2.16662
0 0 0 0 0, 56.8222227867952, 70.4449117476144, 2.16662
0 0 0 0 0, -199.528393670404, -173.617309264221, 2.16662
0 0 0 0 0, -71.0350134672721, -147.599515897107, 2.16662
0 0 0 0 0, 234.393686728426, 197.786636734589, 2.16662
0 0 0 0 0, 154.976131700848, -174.599514143207, 2.16662
0 0 0 0 0, 112.098363636431, -280.144262941292, 2.16662
0 0 0 0 0, -175.47922508307, -158.453838342922, 2.16662
0 0 0 0 0, 30.2271099385385, 33.6915544916701, 2.16662
0 0 0 0 0, 42.5113553089653, -308.239089748832, 2.16662
0 0 0 0 0, 92.7591149223324, -308.811679762189, 2.16662
0 0 0 0 0, -25.8338241012561, 182.259944485529, 2.16662
0 0 0 0 0, 279.001902709309, 63.9832816182638, 2.16662
0 0 0 0 0, -174.998306702452, -267.083283155987, 2.16662
0 0 0 0 0, 193.688002294014, 233.7515787068, 2.16662
0 0 0 0 0, 130.604773844072, 175.023220820084, 2.16662
0 0 0 0 0, -128.470073820032, -67.6319355100838, 2.16662
0 0 0 0 0, -132.18684196527, 21.947012761103, 2.16662
0 0 0 0 0, -151.865870028824, 159.653259469173, 2.16662
0 0 0 0 0, 108.980703647272, -288.198438244951, 2.16662
0 0 0 0 0, 92.7395102540996, -13.1374294357869, 2.16662
0 0 0 0 0, -32.0146209279197, 139.369677968518, 2.16662
0 0 0 0 0, -151.452283211126, -36.3193985695886, 2.16662
0 0 0 0 0, -65.3922428498588, 24.3303759515491, 2.16662
0 0 0 0 0, 123.307973701502, -228.42750214001, 2.16662
0 0 0 0 0, 104.494741505732, 259.67370859897, 2.16662
0 0 0 0 0, 231.145591400133, 77.0700534086935, 2.16662
0 0 0 0 0, -80.6872595404536, 125.455773115368, 2.16662
0 0 0 0 0, 207.991345032735, 189.668737298091, 2.16662
0 0 0 0 0, -151.875261964392, -5.09185921015538, 2.16662
0 0 0 0 0, -72.0789681355125, 7.96005856673756, 2.16662
0 0 0 0 0, 116.730941631469, 109.610749570303, 2.16662
0 0 0 0 0, -232.768680821197, -3.33612992318315, 2.16662
0 0 0 0 0, 216.25375399009, 222.713598600243, 2.16662
0 0 0 0 0, 128.713659122233, 19.1644416701371, 2.16662
0 0 0 0 0, 259.420906251663, -153.189892976155, 2.16662
0 0 0 0 0, 297.70468960939, 41.7650161161886, 2.16662
0 0 0 0 0, -160.047191363528, -246.753627309185, 2.16662
0 0 0 0 0, -73.4429047613345, -311.213866781013, 2.16662
0 0 0 0 0, -185.329473364821, 86.0889279250512, 2.16662
0 0 0 0 0, 292.6828456517, 6.89120369905009, 2.16662
0 0 0 0 0, 143.793201332782, -256.680693412191, 2.16662
0 0 0 0 0, -28.5540527147783, 280.023156986417, 2.16662
0 0 0 0 0, 198.017408063539, 118.178483253043, 2.16662
0 0 0 0 0, 6.12620262273513, 185.882457612542, 2.16662
0 0 0 0 0, 88.2707587685608, -110.416389699441, 2.16662
0 0 0 0 0, -77.8198817187344, -106.245441073634, 2.16662
0 0 0 0 0, -109.858787582321, -259.073672523111, 2.16662
0 0 0 0 0, -5.04861375157195, 43.3123329615983, 2.16662
0 0 0 0 0, 190.748597998635, 133.506660815168, 2.16662
0 0 0 0 0, 269.381247013004, -167.736394532858, 2.16662
0 0 0 0 0, 205.032150564952, 208.468797916756, 2.16662
0 0 0 0 0, -55.3714138609128, -69.0051636013657, 2.16662
0 0 0 0 0, -111.290558392786, 72.8790416135766, 2.16662
0 0 0 0 0, -237.788936603044, -41.3288363278992, 2.16662
0 0 0 0 0, 51.143357680395, -103.765317943272, 2.16662
0 0 0 0 0, 94.1491199346588, -241.131862512419, 2.16662
0 0 0 0 0, 134.550882955657, -257.640444219133, 2.16662
0 0 0 0 0, -265.488453816461, 107.458570035858, 2.16662
0 0 0 0 0, 275.544510444735, 131.453076721233, 2.16662
0 0 0 0 0, 94.1175010185879, 138.268856222732, 2.16662
0 0 0 0 0, -275.48032028025, 115.510712184028, 2.16662
0 0 0 0 0, 31.2984920033566, 159.248393509517, 2.16662
0 0 0 0 0, -52.2760917820689, 144.484070402662, 2.16662
0 0 0 0 0, -59.1282026216767, -26.775592834457, 2.16662
0 0 0 0 0, -262.587493716363, 133.087000244484, 2.16662
0 0 0 0 0, 213.443439508086, 201.846173074432, 2.16662
0 0 0 0 0, -202.167921417188, 239.758193557124, 2.16662
0 0 0 0 0, 62.2210147186242, -62.8240182805921, 2.16662
0 0 0 0 0, 76.0099051574232, -28.0235482756522, 2.16662
0 0 0 0 0, 228.508054159062, -42.9394912103604, 2.16662
0 0 0 0 0, -298.572682007163, -126.581479194643, 2.16662
0 0 0 0 0, -125.576868644946, -164.577224172914, 2.16662
0 0 0 0 0, 33.9715097461083, -262.434422270151, 2.16662
0 0 0 0 0, 129.593330173445, -193.969842611222, 2.16662
0 0 0 0 0, -241.881071188615, 58.5220022474308, 2.16662
0 0 0 0 0, -126.625029070746, 215.692869054241, 2.16662
0 0 0 0 0, -13.7887596593212, -18.0715708912477, 2.16662
0 0 0 0 0, 103.889152751553, 42.8914292459736, 2.16662
0 0 0 0 0, 312.08980538566, 88.9124503978429, 2.16662
0 0 0 0 0, 188.958452594015, 171.484920054509, 2.16662
0 0 0 0 0, 49.4986108916436, -207.769025850147, 2.16662
0 0 0 0 0, -18.3026678090903, -102.483571949817, 2.16662
0 0 0 0 0, 264.278305560892, 69.9545285148695, 2.16662
0 0 0 0 0, 181.096766688042, 91.8244533699923, 2.16662
0 0 0 0 0, 125.256775340824, 147.516630029314, 2.16662
0 0 0 0 0, 147.975258238985, 132.182240830563, 2.16662
0 0 0 0 0, -132.624297158274, -245.55876419014, 2.16662
0 0 0 0 0, -80.3341137444997, -301.179579888308, 2.16662
0 0 0 0 0, -50.0144497229581, -301.213282581171, 2.16662
0 0 0 0 0, 2.15769500478781, -288.574340077885, 2.16662
0 0 0 0 0, 44.7139119223646, -257.917854545275, 2.16662
0 0 0 0 0, 125.252732773264, -287.107018511895, 2.16662
0 0 0 0 0, -191.254007714547, -221.852052744202, 2.16662
0 0 0 0 0, -118.315307032259, -178.544655919426, 2.16662
0 0 0 0 0, -80.6069302525027, -198.891018841865, 2.16662
0 0 0 0 0, -1.08669351030998, -184.129986580345, 2.16662
0 0 0 0 0, 67.6880787758764, -222.329224015221, 2.16662
0 0 0 0 0, 201.842658429796, -188.866225736148, 2.16662
0 0 0 0 0, -283.484013550887, -107.923593301718, 2.16662
0 0 0 0 0, -159.470037354691, -115.237471226597, 2.16662
0 0 0 0 0, -101.060946172603, -140.42356044275, 2.16662
0 0 0 0 0, -1.93958508654834, -123.720612985417, 2.16662
0 0 0 0 0, 0.818825504936749, -130.44426159206, 2.16662
0 0 0 0 0, 81.5721969475964, -122.116608374604, 2.16662
0 0 0 0 0, -288.80620850465, -56.8053478930908, 2.16662
0 0 0 0 0, -172.091683479496, -17.8299216639251, 2.16662
0 0 0 0 0, -120.745343721373, -79.5964803138151, 2.16662
0 0 0 0 0, -40.7872805941862, -55.1580940497418, 2.16662
0 0 0 0 0, -1.2268312969964, -10.8099449226773, 2.16662
0 0 0 0 0, 69.4692891996979, -57.6326060205787, 2.16662
0 0 0 0 0, -242.18471309357, 5.39038979055737, 2.16662
0 0 0 0 0, -163.455433833024, 6.03805838415303, 2.16662
0 0 0 0 0, -91.993940578183, 22.8956917650257, 2.16662
0 0 0 0 0, -24.790117598004, 17.8117888718644, 2.16662
0 0 0 0 0, 48.4381511704486, 7.5106639274412, 2.16662
0 0 0 0 0, 111.174267013373, 2.75251484768775, 2.16662
0 0 0 0 0, -248.906863809766, 105.846749301863, 2.16662
0 0 0 0 0, -218.271992522943, 78.2258850171846, 2.16662
0 0 0 0 0, -142.681345105434, 99.392471795903, 2.16662
0 0 0 0 0, -65.024570941271, 45.2199914244752, 2.16662
0 0 0 0 0, 73.7215603124917, 74.5802214027916, 2.16662
0 0 0 0 0, 269.213735993899, 54.5442615525587, 2.16662
0 0 0 0 0, -246.31982666286, 144.534119097466, 2.16662
0 0 0 0 0, -112.7355487718, 159.134755763337, 2.16662
0 0 0 0 0, -25.2890856592126, 191.201397399024, 2.16662
0 0 0 0 0, 7.04750196946299, 156.352951058806, 2.16662
0 0 0 0 0, 139.495518007111, 143.337754005594, 2.16662
0 0 0 0 0, 218.639147651598, 176.77758335461, 2.16662
0 0 0 0 0, -113.418638844535, 253.685694842505, 2.16662
0 0 0 0 0, -89.3426572447303, 295.443606234389, 2.16662
0 0 0 0 0, -8.86459841869939, 252.397309307182, 2.16662
0 0 0 0 0, 51.5961039621941, 283.013389211073, 2.16662
0 0 0 0 0, 69.6612441884979, 300.209501741071, 2.16662
0 0 0 0 0, 177.689692595602, 242.346638769007, 2.16662
-1 0 0 0 0, 0, 0, 3.175
