0 0 0 0 0, 211.046233053781, 223.632983989477, 3.175
0 0 0 0 0, 179.526833243845, -161.024458818414, 3.175
0 0 0 0 0, -199.575597992551, -198.955509616255, 3.175
0 0 0 0 0, 104.889873182538, -233.666574541197, 3.175
0 0 0 0 0, 83.0835674778214, -213.238543702657, 3.175
0 0 0 0 0, 204.756839982422, -128.024113432838, 2.16662
0 0 0 0 0, 204.69487677415, -130.564697134955, 2.16662
0 0 0 0 0, 85.9499250521492, -262.628782820846, 2.16662
0 0 0 0 0, 85.9397075655567, -265.170618193971, 2.16662
0 0 0 0 0, -104.79794071264, -272.904892349471, 2.16662
0 0 0 0 0, -104.599347850558, -275.439220895355, 2.16662
0 0 0 0 0, -226.8654387215, -121.049133150581, 2.16662
0 0 0 0 0, -227.069658024799, -123.582311835386, 2.16662
0 0 0 0 0, -205.49999022955, 126.560585823896, 2.16662
0 0 0 0 0, -205.408189525111, 129.100256861213, 2.16662
0 0 0 0 0, -90.4548004346518, 244.216915587621, 2.16662
0 0 0 0 0, -90.0705896514968, 246.72928375787, 2.16662
0 0 0 0 0, 118.68579550004, 267.714205455789, 2.16662
0 0 0 0 0, 118.592909896091, 270.254609552771, 2.16662
0 0 0 0 0, 223.027985773262, 142.088647282936, 2.16662
0 0 0 0 0, 222.803681602083, 144.620134353694, 2.16662
0 0 0 0 0, 16.4609415015513, 63.1665333905685, 2.16662
0 0 0 0 0, 17.7779525411207, 65.3400203635768, 2.16662
0 0 0 0 0, -13.5634477923376, -61.8303388915398, 2.16662
0 0 0 0 0, -14.9036636047847, -63.9895718038958, 2.16662
0 0 0 0 0, 98.8917085494708, -132.219053316126, 2.16662
0 0 0 0 0, 98.9152484462113, -134.760251377457, 2.16662
0 0 0 0 0, -142.116242367334, -219.474324915225, 2.16662
0 0 0 0 0, 302.986022636268, -66.939938427858, 2.16662
0 0 0 0 0, 23.10589819754, -82.519106106618, 2.16662
0 0 0 0 0, 169.189991125877, 261.416626553118, 2.16662
0 0 0 0 0, -201.669103159573, -169.655361067155, 2.16662
0 0 0 0 0, -174.658769127102, -35.6675942723696, 2.16662
0 0 0 0 0, -9.35448852237087, -233.405974622092, 2.16662
0 0 0 0 0, 220.654157096666, -199.375647465406, 2.16662
0 0 0 0 0, 121.775511305114, 73.9226482258692, 2.16662
0 0 0 0 0, -37.7827546252956, 175.752601473645, 2.16662
0 0 0 0 0, 136.230486271249, 67.1993621209751, 2.16662
0 0 0 0 0, -166.520023984342, -14.6452177761872, 2.16662
0 0 0 0 0, 16.1447065996248, -62.7682429264332, 2.16662
0 0 0 0 0, 260.948977654413, -33.8453094029517, 2.16662
0 0 0 0 0, -216.139502977767, -64.2346072000654, 2.16662
0 0 0 0 0, -95.5432032329688, 161.91460167479, 2.16662
0 0 0 0 0, 214.043663115306, 103.49799008563, 2.16662
0 0 0 0 0, -7.85072771844898, 304.517676913192, 2.16662
0 0 0 0 0, -117.814651209979, -127.662626450113, 2.16662
0 0 0 0 0, -18.5842227526614, -98.1716847761553, 2.16662
0 0 0 0 0, -61.166929635821, -146.306441726985, 2.16662
0 0 0 0 0, 14.2214861604566, 127.133865339385, 2.16662
0 0 0 0 0, -154.990603911362, 212.057956526662, 2.16662
0 0 0 0 0, -158.684980301957, -185.408889239471, 2.16662
0 0 0 0 0, 162.22805907562, 52.5333515071126, 2.16662
0 0 0 0 0, -116.653706361775, 24.3354953473565, 2.16662
0 0 0 0 0, 224.039179653654, -70.9659321160579, 2.16662
0 0 0 0 0, -90.9093948071576, -24.3141879035321, 2.16662
0 0 0 0 0, -79.253267687965, 14.4581166294689, 2.16662
0 0 0 0 0, 20.1543087823684, -180.033186427261, 2.16662
0 0 0 0 0, -253.202868173548, -91.8085515416334, 2.16662
0 0 0 0 0, -108.372982707882, -154.754227181826, 2.16662
0 0 0 0 0, -168.009854270627, -86.0772000342331, 2.16662
0 0 0 0 0, -246.608746895628, -4.52154001976387, 2.16662
0 0 0 0 0, -57.7924524508349, 228.719378423519, 2.16662
0 0 0 0 0, 10.3399859298153, 216.391015928074, 2.16662
0 0 0 0 0, -181.003322033904, 193.837922011739, 2.16662
0 0 0 0 0, 96.1580131244638, 309.423353511385, 2.16662
0 0 0 0 0, -25.2598751143179, 43.5524451770298, 2.16662
0 0 0 0 0, 146.712620184822, -64.9460113896946, 2.16662
0 0 0 0 0, -128.236706138124, 8.21628342144407, 2.16662
0 0 0 0 0, 1.98499318071823, -56.017531976891, 2.16662
0 0 0 0 0, -102.553301377742, -95.3069833219601, 2.16662
0 0 0 0 0, -147.131549413457, -266.780500893466, 2.16662
0 0 0 0 0, -65.1307893688764, 231.523527717512, 2.16662
0 0 0 0 0, 123.847258768305, -267.392206516057, 2.16662
0 0 0 0 0, -210.793212052478, -96.0677739344641, 2.16662
0 0 0 0 0, -221.576981196517, 206.913351089797, 2.16662
0 0 0 0 0, 88.6443728023887, 178.486583153268, 2.16662
0 0 0 0 0, 240.275749487432, -158.895356121312, 2.16662
0 0 0 0 0, 71.3699406442408, -218.19945247815, 2.16662
0 0 0 0 0, 40.2140996816741, -272.062947261222, 2.16662
0 0 0 0 0, 23.9034067131679, -255.398120703754, 2.16662
0 0 0 0 0, 182.490127570261, -243.436044521806, 2.16662
0 0 0 0 0, 283.935201028623, 74.565934119564, 2.16662
0 0 0 0 0, 296.727758059845, 14.4729394053566, 2.16662
0 0 0 0 0, 96.9396474893993, -11.0474990165722, 2.16662
0 0 0 0 0, 273.299962469684, -137.369608131825, 2.16662
0 0 0 0 0, -68.2378242271809, -35.8374006189531, 2.16662
0 0 0 0 0, -98.7922883134768, -99.7235078236626, 2.16662
0 0 0 0 0, 84.5573536618336, 31.0570498473198, 2.16662
0 0 0 0 0, 68.1099982612092, -261.619008085535, 2.16662
0 0 0 0 0, 300.255908549359, -15.4464833426295, 2.16662
0 0 0 0 0, -249.757687027029, 96.5416676067175, 2.16662
0 0 0 0 0, -217.050387946941, 106.482491503191, 2.16662
0 0 0 0 0, 123.596320448188, 150.610090558634, 2.16662
0 0 0 0 0, 180.033234559112, 207.250774023599, 2.16662
0 0 0 0 0, -66.594916652986, -146.83121723328, 2.16662
0 0 0 0 0, 125.557732028456, 283.10898559456, 2.16662
0 0 0 0 0, 270.583220277952, 64.9217328634673, 2.16662
0 0 0 0 0, -104.30743892596, 77.9289792215053, 2.16662
0 0 0 0 0, 294.331802599322, -124.094898075132, 2.16662
0 0 0 0 0, 48.2207699300148, 268.845525007818, 2.16662
0 0 0 0 0, 274.284694366583, -148.886009033827, 2.16662
0 0 0 0 0, -43.3801109320592, -211.976946532388, 2.16662
0 0 0 0 0, -193.522604017384, 167.3017526222, 2.16662
0 0 0 0 0, 97.2445969156476, -157.762801573789, 2.16662
0 0 0 0 0, -196.571495068714, -241.652711123117, 2.16662
0 0 0 0 0, -60.5785917996609, 88.8757932658765, 2.16662
0 0 0 0 0, -166.590505606275, -40.4354271611162, 2.16662
0 0 0 0 0, -124.597872055038, 11.1097883659392, 2.16662
0 0 0 0 0, 78.011447687219, -169.423269197876, 2.16662
0 0 0 0 0, 224.624814031787, 49.414882984473, 2.16662
0 0 0 0 0, -187.879179185401, -161.130740180379, 2.16662
0 0 0 0 0, 29.1794467263733, -45.7083808458482, 2.16662
0 0 0 0 0, -233.441306588272, -1.2255151959388, 2.16662
0 0 0 0 0, -296.127098310231, -3.00569629325233, 2.16662
0 0 0 0 0, -34.7217762963406, -216.811318554779, 2.16662
0 0 0 0 0, 153.673637111898, -56.8158247247477, 2.16662
0 0 0 0 0, 123.160061596646, -182.218370035637, 2.16662
0 0 0 0 0, 142.785277633856, 47.7054660376397, 2.16662
0 0 0 0 0, -5.61387959672105, 33.6662694279188, 2.16662
0 0 0 0 0, -70.9109399649684, 98.6392810105559, 2.16662
0 0 0 0 0, -252.889637569129, -50.8245341646156, 2.16662
0 0 0 0 0, 247.146585239681, -56.3575389480613, 2.16662
0 0 0 0 0, 138.301190343764, 160.309074950227, 2.16662
0 0 0 0 0, 0.70603257502391, 102.200774866507, 2.16662
0 0 0 0 0, 304.539105212671, 21.6994068890869, 2.16662
0 0 0 0 0, 142.971379286665, -129.640873349263, 2.16662
0 0 0 0 0, 166.33328468432, -121.044130936065, 2.16662
0 0 0 0 0, -60.4213669285542, -261.874638331993, 2.16662
0 0 0 0 0, -220.244841845237, -106.563905814329, 2.16662
0 0 0 0 0, -267.932818910174, 17.166096083907, 2.16662
0 0 0 0 0, 160.293280414323, -219.917732222879, 2.16662
0 0 0 0 0, 170.944097370113, 96.083994339226, 2.16662
0 0 0 0 0, 258.237358971129, 61.8454286767536, 2.16662
0 0 0 0 0, 144.276515653763, 15.3460211422531, 2.16662
0 0 0 0 0, -61.8977365761881, 251.488651986143, 2.16662
0 0 0 0 0, -30.1324654348389, 177.838906247807, 2.16662
0 0 0 0 0, 194.517198877688, -197.005686195126, 2.16662
0 0 0 0 0, -8.16157859834742, 161.029642926127, 2.16662
0 0 0 0 0, 143.643359693083, -166.926708025514, 2.16662
0 0 0 0 0, 83.1660035271381, 137.083046448695, 2.16662
0 0 0 0 0, -50.1252743011719, 99.9811512154443, 2.16662
0 0 0 0 0, -192.241380197969, 6.17240582564638, 2.16662
0 0 0 0 0, -9.38016824117473, 131.016621894877, 2.16662
0 0 0 0 0, 179.385738741234, -6.36010974511895, 2.16662
0 0 0 0 0, 23.5386830797118, 160.140341340435, 2.16662
0 0 0 0 0, 33.2353189976396, -235.959200419121, 2.16662
0 0 0 0 0, 109.277313439864, -38.7704917731017, 2.16662
0 0 0 0 0, 146.504403571821, -110.333857108372, 2.16662
0 0 0 0 0, 2.30380799099266, 126.015334355389, 2.16662
0 0 0 0 0, 117.077756003057, -279.540358750261, 2.16662
0 0 0 0 0, 178.006824438176, -171.603632372933, 2.16662
0 0 0 0 0, -160.960828395019, -158.219934018983, 2.16662
0 0 0 0 0, -257.342234752135, -74.036470486134, 2.16662
0 0 0 0 0, -183.430323017351, -211.783266742328, 2.16662
0 0 0 0 0, -181.035302885525, -219.518040400621, 2.16662
0 0 0 0 0, -76.1606469496578, -41.5952975893175, 2.16662
0 0 0 0 0, -54.3140712816297, -62.9254311526116, 2.16662
0 0 0 0 0, 167.997038352192, -235.696212457036, 2.16662
0 0 0 0 0, -141.902997715391, -137.683881917167, 2.16662
0 0 0 0 0, -9.86637281298311, 14.6813121365047, 2.16662
0 0 0 0 0, 223.069987861471, -45.2376717165073, 2.16662
0 0 0 0 0, -16.7520709567029, 28.6891091491381, 2.16662
0 0 0 0 0, 146.333313024212, -207.820070196659, 2.16662
0 0 0 0 0, 68.8216302293073, -6.49927067707793, 2.16662
0 0 0 0 0, 82.0990961126463, -108.295186963232, 2.16662
0 0 0 0 0, -46.2420837902254, -15.5484679789125, 2.16662
0 0 0 0 0, -136.051796120161, 155.258015492157, 2.16662
0 0 0 0 0, 141.089647536465, -58.0356122621244, 2.16662
0 0 0 0 0, -204.383059215709, 236.106365936441, 2.16662
0 0 0 0 0, -137.482150855022, 283.674612448466, 2.16662
0 0 0 0 0, -53.4246153289959, 114.753500600924, 2.16662
0 0 0 0 0, -53.1072924574466, -221.041865556142, 2.16662
0 0 0 0 0, 157.196994363646, -82.9643830075381, 2.16662
0 0 0 0 0, 189.878986211032, 17.8754121786866, 2.16662
0 0 0 0 0, 228.920598225656, 65.1898738272446, 2.16662
0 0 0 0 0, 126.200422129795, -24.7220808492744, 2.16662
0 0 0 0 0, 95.7592904223268, 217.539872406358, 2.16662
0 0 0 0 0, -201.116799941232, 139.583417351103, 2.16662
0 0 0 0 0, 9.4530314872804, 198.395553223201, 2.16662
0 0 0 0 0, -197.756081389555, 20.3855564675524, 2.16662
0 0 0 0 0, -48.2162649224895, 10.983453143483, 2.16662
0 0 0 0 0, -255.033085684358, 199.208537206757, 2.16662
0 0 0 0 0, -66.3783311477369, -71.6451518857915, 2.16662
0 0 0 0 0, -92.86202495478, -82.3629025142724, 2.16662
0 0 0 0 0, -210.036269053511, -31.8385843113904, 2.16662
0 0 0 0 0, -63.1413710342609, 51.8701995939693, 2.16662
0 0 0 0 0, 287.123414478472, 114.844437012641, 2.16662
0 0 0 0 0, 249.053292486783, -27.1300370583178, 2.16662
0 0 0 0 0, 181.92708737604, 183.102541151281, 2.16662
0 0 0 0 0, 184.347119733925, -49.417923585139, 2.16662
0 0 0 0 0, -48.0875473545264, 319.220022640307, 2.16662
0 0 0 0 0, 4.72356549773676, 73.6066492339781, 2.16662
0 0 0 0 0, -322.082007151985, 1.38022192599367, 2.16662
0 0 0 0 0, -270.467117821848, 120.71028855446, 2.16662
0 0 0 0 0, -2.22015477228224, -64.6291766521023, 2.16662
0 0 0 0 0, -25.6956132069684, 306.527869469315, 2.16662
0 0 0 0 0, -32.3749241620458, -258.317872501012, 2.16662
0 0 0 0 0, -197.55549625567, 249.075331879574, 2.16662
0 0 0 0 0, 221.81612627902, 230.132910370277, 2.16662
0 0 0 0 0, 258.27655840652, -38.6926110847416, 2.16662
0 0 0 0 0, -210.809049227012, -13.1891216603348, 2.16662
0 0 0 0 0, -86.5257481533084, 219.82100455526, 2.16662
0 0 0 0 0, -294.44280809388, 79.0351591411831, 2.16662
0 0 0 0 0, 173.472820435304, 34.7568974636048, 2.16662
0 0 0 0 0, 171.062953862492, -242.368829146239, 2.16662
0 0 0 0 0, 243.850299426705, -186.521572818712, 2.16662
0 0 0 0 0, 13.2756735914303, -114.383483791032, 2.16662
0 0 0 0 0, -161.828606863745, -152.823441290824, 2.16662
0 0 0 0 0, -219.054659985296, 165.731256695247, 2.16662
0 0 0 0 0, 202.173554029591, -46.4139202848597, 2.16662
0 0 0 0 0, -268.266528723674, -146.279761926396, 2.16662
0 0 0 0 0, 216.425661330731, 239.455111060233, 2.16662
0 0 0 0 0, -161.429828206949, -173.672573252565, 2.16662
0 0 0 0 0, 269.043925360941, 170.945075145987, 2.16662
0 0 0 0 0, 264.733507727923, -89.8031682279181, 2.16662
0 0 0 0 0, 250.763495415794, 70.5862234544909, 2.16662
0 0 0 0 0, -143.253623437029, 178.085027971869, 2.16662
0 0 0 0 0, -32.7447054960467, -122.542958136807, 2.16662
0 0 0 0 0, 178.546885512109, -187.29676257711, 2.16662
0 0 0 0 0, 30.3625531612365, 144.781816842271, 2.16662
0 0 0 0 0, 94.9235021791015, 304.885334124981, 2.16662
0 0 0 0 0, 314.076882512972, 47.0969074164511, 2.16662
0 0 0 0 0, 18.7784488489019, 299.282692919584, 2.16662
0 0 0 0 0, -20.9579643955319, 279.341873706321, 2.16662
0 0 0 0 0, -156.402818212598, 7.55149660196661, 2.16662
0 0 0 0 0, -0.201435492586527, 20.8580526151849, 2.16662
0 0 0 0 0, 157.649135733077, 267.229790219782, 2.16662
0 0 0 0 0, -126.584766175403, 94.2626012702068, 2.16662
0 0 0 0 0, -14.7877549163131, -268.286979237187, 2.16662
0 0 0 0 0, 88.3926475556574, -250.692705547951, 2.16662
0 0 0 0 0, -304.117667027553, 111.00579744837, 2.16662
0 0 0 0 0, -137.85680696261, 171.366934816213, 2.16662
0 0 0 0 0, -8.15748492903139, 310.440149813786, 2.16662
0 0 0 0 0, -88.9967564447409, -189.612413347908, 2.16662
0 0 0 0 0, -215.392298576555, -188.673083109472, 2.16662
0 0 0 0 0, 167.771096689288, 252.450970381359, 2.16662
0 0 0 0 0, -88.9334023326041, -240.329824603581, 2.16662
0 0 0 0 0, 38.7177013045001, 115.238362108582, 2.16662
0 0 0 0 0, -33.2631848819746, -212.782911674788, 2.16662
0 0 0 0 0, 245.330947189035, 198.8681431424, 2.16662
0 0 0 0 0, -235.651011351791, -196.503871148525, 2.16662
0 0 0 0 0, 0.778025924431109, -47.629623654412, 2.16662
0 0 0 0 0, 36.0893496754094, 279.020463647635, 2.16662
0 0 0 0 0, -156.116884458915, -126.28131085597, 2.16662
0 0 0 0 0, -54.613177735823, -243.774476469254, 2.16662
0 0 0 0 0, 227.905450036336, 76.7698717801082, 2.16662
0 0 0 0 0, -205.873221403178, -61.2533229378938, 2.16662
0 0 0 0 0, -148.708597333175, 29.6957554837056, 2.16662
0 0 0 0 0, 22.9541373895642, 2.58132004899691, 2.16662
0 0 0 0 0, 139.298164456137, -139.468130092196, 2.16662
0 0 0 0 0, -9.33165386329912, 137.897657480463, 2.16662
0 0 0 0 0, -85.7172158783526, -159.105515678544, 2.16662
0 0 0 0 0, -156.352005607272, 86.4055879983054, 2.16662
0 0 0 0 0, 52.5995267355229, 205.235104143393, 2.16662
0 0 0 0 0, -226.294838431956, -24.787837475024, 2.16662
0 0 0 0 0, -236.098164082941, -83.6418472780734, 2.16662
0 0 0 0 0, -223.697510910348, -51.4473913744536, 2.16662
0 0 0 0 0, -109.553255923356, -284.638131787912, 2.16662
0 0 0 0 0, -89.9884325090668, 289.42427727129, 2.16662
0 0 0 0 0, -81.6098344556772, 273.849166884627, 2.16662
0 0 0 0 0, 215.436591425941, -197.147544859744, 2.16662
0 0 0 0 0, -44.4899870557253, -254.626053163812, 2.16662
0 0 0 0 0, 210.545840286032, 38.5922597807167, 2.16662
0 0 0 0 0, -67.3279442610342, 8.94526210892315, 2.16662
0 0 0 0 0, 296.83773992894, -106.00475210806, 2.16662
0 0 0 0 0, -25.9461092070319, 286.949008275434, 2.16662
0 0 0 0 0, -131.812025094925, -23.9378170894414, 2.16662
0 0 0 0 0, 258.791068154451, -153.156535863649, 2.16662
0 0 0 0 0, 48.1469334980199, 176.537616919001, 2.16662
0 0 0 0 0, 216.941366488229, 17.577691289819, 2.16662
0 0 0 0 0, -194.804842619636, -54.9990371445302, 2.16662
0 0 0 0 0, -291.953535084693, 90.2260686952892, 2.16662
0 0 0 0 0, -111.512774773225, -256.947352091934, 2.16662
0 0 0 0 0, 228.691901844856, -59.4739598061735, 2.16662
0 0 0 0 0, 207.504730589441, -94.2788089209452, 2.16662
0 0 0 0 0, 246.08599671732, -68.7389330450874, 2.16662
0 0 0 0 0, 290.975614040805, 82.7370786996448, 2.16662
0 0 0 0 0, 85.948335987294, 146.987190831578, 2.16662
0 0 0 0 0, 16.0103972228608, 114.039628326494, 2.16662
0 0 0 0 0, 164.465113665894, -204.965191624178, 2.16662
0 0 0 0 0, 48.7966243059938, 148.218001742983, 2.16662
0 0 0 0 0, -151.973319496797, -190.706062819257, 2.16662
0 0 0 0 0, -89.7011096650458, -108.766304987094, 2.16662
0 0 0 0 0, -259.236671169076, -156.197047404307, 2.16662
0 0 0 0 0, -144.010498086767, -67.1307465879727, 2.16662
0 0 0 0 0, -21.8729102249863, -223.602613240413, 2.16662
0 0 0 0 0, -41.5641957050375, -111.204265090337, 2.16662
0 0 0 0 0, 38.4474299853039, -69.7604622578276, 2.16662
0 0 0 0 0, 37.5015404423319, -251.130576356341, 2.16662
0 0 0 0 0, 186.35016896244, -164.124978841232, 2.16662
0 0 0 0 0, 158.231294758403, -47.8205488490872, 2.16662
0 0 0 0 0, -174.752995822591, 258.211883393994, 2.16662
0 0 0 0 0, -127.535358933367, 74.9193048963014, 2.16662
0 0 0 0 0, -80.1495970122482, 92.5710405932484, 2.16662
0 0 0 0 0, -90.0688292484657, 220.333414795037, 2.16662
0 0 0 0 0, 72.986749281822, 100.318105604433, 2.16662
0 0 0 0 0, 129.220846823304, 75.3073796249147, 2.16662
0 0 0 0 0, 209.424826644165, 56.7497686218386, 2.16662
0 0 0 0 0, 211.500739539372, 172.809163116974, 2.16662
0 0 0 0 0, 113.376297955342, -304.037562139851, 2.16662
0 0 0 0 0, -144.57642764226, 286.577868553375, 2.16662
0 0 0 0 0, -12.416612684948, -282.784598081419, 2.16662
0 0 0 0 0, 180.785289265113, 193.51696317934, 2.16662
0 0 0 0 0, -14.1006739428442, 216.580176327388, 2.16662
0 0 0 0 0, 178.17880505789, 225.793609506397, 2.16662
0 0 0 0 0, -105.807014154321, -210.997215817904, 2.16662
0 0 0 0 0, -210.70436039718, -119.515245209178, 2.16662
0 0 0 0 0, 305.662833614996, -7.14594739668892, 2.16662
0 0 0 0 0, -164.444139157516, 242.749643329183, 2.16662
0 0 0 0 0, 46.2229887559344, -294.075989086922, 2.16662
0 0 0 0 0, -208.963601984818, -238.476246314362, 2.16662
0 0 0 0 0, -139.909039467945, -233.598586672263, 2.16662
0 0 0 0 0, -165.518690421688, -178.284739193824, 2.16662
0 0 0 0 0, -224.623886582869, -150.976843674152, 2.16662
0 0 0 0 0, -275.786571734962, -104.958991094511, 2.16662
0 0 0 0 0, -143.599962058749, -284.247151013937, 2.16662
0 0 0 0 0, -112.56218020094, -246.724266890094, 2.16662
0 0 0 0 0, -76.1700944777654, -271.096951713917, 2.16662
0 0 0 0 0, -52.2666600330739, -279.185896314782, 2.16662
0 0 0 0 0, -25.9624229265979, -281.416935983443, 2.16662
0 0 0 0 0, -8.16361690769475, -254.77473507908, 2.16662
0 0 0 0 0, -2.94775180360313, -242.497318849448, 2.16662
0 0 0 0 0, 3.15334478510811, -291.340839606753, 2.16662
0 0 0 0 0, 14.8281481801868, -245.730584256811, 2.16662
0 0 0 0 0, 52.3572978503282, -273.94581757865, 2.16662
0 0 0 0 0, 45.8688479641904, -301.88769557868, 2.16662
0 0 0 0 0, 70.5297272212611, -285.136578509435, 2.16662
0 0 0 0 0, 106.398237365509, -279.590845256287, 2.16662
0 0 0 0 0, 114.696746768897, -262.364716924496, 2.16662
0 0 0 0 0, 125.550703267246, -252.449610668124, 2.16662
0 0 0 0 0, -200.831186516621, -249.345184801629, 2.16662
0 0 0 0 0, -194.588411730692, -225.885477610135, 2.16662
0 0 0 0 0, -133.710017476378, -229.666000875122, 2.16662
0 0 0 0 0, -123.052850861729, -232.300887812283, 2.16662
0 0 0 0 0, -22.6090859015406, -230.502560693323, 2.16662
0 0 0 0 0, -55.1144280377256, -189.253314022602, 2.16662
0 0 0 0 0, 15.8486379108477, -213.177604519618, 2.16662
0 0 0 0 0, 15.3985246082124, -235.66412839993, 2.16662
0 0 0 0 0, 55.4061625089426, -238.319806377899, 2.16662
0 0 0 0 0, 61.2962807344569, -226.560203795961, 2.16662
0 0 0 0 0, 75.9590530804401, -226.348299831025, 2.16662
0 0 0 0 0, 168.993877581561, -218.60827096793, 2.16662
0 0 0 0 0, 186.26106710803, -224.922795714237, 2.16662
0 0 0 0 0, 202.622366205624, -247.035283288468, 2.16662
0 0 0 0 0, 202.770580672554, -218.565248547627, 2.16662
0 0 0 0 0, -227.829133882337, -187.725515464349, 2.16662
0 0 0 0 0, -197.07431998488, -218.562121169412, 2.16662
0 0 0 0 0, -169.772539928244, -225.929049576568, 2.16662
0 0 0 0 0, -124.80358217406, -174.827916931934, 2.16662
0 0 0 0 0, -112.794692214718, -208.264104305451, 2.16662
0 0 0 0 0, -109.200228867208, -193.649424638746, 2.16662
0 0 0 0 0, -44.6534182094713, -179.196094181117, 2.16662
0 0 0 0 0, -0.181588738777712, -184.570910775061, 2.16662
0 0 0 0 0, -44.1216892484166, -170.417694324078, 2.16662
0 0 0 0 0, 83.3948684986385, -191.521272428059, 2.16662
0 0 0 0 0, 142.814476014835, -186.676529221784, 2.16662
0 0 0 0 0, 169.157331703096, -197.929912042958, 2.16662
0 0 0 0 0, 201.597190606919, -172.899057321337, 2.16662
0 0 0 0 0, 236.897452748481, -183.756288758362, 2.16662
0 0 0 0 0, 214.718690194751, -168.368981175552, 2.16662
0 0 0 0 0, -215.739662458414, -171.376853005877, 2.16662
0 0 0 0 0, -233.30013880459, -164.452693166053, 2.16662
0 0 0 0 0, -181.79396878566, -122.816333359017, 2.16662
0 0 0 0 0, -125.015537030484, -151.090264354723, 2.16662
0 0 0 0 0, -133.005097776798, -139.402780920357, 2.16662
0 0 0 0 0, -119.084460994736, -195.315271700486, 2.16662
0 0 0 0 0, -97.2839550126736, -178.648083758523, 2.16662
0 0 0 0 0, 9.88688135131938, -177.694534938017, 2.16662
0 0 0 0 0, 61.4382516156829, -177.837372961186, 2.16662
0 0 0 0 0, 115.744309686089, -182.098882199958, 2.16662
0 0 0 0 0, 126.419029977433, -162.453820025498, 2.16662
0 0 0 0 0, 167.050421569476, -184.011109068597, 2.16662
0 0 0 0 0, 192.96153133556, -148.843561830048, 2.16662
0 0 0 0 0, 229.449961043679, -156.650278776889, 2.16662
0 0 0 0 0, 251.350735353961, -185.613908863666, 2.16662
0 0 0 0 0, -274.532626726382, -123.340040459466, 2.16662
0 0 0 0 0, -243.761403847913, -153.179507384995, 2.16662
0 0 0 0 0, -221.195955966815, -131.45348274465, 2.16662
0 0 0 0 0, -153.836914527671, -117.701969392293, 2.16662
0 0 0 0 0, -116.529800035148, -155.980095880253, 2.16662
0 0 0 0 0, -79.1023120866537, -164.554129797366, 2.16662
0 0 0 0 0, -64.3616502271343, -170.633780376658, 2.16662
0 0 0 0 0, -62.8147640617073, -131.408566505009, 2.16662
0 0 0 0 0, -73.1950495815283, -181.103694781, 2.16662
0 0 0 0 0, 98.4763140282143, -176.489102524652, 2.16662
0 0 0 0 0, 118.237739894904, -141.061544999568, 2.16662
0 0 0 0 0, 235.636199129495, -164.740282664619, 2.16662
0 0 0 0 0, 255.961987677862, -191.840979679698, 2.16662
0 0 0 0 0, 273.661237531889, -114.928269205167, 2.16662
0 0 0 0 0, 295.763326223172, -94.0937033708594, 2.16662
0 0 0 0 0, -289.018434735104, -104.011945061295, 2.16662
0 0 0 0 0, -232.12048867878, -105.039719789826, 2.16662
0 0 0 0 0, -200.266291055723, -114.029042432601, 2.16662
0 0 0 0 0, -128.890216293762, -118.640377880279, 2.16662
0 0 0 0 0, -124.200654094912, -113.045336458099, 2.16662
0 0 0 0 0, -109.13201816666, -121.318817491416, 2.16662
0 0 0 0 0, -82.2466939223599, -103.008951306184, 2.16662
0 0 0 0 0, -33.6478267635756, -114.489017779376, 2.16662
0 0 0 0 0, -21.9597592048416, -126.3546144267, 2.16662
0 0 0 0 0, 12.6713420328732, -97.6347956575428, 2.16662
0 0 0 0 0, 125.833260738404, -122.431848838657, 2.16662
0 0 0 0 0, 140.709337904549, -99.6083538650687, 2.16662
0 0 0 0 0, 179.413194972592, -79.9902250201467, 2.16662
0 0 0 0 0, 251.015876570338, -79.5709885736376, 2.16662
0 0 0 0 0, 304.913726559272, -54.6059677266381, 2.16662
0 0 0 0 0, -233.475126565769, -61.8731292676894, 2.16662
0 0 0 0 0, -259.566533050909, -110.005926180049, 2.16662
0 0 0 0 0, -241.632699865927, -51.265530999961, 2.16662
0 0 0 0 0, -185.463737746739, -110.000732410763, 2.16662
0 0 0 0 0, -134.987944954863, -93.0629279662316, 2.16662
0 0 0 0 0, -105.323912468318, -68.8605105647323, 2.16662
0 0 0 0 0, -135.339957056061, -102.454290168333, 2.16662
0 0 0 0 0, -76.6576213173365, -70.307579986482, 2.16662
0 0 0 0 0, -8.23992021787123, -92.5925026691318, 2.16662
0 0 0 0 0, 51.310740156646, -90.0218301087268, 2.16662
0 0 0 0 0, 66.3091796248941, -101.989120313571, 2.16662
0 0 0 0 0, 172.509642909215, -57.9712353237959, 2.16662
0 0 0 0 0, 185.454922951966, -71.0672187887928, 2.16662
0 0 0 0 0, 236.298033091621, -58.2787577834975, 2.16662
0 0 0 0 0, 233.497824908612, -44.6905825006393, 2.16662
0 0 0 0 0, -215.575973508871, -56.7207458317888, 2.16662
0 0 0 0 0, -228.276776079219, -42.5326743030368, 2.16662
0 0 0 0 0, -139.193520154938, -53.3377396835098, 2.16662
0 0 0 0 0, -53.2711491054423, -76.4968626692528, 2.16662
0 0 0 0 0, -62.0180804426629, -48.7054309557158, 2.16662
0 0 0 0 0, -30.8283837745892, -56.0511853245471, 2.16662
0 0 0 0 0, 49.5619419235354, -63.2076587819442, 2.16662
0 0 0 0 0, 60.9359369253672, -87.1640023219804, 2.16662
0 0 0 0 0, 135.010714676356, -59.4303582527735, 2.16662
0 0 0 0 0, 140.800391518022, -50.4937342379587, 2.16662
0 0 0 0 0, 169.760653568639, -30.2886746940937, 2.16662
0 0 0 0 0, 224.030434440131, -30.7910484750018, 2.16662
0 0 0 0 0, 252.849005155684, -20.8968389306527, 2.16662
0 0 0 0 0, 225.458125871902, -22.08995029683, 2.16662
0 0 0 0 0, 282.730806833427, -36.2524976451574, 2.16662
0 0 0 0 0, -247.137349151474, -30.9633154314167, 2.16662
0 0 0 0 0, -233.750687675019, -28.3766661397291, 2.16662
0 0 0 0 0, -188.213510814908, -9.79756723385667, 2.16662
0 0 0 0 0, -124.831149332001, -42.7540607714424, 2.16662
0 0 0 0 0, -95.4244138366767, -52.5395775398159, 2.16662
0 0 0 0 0, -3.01946153337534, -13.8010004939824, 2.16662
0 0 0 0 0, -37.7473624509115, -41.446672326261, 2.16662
0 0 0 0 0, 30.10540949042, -5.01381505568665, 2.16662
0 0 0 0 0, 109.927758361797, -20.7256255291514, 2.16662
0 0 0 0 0, 182.020245597571, -29.9146086735848, 2.16662
0 0 0 0 0, 197.343687717135, -62.3802635460126, 2.16662
0 0 0 0 0, 217.048719346794, -14.8370568095924, 2.16662
0 0 0 0 0, 254.805831189073, 1.91548740996268, 2.16662
0 0 0 0 0, 227.028223983296, 19.0427018326533, 2.16662
0 0 0 0 0, 279.259357092751, 44.529021051736, 2.16662
0 0 0 0 0, -200.571814069886, -4.29169009561166, 2.16662
0 0 0 0 0, -201.518014303687, 14.1294948087018, 2.16662
0 0 0 0 0, -228.267370869011, 11.1711891411642, 2.16662
0 0 0 0 0, -185.790631623582, 9.77599320897485, 2.16662
0 0 0 0 0, -143.62532932578, 12.3513234355029, 2.16662
0 0 0 0 0, -122.586708284802, -22.0071526957186, 2.16662
0 0 0 0 0, -97.9335126427284, -18.7905816386897, 2.16662
0 0 0 0 0, -53.7148931138802, -45.1352254107893, 2.16662
0 0 0 0 0, -56.5082253971401, 10.6637761355603, 2.16662
0 0 0 0 0, 86.3314796647294, -4.7831793460479, 2.16662
0 0 0 0 0, 131.127183580412, -17.2826023153928, 2.16662
0 0 0 0 0, 181.308172414115, 13.085443513129, 2.16662
0 0 0 0 0, 293.177102770074, 47.3998586278576, 2.16662
0 0 0 0 0, 296.876617867622, 64.7380972855428, 2.16662
0 0 0 0 0, 270.063085201389, 73.9504135983054, 2.16662
0 0 0 0 0, -313.433674448696, 22.2277696942319, 2.16662
0 0 0 0 0, -288.63496546727, 14.1482546369818, 2.16662
0 0 0 0 0, -263.873086719222, 2.88552265972247, 2.16662
0 0 0 0 0, -249.659716380385, 1.40266209434466, 2.16662
0 0 0 0 0, -242.763216929917, 18.8397650586485, 2.16662
0 0 0 0 0, -164.816619705188, 21.0964168667606, 2.16662
0 0 0 0 0, -118.032886218361, 8.00988296869272, 2.16662
0 0 0 0 0, -106.117313735788, -7.81109844189812, 2.16662
0 0 0 0 0, -118.34868132857, 43.0867596850749, 2.16662
0 0 0 0 0, -47.3118181454895, 37.9267448115001, 2.16662
0 0 0 0 0, -39.9182888011556, 39.2320322672193, 2.16662
0 0 0 0 0, -20.4964206379279, 18.5002029077528, 2.16662
0 0 0 0 0, 19.4110732807807, 11.0941416443784, 2.16662
0 0 0 0 0, 59.361647982701, -13.856454868278, 2.16662
0 0 0 0 0, 273.616243329735, 82.5231437507962, 2.16662
0 0 0 0 0, -217.315699649325, 44.1165176908709, 2.16662
0 0 0 0 0, -127.337316501292, 48.8102796578508, 2.16662
0 0 0 0 0, -132.294130203226, 63.485851851562, 2.16662
0 0 0 0 0, -0.650999188279943, 43.8685427319419, 2.16662
0 0 0 0 0, 10.152959504888, 12.3234069757983, 2.16662
0 0 0 0 0, 12.4226774933812, -0.103104330382433, 2.16662
0 0 0 0 0, 45.2372523768109, 17.4702746386415, 2.16662
0 0 0 0 0, 76.3341532742026, 18.4517160432524, 2.16662
0 0 0 0 0, 151.565334997658, 4.19070741813681, 2.16662
0 0 0 0 0, 175.459671427513, 43.8223664304204, 2.16662
0 0 0 0 0, 190.736286467715, 38.376606844087, 2.16662
0 0 0 0 0, 199.671329384016, 77.7990422641496, 2.16662
0 0 0 0 0, 181.192277029721, 69.3798884916959, 2.16662
0 0 0 0 0, 307.505896346026, 89.9264090229281, 2.16662
0 0 0 0 0, 301.315488978188, 112.029693566698, 2.16662
0 0 0 0 0, -62.846363510814, 74.4748580345303, 2.16662
0 0 0 0 0, -37.2759888975196, 69.2094279905058, 2.16662
0 0 0 0 0, 39.1163450825856, 73.2979002674418, 2.16662
0 0 0 0 0, 111.013218910718, 103.308116199639, 2.16662
0 0 0 0 0, 174.033408642632, 65.0843202296446, 2.16662
0 0 0 0 0, 126.898639164583, 13.6021918114559, 2.16662
0 0 0 0 0, 179.550639554643, 110.546585349863, 2.16662
0 0 0 0 0, 172.219111975092, 117.610728226353, 2.16662
0 0 0 0 0, 199.762925436394, 133.133932639517, 2.16662
0 0 0 0 0, 260.163921603731, 131.650687148832, 2.16662
0 0 0 0 0, 277.04951889374, 120.541775472731, 2.16662
0 0 0 0 0, 271.508192916964, 128.137294877631, 2.16662
0 0 0 0 0, 294.002585838022, 119.51541899503, 2.16662
0 0 0 0 0, 287.470804408968, 139.800154886434, 2.16662
0 0 0 0 0, 219.325728029618, 160.935304202108, 2.16662
0 0 0 0 0, -259.583621668575, 54.8492706682403, 2.16662
0 0 0 0 0, -291.560322541603, 122.589457328011, 2.16662
0 0 0 0 0, -239.876924945017, 85.9673154532628, 2.16662
0 0 0 0 0, -161.493883453669, 76.099771127269, 2.16662
0 0 0 0 0, -138.143963119928, 70.8219849695662, 2.16662
0 0 0 0 0, -122.50568916526, 109.275374165803, 2.16662
0 0 0 0 0, -95.0308579538574, 101.455378573982, 2.16662
0 0 0 0 0, -81.0045440746392, 111.964767690611, 2.16662
0 0 0 0 0, -42.2835822589535, 77.6060083432104, 2.16662
0 0 0 0 0, -102.065281991403, 132.779250029622, 2.16662
0 0 0 0 0, -6.02570052180062, 117.16804538819, 2.16662
0 0 0 0 0, 73.0832952050007, 109.822015989227, 2.16662
0 0 0 0 0, 149.184202749129, 116.941200075666, 2.16662
0 0 0 0 0, 163.899779148034, 129.059078657108, 2.16662
0 0 0 0 0, 236.217842783878, 189.202210434381, 2.16662
0 0 0 0 0, -281.522183663694, 127.205201173377, 2.16662
0 0 0 0 0, -273.927461409188, 138.998296041827, 2.16662
0 0 0 0 0, -226.518273879077, 118.772683198244, 2.16662
0 0 0 0 0, -210.152891093182, 160.389169868163, 2.16662
0 0 0 0 0, 5.75853820499975, 141.478329753783, 2.16662
0 0 0 0 0, 25.707731089333, 130.911657291442, 2.16662
0 0 0 0 0, 2.98719306157669, 180.668453211252, 2.16662
0 0 0 0 0, 45.6953960968942, 106.159536477367, 2.16662
0 0 0 0 0, 36.5126340124936, 135.403574524394, 2.16662
0 0 0 0 0, 48.5831958702558, 185.941255888809, 2.16662
0 0 0 0 0, 70.1617202594077, 81.5258284230853, 2.16662
0 0 0 0 0, 97.8677157896503, 110.611986284734, 2.16662
0 0 0 0 0, 131.499732748126, 126.389759385642, 2.16662
0 0 0 0 0, 173.904834710581, 162.940564882626, 2.16662
0 0 0 0 0, 208.55359901678, 180.282253047215, 2.16662
0 0 0 0 0, -224.349451712105, 179.891890029394, 2.16662
0 0 0 0 0, -196.036036347042, 190.244269926971, 2.16662
0 0 0 0 0, -150.788519926772, 178.624300542536, 2.16662
0 0 0 0 0, -129.256608823896, 152.56634395359, 2.16662
0 0 0 0 0, -110.231778009711, 180.166392156819, 2.16662
0 0 0 0 0, -21.2309542608323, 188.349412503612, 2.16662
0 0 0 0 0, -39.8427886425904, 213.426446621554, 2.16662
0 0 0 0 0, 56.4760752112506, 183.641487165325, 2.16662
0 0 0 0 0, 25.0118998615881, 229.854578999932, 2.16662
0 0 0 0 0, 77.6424100170683, 62.3949915663122, 2.16662
0 0 0 0 0, 137.807683661997, 172.803333966644, 2.16662
0 0 0 0 0, 156.891394972232, 173.572949871552, 2.16662
0 0 0 0 0, 147.53985243654, 189.705193050616, 2.16662
0 0 0 0 0, 219.020607179793, 191.138432045071, 2.16662
0 0 0 0 0, 189.292314052857, 188.199697669862, 2.16662
0 0 0 0 0, -244.892652103328, 183.03022720752, 2.16662
0 0 0 0 0, -228.744546557596, 186.014349439701, 2.16662
0 0 0 0 0, -171.731851728063, 178.745236041789, 2.16662
0 0 0 0 0, -164.361173161712, 201.460142689299, 2.16662
0 0 0 0 0, -129.473380206775, 192.372950916801, 2.16662
0 0 0 0 0, -47.1699185445453, 219.235548780284, 2.16662
0 0 0 0 0, -3.06440765060043, 229.824888420533, 2.16662
0 0 0 0 0, 22.6344282590422, 248.669854254813, 2.16662
0 0 0 0 0, 95.1376538711459, 237.783853768804, 2.16662
0 0 0 0 0, 110.379585248081, 223.796580171121, 2.16662
0 0 0 0 0, 127.014824416056, 213.763047032268, 2.16662
0 0 0 0 0, 188.725451251707, 217.669696841649, 2.16662
0 0 0 0 0, 160.701594710772, 183.633105091253, 2.16662
0 0 0 0 0, 186.472919214556, 170.256768278264, 2.16662
0 0 0 0 0, 177.562223254587, 246.420237376644, 2.16662
0 0 0 0 0, -175.79797065504, 237.792282558881, 2.16662
0 0 0 0 0, -174.341148312773, 250.190290763278, 2.16662
0 0 0 0 0, -161.088516747012, 256.434644778225, 2.16662
0 0 0 0 0, -158.26187247267, 247.397831085822, 2.16662
0 0 0 0 0, -98.2916375119478, 223.327858158534, 2.16662
0 0 0 0 0, -88.8773081227399, 229.239176797949, 2.16662
0 0 0 0 0, -70.1914219254025, 224.286515047866, 2.16662
0 0 0 0 0, -43.1222705504716, 247.488135187123, 2.16662
0 0 0 0 0, -62.1600388904527, 216.0240088953, 2.16662
0 0 0 0 0, -40.0636451414426, 230.696595455317, 2.16662
0 0 0 0 0, 104.880616226144, 245.780690473643, 2.16662
0 0 0 0 0, 159.335939654606, 252.556088079628, 2.16662
0 0 0 0 0, 156.151653900726, 244.251880403, 2.16662
0 0 0 0 0, 161.070943239049, 260.600551659068, 2.16662
0 0 0 0 0, 135.688140999227, 275.897137863819, 2.16662
0 0 0 0 0, -109.185204929267, 289.732657233566, 2.16662
0 0 0 0 0, -104.921887986017, 283.618208674185, 2.16662
0 0 0 0 0, -95.7380258844406, 281.56246875075, 2.16662
0 0 0 0 0, -59.1773438324504, 273.116708064672, 2.16662
0 0 0 0 0, -1.94261930277359, 272.815947937324, 2.16662
0 0 0 0 0, -60.3156313379301, 315.963954489585, 2.16662
0 0 0 0 0, -8.18303830341339, 250.292806385036, 2.16662
0 0 0 0 0, 9.28358227804692, 297.567088252468, 2.16662
0 0 0 0 0, 28.0817651230932, 302.972950888539, 2.16662
0 0 0 0 0, 56.9364377505766, 279.383926395494, 2.16662
0 0 0 0 0, 13.66468747337, 272.132353175485, 2.16662
0 0 0 0 0, 82.7398407753309, 300.986979028046, 2.16662
0 0 0 0 0, 125.85190728472, 264.15757823618, 2.16662
0 0 0 0 0, 106.419995809626, 257.915191532171, 2.16662
0 0 0 0 0, 95.783210496117, 275.388683500211, 2.16662
0 0 0 0 0, 61.384234252994, 303.644410954442, 2.16662
0 0 0 0 0, 92.4013329672049, 283.896383765745, 2.16662
0 0 0 0 0, 17.4388507207776, 288.732283638785, 2.16662
0 0 0 0 0, -94.1433871493979, 303.980411409166, 2.16662
0 0 0 0 0, -107.1321746809, 269.155999082367, 2.16662
0 0 0 0 0, -98.8115075911317, 259.069408544839, 2.16662
0 0 0 0 0, -146.853781984364, 238.658589418208, 2.16662
0 0 0 0 0, -134.718600506549, 229.08925387308, 2.16662
0 0 0 0 0, -170.853682248543, 230.093135263861, 2.16662
0 0 0 0 0, -136.486145109064, 197.153308534123, 2.16662
0 0 0 0 0, -120.086377059749, 187.475833830239, 2.16662
0 0 0 0 0, -156.498807865559, 196.94417208044, 2.16662
0 0 0 0 0, -119.697661949871, 149.569180788773, 2.16662
0 0 0 0 0, -213.903815709803, 184.172718688799, 2.16662
0 0 0 0 0, -136.967715715182, 137.017430762124, 2.16662
0 0 0 0 0, -165.914772509106, 151.493990401009, 2.16662
0 0 0 0 0, -122.022711628198, 124.165870062004, 2.16662
0 0 0 0 0, -136.143603180623, 126.067888217085, 2.16662
0 0 0 0 0, -254.147789164303, 168.538018173668, 2.16662
0 0 0 0 0, 40.7601921703086, 0.292575699432782, 2.16662
0 0 0 0 0, -250.090626894784, 138.487083747448, 2.16662
0 0 0 0 0, 72.2643288674652, -41.6473453717046, 2.16662
0 0 0 0 0, -252.20924948725, 128.668395560825, 2.16662
0 0 0 0 0, 91.9710652796764, -55.762800471863, 2.16662
0 0 0 0 0, -148.01138636473, 67.0299541422714, 2.16662
0 0 0 0 0, 115.744238317714, -75.7718477502417, 2.16662
0 0 0 0 0, -179.248573776657, 82.7960104847758, 2.16662
0 0 0 0 0, -291.580107967076, 135.900657963013, 2.16662
0 0 0 0 0, 124.499964763469, -91.062479936781, 2.16662
0 0 0 0 0, -230.861668712466, 97.1028666245979, 2.16662
0 0 0 0 0, -193.914707031801, 61.6390680105916, 2.16662
0 0 0 0 0, -215.306748470549, 71.8204795413222, 2.16662
0 0 0 0 0, -172.556266412504, 47.5721250024257, 2.16662
0 0 0 0 0, -214.062798154894, 63.7160005916756, 2.16662
0 0 0 0 0, -237.504906722349, 69.757038552691, 2.16662
0 0 0 0 0, 62.3585771213419, -95.6356170769668, 2.16662
0 0 0 0 0, -244.055948391915, 63.0070872828894, 2.16662
0 0 0 0 0, 97.4597090828757, -124.296151613012, 2.16662
0 0 0 0 0, 61.8194908765791, -121.825489686521, 2.16662
0 0 0 0 0, -244.746572872763, 31.0410913962522, 2.16662
0 0 0 0 0, 56.8186148315373, -133.315847480381, 2.16662
0 0 0 0 0, 120.703343795676, -172.434310192987, 2.16662
0 0 0 0 0, 61.7080373951243, -143.228459725432, 2.16662
0 0 0 0 0, -105.126613298106, -54.8211204810657, 2.16662
0 0 0 0 0, -280.925395865951, 25.3939318489303, 2.16662
0 0 0 0 0, -116.293678893576, -64.6241750123967, 2.16662
0 0 0 0 0, 13.5892920057991, -136.187195817744, 2.16662
0 0 0 0 0, -295.021235723332, 19.7349174323544, 2.16662
0 0 0 0 0, 138.309676689401, -227.751545516643, 2.16662
0 0 0 0 0, -2.26883217557036, -152.803786308706, 2.16662
0 0 0 0 0, 27.5864003173246, -169.313296785316, 2.16662
0 0 0 0 0, 124.689593833163, -224.933501525848, 2.16662
0 0 0 0 0, -276.961623160503, -8.4330285557383, 2.16662
0 0 0 0 0, -13.4322000301656, -151.906406340604, 2.16662
0 0 0 0 0, 2.1930007258189, -167.192202604393, 2.16662
0 0 0 0 0, 130.849623366391, -242.681553007747, 2.16662
0 0 0 0 0, -278.707109588322, -39.0668442653519, 2.16662
0 0 0 0 0, -68.8976666509325, -285.711008049117, 2.16662
0 0 0 0 0, -236.869848432455, -120.620425658738, 2.16662
0 0 0 0 0, -250.419957018414, -116.874192669655, 2.16662
0 0 0 0 0, 140.798690402706, -272.623896091428, 2.16662
0 0 0 0 0, 11.6987323894111, -295.431923024894, 2.16662
0 0 0 0 0, -309.296746617653, -33.2128408136491, 2.16662
0 0 0 0 0, -296.518080081163, -56.9431804469714, 2.16662
0 0 0 0 0, -311.997707612389, -41.2405118091267, 2.16662
0 0 0 0 0, -244.5819724716, -175.124553537652, 2.16662
0 0 0 0 0, 57.9115999749365, -304.300589071473, 2.16662
-1 0 0 0 0, 0, 0, 3.175
