0 0 0 0 0, 59.1324583051923, -252.235375521971, 3.175
0 0 0 0 0, 1.24589353575307, 13.1000330515156, 3.175
0 0 0 0 0, -280.305730945075, -40.6770889778596, 3.175
0 0 0 0 0, 192.121094200613, -121.642743173021, 2.16662
0 0 0 0 0, 191.929136212447, -124.176782327623, 2.16662
0 0 0 0 0, 97.1104540130842, -268.863358074511, 2.16662
0 0 0 0 0, 97.2273616799432, -271.402719007028, 2.16662
0 0 0 0 0, -115.93269314358, -272.612156730524, 2.16662
0 0 0 0 0, -115.74012458995, -275.147008187186, 2.16662
0 0 0 0 0, -214.703322842011, -131.730950309986, 2.16662
0 0 0 0 0, -214.689895497523, -134.272287539991, 2.16662
0 0 0 0 0, -192.503285642432, 135.129778128141, 2.16662
0 0 0 0 0, -192.586194620354, 137.669755268098, 2.16662
0 0 0 0 0, -91.8004874274752, 268.229976257103, 2.16662
0 0 0 0 0, -91.9044782102578, 270.769846217149, 2.16662
0 0 0 0 0, 114.271586801523, 270.668860001905, 2.16662
0 0 0 0 0, 114.118511787518, 273.206366822607, 2.16662
0 0 0 0 0, 234.429560398997, 133.42178039946, 2.16662
0 0 0 0 0, 234.381758465125, 135.962754024443, 2.16662
0 0 0 0 0, 16.963650164356, 81.5570923519645, 2.16662
0 0 0 0 0, 17.946832123839, 83.9006534485575, 2.16662
0 0 0 0 0, -2.36812337643293, -70.6310909536955, 2.16662
0 0 0 0 0, -3.55262241528309, -72.8795256683094, 2.16662
0 0 0 0 0, 98.2923269014167, -130.12766885546, 2.16662
0 0 0 0 0, 98.2732217383972, -132.668909176893, 2.16662
0 0 0 0 0, -233.210366647249, 220.968006016541, 2.16662
0 0 0 0 0, -59.0488349733106, -123.154225952319, 2.16662
0 0 0 0 0, -265.891309598847, -145.526053873829, 2.16662
0 0 0 0 0, -176.239236779963, -3.56227070347206, 2.16662
0 0 0 0 0, -303.310875834142, 25.4443405050076, 2.16662
0 0 0 0 0, -152.561302616313, 174.757912150722, 2.16662
0 0 0 0 0, -52.3535922200719, 179.512002649654, 2.16662
0 0 0 0 0, 81.6423873011965, -273.678363840176, 2.16662
0 0 0 0 0, -94.8388118327023, 195.034997706597, 2.16662
0 0 0 0 0, 17.168688449131, 66.5132749683973, 2.16662
0 0 0 0 0, 203.178914094583, 62.939152221226, 2.16662
0 0 0 0 0, 210.060920401797, 165.579797661771, 2.16662
0 0 0 0 0, 280.953177283842, -57.7008364861917, 2.16662
0 0 0 0 0, -90.8541794141976, -82.3663271017387, 2.16662
0 0 0 0 0, -29.6288675346668, 81.3788186782024, 2.16662
0 0 0 0 0, -310.645890626628, 30.2259672293796, 2.16662
0 0 0 0 0, 81.8309292888604, 229.905184711085, 2.16662
0 0 0 0 0, -210.093207211154, 20.1877325615533, 2.16662
0 0 0 0 0, -191.01835119511, 190.35268497322, 2.16662
0 0 0 0 0, 205.471979069089, -10.9598733063084, 2.16662
0 0 0 0 0, -2.3957626657076, -267.973355428945, 2.16662
0 0 0 0 0, -74.4543805333346, -272.857032431138, 2.16662
0 0 0 0 0, 309.49527451941, 40.4558869370746, 2.16662
0 0 0 0 0, 41.3997392700835, -311.011900673551, 2.16662
0 0 0 0 0, 83.3611382586836, 151.465184441899, 2.16662
0 0 0 0 0, -129.509156566779, -262.913531412504, 2.16662
0 0 0 0 0, -236.085440801219, -5.24441724206971, 2.16662
0 0 0 0 0, -144.652588082318, -75.9758566888531, 2.16662
0 0 0 0 0, 269.318105853215, 63.5629826348536, 2.16662
0 0 0 0 0, -90.3389303998872, 6.03942506970781, 2.16662
0 0 0 0 0, 284.541967334299, 122.344653615584, 2.16662
0 0 0 0 0, 14.3348407672286, 128.442727170355, 2.16662
0 0 0 0 0, 7.62412922063541, -224.073980766014, 2.16662
0 0 0 0 0, 224.115221331837, 5.86819609770246, 2.16662
0 0 0 0 0, -89.3500415760955, 293.740028558811, 2.16662
0 0 0 0 0, 241.054547952175, 51.5702612137603, 2.16662
0 0 0 0 0, -91.3794590952646, 10.9024069334849, 2.16662
0 0 0 0 0, 68.1280752442405, -143.303568356268, 2.16662
0 0 0 0 0, -246.426029199517, -82.3719190149739, 2.16662
0 0 0 0 0, -241.170254777339, -197.767042741374, 2.16662
0 0 0 0 0, 72.3218661815131, -133.205973444279, 2.16662
0 0 0 0 0, 237.089428396728, 89.9701506259757, 2.16662
0 0 0 0 0, 202.070956968683, -173.388070054699, 2.16662
0 0 0 0 0, 11.7468044312273, 284.968524772829, 2.16662
0 0 0 0 0, 239.551580933957, -196.552224502358, 2.16662
0 0 0 0 0, -112.027714560881, 271.557987857522, 2.16662
0 0 0 0 0, 25.6875327511227, 61.4898983644876, 2.16662
0 0 0 0 0, 157.406413471132, 236.431106121318, 2.16662
0 0 0 0 0, -122.928831628905, 16.8746152359241, 2.16662
0 0 0 0 0, 92.1051970823753, -240.771326242474, 2.16662
0 0 0 0 0, 76.5252336195503, 146.2310013763, 2.16662
0 0 0 0 0, 184.754970188642, -146.870257112066, 2.16662
0 0 0 0 0, -256.89368497244, -119.327671114053, 2.16662
0 0 0 0 0, -65.2064499669421, 174.917617286323, 2.16662
0 0 0 0 0, -289.320023125552, -26.1954311959199, 2.16662
0 0 0 0 0, -114.535013894045, 261.417848253323, 2.16662
0 0 0 0 0, -197.659428261396, 38.2754055267203, 2.16662
0 0 0 0 0, 170.63344161102, -29.4794741473427, 2.16662
0 0 0 0 0, 122.717474185884, 5.10268115929041, 2.16662
0 0 0 0 0, 205.515234239812, -154.23089915621, 2.16662
0 0 0 0 0, -86.0167182909008, -37.0461747155677, 2.16662
0 0 0 0 0, -101.124328929765, -239.415120174385, 2.16662
0 0 0 0 0, -109.772018481089, 28.4416975205098, 2.16662
0 0 0 0 0, 205.021091877541, -17.5764607858614, 2.16662
0 0 0 0 0, -178.523837181718, -21.5607688990362, 2.16662
0 0 0 0 0, -27.8190636186303, -52.3154532386325, 2.16662
0 0 0 0 0, -170.908217150009, -199.750661287323, 2.16662
0 0 0 0 0, 90.220824623587, 86.3082729269469, 2.16662
0 0 0 0 0, -89.5639757730542, 206.792219226074, 2.16662
0 0 0 0 0, -183.794953078316, 247.363402114175, 2.16662
0 0 0 0 0, 187.996301692303, -61.0697639211903, 2.16662
0 0 0 0 0, -283.270955022609, -2.13442381437346, 2.16662
0 0 0 0 0, 97.3632692245676, -117.042570026048, 2.16662
0 0 0 0 0, -271.348763035753, -138.955068640255, 2.16662
0 0 0 0 0, -143.694232025602, -204.005422471122, 2.16662
0 0 0 0 0, -73.1389470384174, 128.147461560203, 2.16662
0 0 0 0 0, -270.776041706078, -22.0371417183519, 2.16662
0 0 0 0 0, 88.5654271368306, -22.2303256285476, 2.16662
0 0 0 0 0, 137.86840468058, 161.32505006326, 2.16662
0 0 0 0 0, -271.538612996973, -142.649462900618, 2.16662
0 0 0 0 0, -155.679760184123, -35.4895868540663, 2.16662
0 0 0 0 0, 70.8837893996049, -248.435616787046, 2.16662
0 0 0 0 0, 31.7781731219947, 128.544969117893, 2.16662
0 0 0 0 0, 143.902328283355, 79.2876210473869, 2.16662
0 0 0 0 0, -128.545877786187, 150.27807754585, 2.16662
0 0 0 0 0, -15.5000772309011, -172.109439836431, 2.16662
0 0 0 0 0, 141.697535351236, -158.037072760525, 2.16662
0 0 0 0 0, -127.95550650393, -275.565999389695, 2.16662
0 0 0 0 0, 29.2046695120441, -98.4482618986255, 2.16662
0 0 0 0 0, 12.7199614533127, 216.529038816745, 2.16662
0 0 0 0 0, -174.327134659126, 258.299890397566, 2.16662
0 0 0 0 0, 53.7274379421332, -98.1076584759945, 2.16662
0 0 0 0 0, -215.62147063672, -89.717861288847, 2.16662
0 0 0 0 0, -43.7037167244193, 79.5589447122559, 2.16662
0 0 0 0 0, -90.3242749351186, 78.1155362534948, 2.16662
0 0 0 0 0, -117.473674298201, -62.5671600995004, 2.16662
0 0 0 0 0, 6.49963966096954, 104.390724046358, 2.16662
0 0 0 0 0, -213.413050991303, 99.7656627118513, 2.16662
0 0 0 0 0, 74.3242327552078, 230.508418416019, 2.16662
0 0 0 0 0, -199.354943370114, -165.687642478567, 2.16662
0 0 0 0 0, 205.638270351908, 104.236151754889, 2.16662
0 0 0 0 0, -133.60284946726, 201.628110811137, 2.16662
0 0 0 0 0, 130.625260886616, 104.06051972622, 2.16662
0 0 0 0 0, -59.7406479724239, 99.8416397897679, 2.16662
0 0 0 0 0, -72.7045960778629, -290.80165311492, 2.16662
0 0 0 0 0, -300.604337324609, 70.0109878616839, 2.16662
0 0 0 0 0, 66.8041216447441, -190.950520103845, 2.16662
0 0 0 0 0, -89.1319087404452, -264.174035562969, 2.16662
0 0 0 0 0, 116.987008591016, -107.679801057767, 2.16662
0 0 0 0 0, -110.718261039598, 251.674172421506, 2.16662
0 0 0 0 0, -59.7729472434118, 237.889919406758, 2.16662
0 0 0 0 0, 129.714085248585, 172.540922966598, 2.16662
0 0 0 0 0, -280.033493554338, -87.1485855329812, 2.16662
0 0 0 0 0, -209.524501375421, 171.183436823064, 2.16662
0 0 0 0 0, -208.692123420626, -61.2243212876049, 2.16662
0 0 0 0 0, -143.21374873512, -126.997359184328, 2.16662
0 0 0 0 0, 226.800974101852, -89.5505568539782, 2.16662
0 0 0 0 0, -195.129950155629, 251.347797718337, 2.16662
0 0 0 0 0, 261.052107011128, -175.503025857651, 2.16662
0 0 0 0 0, -268.871796622712, 142.536508271952, 2.16662
0 0 0 0 0, 157.212497788409, -170.145350023604, 2.16662
0 0 0 0 0, -295.219072692408, 43.6947206575121, 2.16662
0 0 0 0 0, -205.290763956695, -188.189737069805, 2.16662
0 0 0 0 0, -269.507509212039, 39.2568310691256, 2.16662
0 0 0 0 0, -60.7834690846443, 128.3196358932, 2.16662
0 0 0 0 0, -110.923711303086, -238.324105267821, 2.16662
0 0 0 0 0, -122.862728951252, 224.950113469905, 2.16662
0 0 0 0 0, -171.481631238823, -108.521394971857, 2.16662
0 0 0 0 0, 204.784788542968, -49.4252664395767, 2.16662
0 0 0 0 0, 31.42484690406, -140.756703838831, 2.16662
0 0 0 0 0, 204.808004329387, -36.0183174245889, 2.16662
0 0 0 0 0, -118.696664366635, 111.393707750758, 2.16662
0 0 0 0 0, 153.110916983893, -12.5259998514167, 2.16662
0 0 0 0 0, 105.722076290481, -36.1286684909079, 2.16662
0 0 0 0 0, -134.962176916475, -208.840927528541, 2.16662
0 0 0 0 0, -218.462738912798, -202.605010394939, 2.16662
0 0 0 0 0, 299.723325382192, -35.5739936100543, 2.16662
0 0 0 0 0, -133.084599194026, 245.905136496561, 2.16662
0 0 0 0 0, 2.34207946592016, -142.707155675756, 2.16662
0 0 0 0 0, 79.6495099059166, 276.754168241368, 2.16662
0 0 0 0 0, -96.3558211054577, 12.9686172993454, 2.16662
0 0 0 0 0, -299.033417052254, 89.6717373405546, 2.16662
0 0 0 0 0, -259.362508930956, 74.9235494789435, 2.16662
0 0 0 0 0, 76.4033892542101, -265.520071886048, 2.16662
0 0 0 0 0, 250.743752353235, -151.655615919214, 2.16662
0 0 0 0 0, 212.269153643563, 66.2050522459737, 2.16662
0 0 0 0 0, 134.242416731049, -243.420483037891, 2.16662
0 0 0 0 0, -136.981576362943, 81.6397993803276, 2.16662
0 0 0 0 0, 241.296962097038, -146.793291558647, 2.16662
0 0 0 0 0, -162.926695915692, 268.09575926135, 2.16662
0 0 0 0 0, -75.4702411425043, -193.620765227333, 2.16662
0 0 0 0 0, -3.32688103419676, 274.378281523397, 2.16662
0 0 0 0 0, 95.6919481479408, 110.431806847315, 2.16662
0 0 0 0 0, -272.694474790559, 126.606896534211, 2.16662
0 0 0 0 0, -55.6832186949561, -89.8283204276982, 2.16662
0 0 0 0 0, -240.800208680968, 126.272687657781, 2.16662
0 0 0 0 0, -40.6208926778959, -38.1434872345355, 2.16662
0 0 0 0 0, -29.8708138956118, -152.934047761681, 2.16662
0 0 0 0 0, -279.897848156477, -62.5369236645009, 2.16662
0 0 0 0 0, 218.264668078874, 124.127607834282, 2.16662
0 0 0 0 0, -268.735859243306, 87.961064392389, 2.16662
0 0 0 0 0, -145.151628928337, 90.7501748743376, 2.16662
0 0 0 0 0, -89.4529247989521, -32.1149397149656, 2.16662
0 0 0 0 0, -179.798018602077, 1.34857651052103, 2.16662
0 0 0 0 0, 203.482994007778, -40.3194837381976, 2.16662
0 0 0 0 0, -130.466558279889, -27.9421006431517, 2.16662
0 0 0 0 0, -167.787802202836, 263.420171859259, 2.16662
0 0 0 0 0, -41.6846286248562, 263.948060651095, 2.16662
0 0 0 0 0, -151.42548114895, 275.881474444839, 2.16662
0 0 0 0 0, 209.870353807581, -230.654141717195, 2.16662
0 0 0 0 0, -232.34970985087, -196.228512152908, 2.16662
0 0 0 0 0, -40.3422506485917, -48.0772782194451, 2.16662
0 0 0 0 0, -181.696638017963, -134.42996282791, 2.16662
0 0 0 0 0, -44.5126245559191, -272.360433947229, 2.16662
0 0 0 0 0, -53.7157384307053, 231.994812388872, 2.16662
0 0 0 0 0, 51.3114580322596, -299.360862132588, 2.16662
0 0 0 0 0, -195.584899005031, 66.0010535791427, 2.16662
0 0 0 0 0, 120.113627294088, -273.376914749, 2.16662
0 0 0 0 0, 201.189740722829, -78.2386120184828, 2.16662
0 0 0 0 0, -246.487162279129, 61.9021460900295, 2.16662
0 0 0 0 0, 318.535303422387, 14.8578631578041, 2.16662
0 0 0 0 0, -209.874819445899, 175.991676153959, 2.16662
0 0 0 0 0, 19.8674244389794, -22.2808835408293, 2.16662
0 0 0 0 0, -122.998217544579, -24.8961747330759, 2.16662
0 0 0 0 0, 159.350664116291, -63.2414637468688, 2.16662
0 0 0 0 0, 35.796047327151, 19.2800920711826, 2.16662
0 0 0 0 0, 170.062127244651, 269.5486344773, 2.16662
0 0 0 0 0, -105.309066294106, 31.0122691099818, 2.16662
0 0 0 0 0, 30.5823995509545, 164.232432344839, 2.16662
0 0 0 0 0, 148.929054359435, 37.7157185440259, 2.16662
0 0 0 0 0, 228.134013375789, 116.11588213796, 2.16662
0 0 0 0 0, 128.468545087017, 98.5674581664233, 2.16662
0 0 0 0 0, -79.6796675094579, 224.662346134927, 2.16662
0 0 0 0 0, -25.5874664694056, 77.7456679251997, 2.16662
0 0 0 0 0, -172.471943317685, 37.7878174025865, 2.16662
0 0 0 0 0, 80.8085507524143, -263.85362605821, 2.16662
0 0 0 0 0, -250.081676027144, -148.981976521722, 2.16662
0 0 0 0 0, -199.498906683274, 101.694325304423, 2.16662
0 0 0 0 0, -226.406689240934, -184.34572824873, 2.16662
0 0 0 0 0, 202.763965763894, -54.7504266510833, 2.16662
0 0 0 0 0, -7.06166494598284, 149.225832901022, 2.16662
0 0 0 0 0, -109.622289661777, -86.2233779025797, 2.16662
0 0 0 0 0, 37.9796901610259, 222.064951088305, 2.16662
0 0 0 0 0, 56.4762217910271, 72.5996343414722, 2.16662
0 0 0 0 0, 81.0153507431791, 254.812769056321, 2.16662
0 0 0 0 0, 23.135972890989, 268.647382011149, 2.16662
0 0 0 0 0, -124.745200276236, 165.552496726846, 2.16662
0 0 0 0 0, -259.579284493926, 132.861574690255, 2.16662
0 0 0 0 0, -146.626319310578, 234.53263241101, 2.16662
0 0 0 0 0, -222.101729675324, 58.6594769217532, 2.16662
0 0 0 0 0, -52.3676432689167, -287.249137631427, 2.16662
0 0 0 0 0, -312.869184113041, -53.5589756272149, 2.16662
0 0 0 0 0, 318.394882870934, -59.9822473966212, 2.16662
0 0 0 0 0, 163.671564665005, 0.846949802007995, 2.16662
0 0 0 0 0, -25.7901440670621, 220.580873849864, 2.16662
0 0 0 0 0, -313.634516539983, 72.8249595759975, 2.16662
0 0 0 0 0, 138.720274914041, -64.4577806962413, 2.16662
0 0 0 0 0, -207.46020835498, 237.42244334959, 2.16662
0 0 0 0 0, 200.111793305556, 209.658255159311, 2.16662
0 0 0 0 0, -270.057711777958, -57.2021334882548, 2.16662
0 0 0 0 0, -240.434638735622, -182.95339438542, 2.16662
0 0 0 0 0, -97.5301463702775, -234.967830601025, 2.16662
0 0 0 0 0, -83.0724080740449, -47.4662753370499, 2.16662
0 0 0 0 0, 60.5184875900665, -239.177327180711, 2.16662
0 0 0 0 0, 1.94003848912354, -192.688886435792, 2.16662
0 0 0 0 0, 156.623325091315, -215.44043393428, 2.16662
0 0 0 0 0, 223.525895317741, -113.015767253249, 2.16662
0 0 0 0 0, -223.432334014248, 165.202865252292, 2.16662
0 0 0 0 0, -223.639430130257, 72.4463677959292, 2.16662
0 0 0 0 0, -86.281175342674, 248.752883536668, 2.16662
0 0 0 0 0, -86.2515060516714, 183.774245797935, 2.16662
0 0 0 0 0, -35.2170152545427, 106.747697969039, 2.16662
0 0 0 0 0, -47.5280105375052, 128.078936485942, 2.16662
0 0 0 0 0, 155.208547630452, 159.784007274005, 2.16662
0 0 0 0 0, 190.085686226297, 165.368584169473, 2.16662
0 0 0 0 0, -169.74616058746, 6.71887093191261, 2.16662
0 0 0 0 0, 151.873073159623, 182.031688317487, 2.16662
0 0 0 0 0, -75.7392525072043, -44.6602481686761, 2.16662
0 0 0 0 0, 118.350890710997, 293.868227546794, 2.16662
0 0 0 0 0, -128.640745349164, -67.1139385709134, 2.16662
0 0 0 0 0, -302.35558936973, -6.81649965591937, 2.16662
0 0 0 0 0, 227.298283783481, 66.8310546883911, 2.16662
0 0 0 0 0, 182.531485167062, 203.089325790269, 2.16662
0 0 0 0 0, 179.458131925689, 263.138368009674, 2.16662
0 0 0 0 0, -117.331661447547, -239.600191608821, 2.16662
0 0 0 0 0, 71.4299789631342, -172.587864156777, 2.16662
0 0 0 0 0, 4.20401769215538, -93.1890798191252, 2.16662
0 0 0 0 0, 160.029393520708, -99.6899360039781, 2.16662
0 0 0 0 0, 161.244881314858, -1.48708800038064, 2.16662
0 0 0 0 0, 182.840680458292, -1.41771937814614, 2.16662
0 0 0 0 0, 197.126188082412, 139.947747822212, 2.16662
0 0 0 0 0, -136.799837318207, -291.561043975405, 2.16662
0 0 0 0 0, -114.304811439845, -261.326964632523, 2.16662
0 0 0 0 0, -67.2219029358152, -306.815046496929, 2.16662
0 0 0 0 0, -84.1121959396088, -310.42350174471, 2.16662
0 0 0 0 0, -38.4854750153399, -297.173566502364, 2.16662
0 0 0 0 0, -18.879478454202, -273.114021211513, 2.16662
0 0 0 0 0, -2.07918214414663, -260.749839279837, 2.16662
0 0 0 0 0, 60.4504123177745, -316.903233621869, 2.16662
0 0 0 0 0, 67.8737465452229, -304.026563861419, 2.16662
0 0 0 0 0, 62.3589393409769, -280.796050316343, 2.16662
0 0 0 0 0, 86.9121175682196, -299.208292144196, 2.16662
0 0 0 0 0, 126.663736171149, -288.555450750699, 2.16662
0 0 0 0 0, -113.970531499653, -249.279227523448, 2.16662
0 0 0 0 0, -117.963484583644, -220.722007778902, 2.16662
0 0 0 0 0, -81.7499402422502, -221.086753685721, 2.16662
0 0 0 0 0, -117.036510906097, -199.700735182181, 2.16662
0 0 0 0 0, -98.4104236037908, -189.207964941784, 2.16662
0 0 0 0 0, 22.9702736635217, -224.847164005516, 2.16662
0 0 0 0 0, 69.7174069811459, -238.239134219828, 2.16662
0 0 0 0 0, 53.5177500670092, -267.402808235742, 2.16662
0 0 0 0 0, 98.2358660924966, -249.486012898868, 2.16662
0 0 0 0 0, 105.083910277098, -228.584850324247, 2.16662
0 0 0 0 0, 133.082737122161, -251.240395548502, 2.16662
0 0 0 0 0, 194.681378769595, -250.874162136044, 2.16662
0 0 0 0 0, -248.546188493797, -182.623879512385, 2.16662
0 0 0 0 0, -212.253674649896, -171.277865966574, 2.16662
0 0 0 0 0, -194.245675335342, -212.670864564032, 2.16662
0 0 0 0 0, -220.101745524257, -162.986290946771, 2.16662
0 0 0 0 0, -141.658184016381, -191.275000904376, 2.16662
0 0 0 0 0, -144.027771450847, -224.210514498821, 2.16662
0 0 0 0 0, -147.436219223, -240.179534196306, 2.16662
0 0 0 0 0, -67.0082271666752, -178.70758867427, 2.16662
0 0 0 0 0, 7.60616295874811, -191.24745729709, 2.16662
0 0 0 0 0, 41.7714936316069, -168.378590915789, 2.16662
0 0 0 0 0, 157.1825725529, -218.884556648467, 2.16662
0 0 0 0 0, 223.685778890952, -188.713967758067, 2.16662
0 0 0 0 0, -256.438406714249, -169.812861416616, 2.16662
0 0 0 0 0, -233.319437909998, -151.505948288238, 2.16662
0 0 0 0 0, -173.638370744879, -144.937392888583, 2.16662
0 0 0 0 0, -40.5378699329725, -157.462393588294, 2.16662
0 0 0 0 0, -10.3080841357545, -160.27403834674, 2.16662
0 0 0 0 0, 51.4481484592688, -139.541981680674, 2.16662
0 0 0 0 0, 126.197546516274, -169.406218121671, 2.16662
0 0 0 0 0, 164.237692240055, -167.988381641069, 2.16662
0 0 0 0 0, 191.536145672601, -160.524029416144, 2.16662
0 0 0 0 0, 236.037806749582, -157.271211440293, 2.16662
0 0 0 0 0, 248.74095685138, -162.702540720995, 2.16662
0 0 0 0 0, 269.784770997691, -111.956337718791, 2.16662
0 0 0 0 0, -283.387812383197, -132.245403835031, 2.16662
0 0 0 0 0, -257.979825497183, -127.602339825382, 2.16662
0 0 0 0 0, -265.661669497566, -117.305423950072, 2.16662
0 0 0 0 0, -224.158976286248, -124.058966089188, 2.16662
0 0 0 0 0, -199.167727976927, -122.831713132093, 2.16662
0 0 0 0 0, -143.046977625503, -122.108700303421, 2.16662
0 0 0 0 0, 10.6762313769725, -131.417240946383, 2.16662
0 0 0 0 0, 40.3039076625659, -132.586272542368, 2.16662
0 0 0 0 0, 43.0462728905353, -122.438768760764, 2.16662
0 0 0 0 0, 83.2502212710286, -107.070168398476, 2.16662
0 0 0 0 0, 166.867982555952, -155.061446418598, 2.16662
0 0 0 0 0, 245.957365354364, -76.4840331647673, 2.16662
0 0 0 0 0, -257.535327624194, -109.404573937302, 2.16662
0 0 0 0 0, -217.235586388633, -104.588762546375, 2.16662
0 0 0 0 0, -176.392770517119, -95.3366090635166, 2.16662
0 0 0 0 0, -71.1728729806659, -128.395768309965, 2.16662
0 0 0 0 0, 6.33869787273489, -101.62631474868, 2.16662
0 0 0 0 0, 40.5553495470666, -111.522785856238, 2.16662
0 0 0 0 0, 64.8653309121122, -77.4733902388613, 2.16662
0 0 0 0 0, 105.490880113958, -107.97284073368, 2.16662
0 0 0 0 0, 118.142615672145, -99.3847999572691, 2.16662
0 0 0 0 0, 139.104555103354, -99.4359880939559, 2.16662
0 0 0 0 0, 233.361959564687, -73.295219614699, 2.16662
0 0 0 0 0, 216.447040301758, -63.495651571293, 2.16662
0 0 0 0 0, -294.699568490532, -55.2549758109384, 2.16662
0 0 0 0 0, -289.360527172682, -84.5204043104059, 2.16662
0 0 0 0 0, -233.321724480617, -83.4446297172285, 2.16662
0 0 0 0 0, -131.601093286167, -81.4151629548872, 2.16662
0 0 0 0 0, -134.525848697364, -58.3144717116745, 2.16662
0 0 0 0 0, -119.95823595082, -105.693700277095, 2.16662
0 0 0 0 0, -91.0765360864081, -68.6837724968266, 2.16662
0 0 0 0 0, -64.8515732501357, -96.8221320864484, 2.16662
0 0 0 0 0, 129.564370529957, -56.197731987964, 2.16662
0 0 0 0 0, 165.190289068777, -56.5719998506386, 2.16662
0 0 0 0 0, 172.317290124896, -60.7875770250917, 2.16662
0 0 0 0 0, 311.064959761704, -74.1395510264442, 2.16662
0 0 0 0 0, -309.404124061702, -61.2641515706498, 2.16662
0 0 0 0 0, -288.228399530552, -34.8533440474163, 2.16662
0 0 0 0 0, -226.161720699473, -43.4318517047705, 2.16662
0 0 0 0 0, -97.1720659293647, -59.4565073614143, 2.16662
0 0 0 0 0, -86.0843414195497, -51.7016084043092, 2.16662
0 0 0 0 0, -78.5075603614255, -61.9754863829972, 2.16662
0 0 0 0 0, -35.256396719808, -62.5293214220868, 2.16662
0 0 0 0 0, -58.7163607474598, -52.005342379134, 2.16662
0 0 0 0 0, 182.642882163346, -43.2425494426016, 2.16662
0 0 0 0 0, 232.509437364051, -56.9579160556438, 2.16662
0 0 0 0 0, 190.506075536151, -25.0749405675344, 2.16662
0 0 0 0 0, 285.735175835183, -65.3679390670671, 2.16662
0 0 0 0 0, -302.564601221539, -45.5797741627095, 2.16662
0 0 0 0 0, -137.171052047778, -42.5699567963122, 2.16662
0 0 0 0 0, -126.172894929731, -42.1529847140452, 2.16662
0 0 0 0 0, -111.702740108464, -19.654398514719, 2.16662
0 0 0 0 0, -94.8995571764342, -14.5745887869767, 2.16662
0 0 0 0 0, -99.725474032327, -50.5131343621415, 2.16662
0 0 0 0 0, -5.23858968748835, -20.9622478832769, 2.16662
0 0 0 0 0, 100.999375279317, -47.9567703953598, 2.16662
0 0 0 0 0, 164.364133735681, -24.8820443421032, 2.16662
0 0 0 0 0, 217.779223899165, -20.1652008142347, 2.16662
0 0 0 0 0, 236.084202854034, -29.1088019361055, 2.16662
0 0 0 0 0, 298.111133994101, -30.4366991838252, 2.16662
0 0 0 0 0, -308.48501112698, -0.0335355157178642, 2.16662
0 0 0 0 0, -272.488036444368, 8.38553260787121, 2.16662
0 0 0 0 0, -252.34812694511, -3.67422325877367, 2.16662
0 0 0 0 0, -219.964601934825, -12.9132689061422, 2.16662
0 0 0 0 0, -169.967227845924, -10.3985014875857, 2.16662
0 0 0 0 0, -198.895995981645, -3.02123608373637, 2.16662
0 0 0 0 0, 31.8013792814827, -6.85824506494751, 2.16662
0 0 0 0 0, 73.9481183551005, -22.9175484642465, 2.16662
0 0 0 0 0, 157.240009230879, -5.12148200431204, 2.16662
0 0 0 0 0, 179.788264620756, 7.13162772332982, 2.16662
0 0 0 0 0, 175.894524308931, -13.0917445658912, 2.16662
0 0 0 0 0, 193.866893061221, 11.7053443288073, 2.16662
0 0 0 0 0, -204.117150850677, 8.27188265366942, 2.16662
0 0 0 0 0, -166.267421232807, 19.4579091568343, 2.16662
0 0 0 0 0, -148.248850297447, 1.49495382519847, 2.16662
0 0 0 0 0, -116.316284649309, -4.28388707516488, 2.16662
0 0 0 0 0, -75.3632064354894, 5.31303223502189, 2.16662
0 0 0 0 0, -70.7547644717641, -4.16872607972506, 2.16662
0 0 0 0 0, -72.9326133630466, 36.8255613224845, 2.16662
0 0 0 0 0, 118.430420307675, -1.53357389193298, 2.16662
0 0 0 0 0, 145.703149210891, -6.1759665578762, 2.16662
0 0 0 0 0, 178.400086918261, 24.7167022023918, 2.16662
0 0 0 0 0, 220.570487877147, 12.8125486772891, 2.16662
0 0 0 0 0, 298.04243861652, 34.3357902923963, 2.16662
0 0 0 0 0, -310.994328506654, 15.8365521670088, 2.16662
0 0 0 0 0, -302.300731411716, 12.3707739582187, 2.16662
0 0 0 0 0, -260.680632033188, 51.200266992385, 2.16662
0 0 0 0 0, -252.000797621273, 54.1083045862849, 2.16662
0 0 0 0 0, -180.887059406361, 30.0513816538442, 2.16662
0 0 0 0 0, -173.75425199663, 55.4846928854737, 2.16662
0 0 0 0 0, -119.486043680208, 45.0074391582659, 2.16662
0 0 0 0 0, -85.1502272058184, 52.6466582029416, 2.16662
0 0 0 0 0, 50.1940325508663, 19.5591506644198, 2.16662
0 0 0 0 0, 160.544863030073, 51.2161026085324, 2.16662
0 0 0 0 0, 241.551660958303, 25.2933114749457, 2.16662
0 0 0 0 0, 300.270733598962, 50.7564981067215, 2.16662
0 0 0 0 0, -299.474461688456, 106.805930597043, 2.16662
0 0 0 0 0, -286.972622735844, 103.217202406946, 2.16662
0 0 0 0 0, -238.75726948251, 49.2524870549966, 2.16662
0 0 0 0 0, -218.434216322115, 65.3975588332663, 2.16662
0 0 0 0 0, -229.909477741404, 43.1319187962879, 2.16662
0 0 0 0 0, -187.116700723312, 67.3022529500335, 2.16662
0 0 0 0 0, 33.6384645403407, 65.7640619154186, 2.16662
0 0 0 0 0, 54.651485294839, 56.0043370605742, 2.16662
0 0 0 0 0, 197.104749116163, 41.7354200616896, 2.16662
0 0 0 0 0, 178.405054711762, 65.99012169467, 2.16662
0 0 0 0 0, 177.394334126328, 57.5172086125926, 2.16662
0 0 0 0 0, 285.12605972742, 71.265783401978, 2.16662
0 0 0 0 0, -271.087238686972, 107.757964152673, 2.16662
0 0 0 0 0, -236.708339346805, 79.4285460521012, 2.16662
0 0 0 0 0, -231.013693011976, 88.3054764046114, 2.16662
0 0 0 0 0, -154.012970035688, 73.6502710271807, 2.16662
0 0 0 0 0, -115.45774594721, 74.5926779579529, 2.16662
0 0 0 0 0, -54.617878234839, 75.96243959871, 2.16662
0 0 0 0 0, -29.7664154735087, 60.2900916981458, 2.16662
0 0 0 0 0, -7.56868057931296, 71.8201935129659, 2.16662
0 0 0 0 0, 58.8121610402064, 84.9035816978679, 2.16662
0 0 0 0 0, 106.252566845977, 91.5053031020177, 2.16662
0 0 0 0 0, 160.608093517717, 83.3153430842276, 2.16662
0 0 0 0 0, 265.813273625461, 110.209060623526, 2.16662
0 0 0 0 0, -206.117923756038, 111.771573337441, 2.16662
0 0 0 0 0, -185.89333099993, 87.3831987892467, 2.16662
0 0 0 0 0, -118.997720517623, 92.8169811835271, 2.16662
0 0 0 0 0, -108.111414937407, 106.734196210464, 2.16662
0 0 0 0 0, -54.7997942810244, 95.5564296367489, 2.16662
0 0 0 0 0, -25.3076870833799, 115.595285889994, 2.16662
0 0 0 0 0, 14.3155440904675, 108.377251438712, 2.16662
0 0 0 0 0, 87.7789744720051, 119.922482418254, 2.16662
0 0 0 0 0, 110.952212098806, 99.8050139304316, 2.16662
0 0 0 0 0, 142.714493078921, 114.518142989978, 2.16662
0 0 0 0 0, 186.116632265893, 100.04832382856, 2.16662
0 0 0 0 0, 195.006405319179, 129.548115943573, 2.16662
0 0 0 0 0, -288.70953227488, 127.411728333551, 2.16662
0 0 0 0 0, -249.597254028721, 144.428433582861, 2.16662
0 0 0 0 0, -233.941365943434, 137.541675954104, 2.16662
0 0 0 0 0, -236.402510418499, 118.195507238513, 2.16662
0 0 0 0 0, -91.5562671758777, 114.2622964489, 2.16662
0 0 0 0 0, -43.4824901097735, 123.135671439314, 2.16662
0 0 0 0 0, -6.29342916801455, 108.393528867422, 2.16662
0 0 0 0 0, 8.12129833276104, 119.468250425186, 2.16662
0 0 0 0 0, 57.7044987079, 152.459870838549, 2.16662
0 0 0 0 0, 186.422822348153, 157.71768480903, 2.16662
0 0 0 0 0, 219.794133622324, 160.308297961181, 2.16662
0 0 0 0 0, 270.215263083959, 139.697113011694, 2.16662
0 0 0 0 0, -218.008916071287, 169.192505057726, 2.16662
0 0 0 0 0, -226.857600264327, 187.103917393259, 2.16662
0 0 0 0 0, -107.199915823334, 151.991807175493, 2.16662
0 0 0 0 0, -124.875594804018, 183.227194899257, 2.16662
0 0 0 0 0, -2.82632366359252, 155.7997733075, 2.16662
0 0 0 0 0, 3.32063324220878, 173.19863309763, 2.16662
0 0 0 0 0, 75.7444701912033, 157.824696917678, 2.16662
0 0 0 0 0, 83.5946833857777, 171.937688884461, 2.16662
0 0 0 0 0, 130.2875253809, 161.985231138488, 2.16662
0 0 0 0 0, 164.918058010591, 174.289793717313, 2.16662
0 0 0 0 0, 199.177868138358, 169.423035206603, 2.16662
0 0 0 0 0, 215.732578452608, 174.74123831566, 2.16662
0 0 0 0 0, -235.292926213782, 179.939505878056, 2.16662
0 0 0 0 0, -176.772906587221, 191.844398280993, 2.16662
0 0 0 0 0, -158.641726575623, 187.422663884195, 2.16662
0 0 0 0 0, -119.652676398149, 196.971185101268, 2.16662
0 0 0 0 0, -91.3071198670036, 175.179413715266, 2.16662
0 0 0 0 0, -98.4390582552541, 222.479773489956, 2.16662
0 0 0 0 0, -97.1647846847903, 166.60035337165, 2.16662
0 0 0 0 0, -20.012304714869, 165.683228503784, 2.16662
0 0 0 0 0, -66.6219080440663, 222.62455253865, 2.16662
0 0 0 0 0, 147.669120739202, 185.807422337117, 2.16662
0 0 0 0 0, 165.883959662208, 187.027170199556, 2.16662
0 0 0 0 0, 176.47246812215, 198.879499299282, 2.16662
0 0 0 0 0, -239.39741594801, 201.446146987069, 2.16662
0 0 0 0 0, -152.398861535323, 244.781385989423, 2.16662
0 0 0 0 0, -113.820582809304, 228.542227331676, 2.16662
0 0 0 0 0, -73.2713823900635, 245.874940995507, 2.16662
0 0 0 0 0, -57.2834612335993, 246.867125904675, 2.16662
0 0 0 0 0, -25.1248283082681, 230.450821930489, 2.16662
0 0 0 0 0, 0.936372263101552, 226.451705622731, 2.16662
0 0 0 0 0, 25.0997872185764, 229.27881863871, 2.16662
0 0 0 0 0, 100.006574112623, 224.899025567107, 2.16662
0 0 0 0 0, 105.504740992506, 251.844146070968, 2.16662
0 0 0 0 0, 161.6799795758, 250.866787849612, 2.16662
0 0 0 0 0, 216.20958386516, 200.324094219214, 2.16662
0 0 0 0 0, -189.062144591708, 228.335392164034, 2.16662
0 0 0 0 0, -176.433153610201, 241.831515394699, 2.16662
0 0 0 0 0, -161.036471827187, 248.133230051266, 2.16662
0 0 0 0 0, -157.247423298764, 256.398681927852, 2.16662
0 0 0 0 0, -173.241092083776, 224.087235828365, 2.16662
0 0 0 0 0, -99.68867889932, 250.982863704748, 2.16662
0 0 0 0 0, -116.246071226496, 279.083338265586, 2.16662
0 0 0 0 0, -76.7818816309607, 279.018127301472, 2.16662
0 0 0 0 0, -37.7890790407755, 233.443327676508, 2.16662
0 0 0 0 0, -31.6927652950115, 245.27611913632, 2.16662
0 0 0 0 0, 96.8791228026871, 278.183630714962, 2.16662
0 0 0 0 0, 176.429166690798, 241.071580338233, 2.16662
0 0 0 0 0, -135.674500169609, 288.770157589552, 2.16662
0 0 0 0 0, -35.8755486359182, 282.714500493724, 2.16662
0 0 0 0 0, -27.2936381315915, 284.151899442862, 2.16662
0 0 0 0 0, -13.1903075124503, 288.606337264949, 2.16662
0 0 0 0 0, -257.326590362599, 182.7296022926, 2.16662
0 0 0 0 0, -175.152160322023, 213.142399024925, 2.16662
0 0 0 0 0, 73.3779557657672, 312.891898805928, 2.16662
0 0 0 0 0, 42.1820181081117, 296.166804713818, 2.16662
0 0 0 0 0, 79.5643548977384, 308.645009679396, 2.16662
0 0 0 0 0, 57.9796090760949, 299.39183414683, 2.16662
0 0 0 0 0, -12.5063642415737, 270.516775189492, 2.16662
0 0 0 0 0, 23.223495779625, 277.642757925472, 2.16662
0 0 0 0 0, -158.27231675154, 202.12867590977, 2.16662
0 0 0 0 0, 97.2763061022581, 306.26879632173, 2.16662
0 0 0 0 0, -20.7762731893715, 254.151045520717, 2.16662
0 0 0 0 0, 70.8595045800347, 290.647757521937, 2.16662
0 0 0 0 0, -150.195470959914, 194.053109085487, 2.16662
0 0 0 0 0, -115.507834272789, 205.612989987596, 2.16662
0 0 0 0 0, -235.246591960915, 152.301092012674, 2.16662
0 0 0 0 0, -174.364286831634, 175.253759958138, 2.16662
0 0 0 0 0, 103.12482087697, 286.936684712078, 2.16662
0 0 0 0 0, -135.090397428062, 185.04051692956, 2.16662
0 0 0 0 0, 129.286378185306, 284.944777392435, 2.16662
0 0 0 0 0, -165.606412289562, 159.536003028783, 2.16662
0 0 0 0 0, -223.032718255512, 131.000882376403, 2.16662
0 0 0 0 0, 118.972961422059, 264.078965720531, 2.16662
0 0 0 0 0, -223.88047715105, 115.301181080605, 2.16662
0 0 0 0 0, -235.757457430894, 105.081365316469, 2.16662
0 0 0 0 0, 8.43375029815813, 201.44510655023, 2.16662
0 0 0 0 0, 9.34306594851353, 190.090461712808, 2.16662
0 0 0 0 0, 119.083062924045, 230.896025705857, 2.16662
0 0 0 0 0, -139.064847326914, 124.194387037216, 2.16662
0 0 0 0 0, 38.213068876679, 194.669885552396, 2.16662
0 0 0 0 0, -3.7421885939455, 176.885708414185, 2.16662
0 0 0 0 0, 51.9029595199088, 189.244477963476, 2.16662
0 0 0 0 0, 73.3556402617036, 197.4478399124, 2.16662
0 0 0 0 0, 199.483113322733, 242.892192679282, 2.16662
0 0 0 0 0, 156.505988282268, 216.100336500753, 2.16662
0 0 0 0 0, -204.392994591372, 65.8897997457891, 2.16662
0 0 0 0 0, 118.480638828618, 198.681775458066, 2.16662
0 0 0 0 0, 104.510149083362, 191.536128454871, 2.16662
0 0 0 0 0, 83.4751623036248, 182.268481090365, 2.16662
0 0 0 0 0, -318.14400419565, 6.56481884534795, 2.16662
0 0 0 0 0, -243.440659956246, 24.3714999503411, 2.16662
0 0 0 0 0, -147.608644911742, 59.0626145716283, 2.16662
0 0 0 0 0, -121.459423906476, 68.0606359041716, 2.16662
0 0 0 0 0, -150.000363936701, 51.4457481857294, 2.16662
0 0 0 0 0, -127.993870212483, 56.0310585927526, 2.16662
0 0 0 0 0, 109.36959808935, 142.802931924777, 2.16662
0 0 0 0 0, 96.6273338981214, 124.583759475092, 2.16662
0 0 0 0 0, 118.078122432729, 133.057153118553, 2.16662
0 0 0 0 0, -44.7016475590682, 58.8386833964203, 2.16662
0 0 0 0 0, 161.477025257382, 139.697844391139, 2.16662
0 0 0 0 0, 244.186952007096, 167.371690235256, 2.16662
0 0 0 0 0, -198.875377055707, -17.2114863273375, 2.16662
0 0 0 0 0, 50.0096880308445, 85.6748731024398, 2.16662
0 0 0 0 0, -299.426530334731, -64.7746882260884, 2.16662
0 0 0 0 0, -245.342061263046, -42.0627684653153, 2.16662
0 0 0 0 0, -218.376471161328, -37.2798055299706, 2.16662
0 0 0 0 0, 176.699498952162, 121.781246973776, 2.16662
0 0 0 0 0, -307.652188749888, -88.1699442950589, 2.16662
0 0 0 0 0, -236.079175092001, -58.0602786081509, 2.16662
0 0 0 0 0, -303.887566438075, -102.481158383123, 2.16662
0 0 0 0 0, 168.80350613976, 96.5166137472142, 2.16662
0 0 0 0 0, -21.4754376872613, 13.7221499474269, 2.16662
0 0 0 0 0, 67.9209069844855, 48.499471913457, 2.16662
0 0 0 0 0, -293.676232873246, -107.704748755977, 2.16662
0 0 0 0 0, -281.42963571506, -105.474859658013, 2.16662
0 0 0 0 0, 61.2439705462235, 39.261418771054, 2.16662
0 0 0 0 0, -289.787881313658, -116.620862103459, 2.16662
0 0 0 0 0, 171.424241580257, 76.8651082820901, 2.16662
0 0 0 0 0, -236.747829248171, -95.7820876500874, 2.16662
0 0 0 0 0, 28.5455146972228, 5.00690322530759, 2.16662
0 0 0 0 0, -232.902172777452, -110.444652148915, 2.16662
0 0 0 0 0, 59.0589995738422, 13.2670181720237, 2.16662
0 0 0 0 0, 283.568381468009, 99.0985102020174, 2.16662
0 0 0 0 0, -200.627248632561, -104.895258769526, 2.16662
0 0 0 0 0, 68.3962040451233, 5.21578928229081, 2.16662
0 0 0 0 0, 171.43148787214, 41.4808198462586, 2.16662
0 0 0 0 0, -191.43413855444, -112.08649107359, 2.16662
0 0 0 0 0, 310.891124962046, 85.8951122255862, 2.16662
0 0 0 0 0, 66.1575305720025, -12.6929198779958, 2.16662
0 0 0 0 0, 134.165568590866, 13.2767417270512, 2.16662
0 0 0 0 0, -155.670772911309, -110.123847547697, 2.16662
0 0 0 0 0, -133.884697676964, -100.850402856995, 2.16662
0 0 0 0 0, -73.2633641016208, -76.1118696753468, 2.16662
0 0 0 0 0, 99.5151339990043, -8.3906337783264, 2.16662
0 0 0 0 0, -67.9813911272591, -82.5573609289198, 2.16662
0 0 0 0 0, 129.510885210162, -4.2541176897383, 2.16662
0 0 0 0 0, 103.391553348625, -15.3178750803992, 2.16662
0 0 0 0 0, -160.016100831194, -129.141231302316, 2.16662
0 0 0 0 0, 53.0281671957601, -39.6032988484043, 2.16662
0 0 0 0 0, 273.814273681371, 45.1811168838845, 2.16662
0 0 0 0 0, 305.591834592681, 57.1841050714183, 2.16662
0 0 0 0 0, -124.277487581461, -120.461707752788, 2.16662
0 0 0 0 0, -73.3851982851577, -102.249057214359, 2.16662
0 0 0 0 0, 128.110479765684, -18.7966143804372, 2.16662
0 0 0 0 0, 314.152397950553, 54.437013910791, 2.16662
0 0 0 0 0, 78.6735366119119, -40.0800756256056, 2.16662
0 0 0 0 0, 46.3392407621142, -54.2284178529072, 2.16662
0 0 0 0 0, -120.27875109013, -129.067614875626, 2.16662
0 0 0 0 0, 9.27202891034799, -75.3684986064482, 2.16662
0 0 0 0 0, 251.60246466243, 22.0985380107883, 2.16662
0 0 0 0 0, -72.9849751496932, -111.37183498826, 2.16662
0 0 0 0 0, -10.9730526503814, -93.0316214574149, 2.16662
0 0 0 0 0, -82.9198528622027, -126.555950245873, 2.16662
0 0 0 0 0, -123.282115227484, -144.616312651648, 2.16662
0 0 0 0 0, 114.631428658876, -46.1097261087333, 2.16662
0 0 0 0 0, -125.814232062258, -153.21241675988, 2.16662
0 0 0 0 0, 77.7516740183836, -69.1733866776591, 2.16662
0 0 0 0 0, -13.6854920962046, -118.393212690257, 2.16662
0 0 0 0 0, 1.50562969781474, -113.04447366825, 2.16662
0 0 0 0 0, -133.895883575885, -175.125007703557, 2.16662
0 0 0 0 0, -40.8935789785073, -136.044550302946, 2.16662
0 0 0 0 0, 110.635080108148, -73.3531859218093, 2.16662
0 0 0 0 0, -103.146329121869, -167.419302339057, 2.16662
0 0 0 0 0, 129.928663712243, -80.5584256294592, 2.16662
0 0 0 0 0, 152.150152071184, -72.3553569814986, 2.16662
0 0 0 0 0, 242.535446573719, -41.3019053998738, 2.16662
0 0 0 0 0, -47.3781262108101, -170.727290738343, 2.16662
0 0 0 0 0, -207.799977255985, -242.264960562607, 2.16662
0 0 0 0 0, -197.233239065485, -237.62029040564, 2.16662
0 0 0 0 0, -36.0672110752745, -179.491194889926, 2.16662
0 0 0 0 0, 290.10081395949, -47.210221220578, 2.16662
0 0 0 0 0, 14.9268430026522, -162.915293245442, 2.16662
0 0 0 0 0, 127.864905447629, -118.854921353949, 2.16662
0 0 0 0 0, -171.774579848268, -249.713643830214, 2.16662
0 0 0 0 0, -169.171565791478, -261.200399139409, 2.16662
0 0 0 0 0, 118.994913323825, -137.537651054713, 2.16662
0 0 0 0 0, -12.4637572223011, -200.145048835285, 2.16662
0 0 0 0 0, -1.48848229877401, -199.569246580614, 2.16662
0 0 0 0 0, 122.912723422223, -148.537143003174, 2.16662
0 0 0 0 0, -16.7416090180546, -212.930818431368, 2.16662
0 0 0 0 0, 119.938322561026, -158.985547038088, 2.16662
0 0 0 0 0, -35.7358875228569, -231.947550901598, 2.16662
0 0 0 0 0, -24.0622897501678, -232.58976098806, 2.16662
0 0 0 0 0, 298.955967943916, -103.390516531186, 2.16662
0 0 0 0 0, 3.06189862555438, -239.153366596612, 2.16662
0 0 0 0 0, 119.887891916134, -192.000269813169, 2.16662
0 0 0 0 0, 48.6774813160666, -222.250901484613, 2.16662
0 0 0 0 0, 16.5803621888178, -255.096618605309, 2.16662
0 0 0 0 0, 163.652541746343, -189.461826932828, 2.16662
0 0 0 0 0, 135.719715671854, -197.269782315459, 2.16662
0 0 0 0 0, -94.9550060623043, -308.661679069988, 2.16662
0 0 0 0 0, 112.820167312703, -223.899695834638, 2.16662
0 0 0 0 0, -23.6232988608963, -290.498788325926, 2.16662
0 0 0 0 0, 158.955037206363, -229.112389204772, 2.16662
0 0 0 0 0, 36.0359929517072, -290.221928959438, 2.16662
0 0 0 0 0, 152.151733188966, -236.496784449646, 2.16662
-1 0 0 0 0, 0, 0, 3.175
