0 0 0 0 0, -117.197822655266, 290.934884991001, 3.175
0 0 0 0 0, 54.5523695809212, 156.99029766834, 3.175
0 0 0 0 0, 172.138571779488, 254.640116953434, 3.175
0 0 0 0 0, -91.0666980621797, -254.094069729203, 3.175
0 0 0 0 0, 247.730759388328, -162.647069501266, 3.175
0 0 0 0 0, 147.598270802207, 62.4931261188162, 3.175
0 0 0 0 0, -163.003909747899, 26.590431475471, 3.175
0 0 0 0 0, 196.889997500826, -132.426923145613, 2.16662
0 0 0 0 0, 196.917802270665, -134.968102779467, 2.16662
0 0 0 0 0, 92.7526274474911, -263.043924961526, 2.16662
0 0 0 0 0, 92.7508887170695, -265.585817818321, 2.16662
0 0 0 0 0, -123.523482406953, -261.698323815025, 2.16662
0 0 0 0 0, -123.553225598594, -264.240197437269, 2.16662
0 0 0 0 0, -226.624301607395, -130.622586795974, 2.16662
0 0 0 0 0, -226.633530797695, -133.163977251631, 2.16662
0 0 0 0 0, -201.714595945613, 119.082350122066, 2.16662
0 0 0 0 0, -201.470632228809, 121.611914837434, 2.16662
0 0 0 0 0, -94.4810494528664, 263.051359891769, 2.16662
0 0 0 0 0, -94.4794658612134, 265.593260942505, 2.16662
0 0 0 0 0, 122.282038124927, 253.000037557565, 2.16662
0 0 0 0 0, 122.488843070518, 255.533521418392, 2.16662
0 0 0 0 0, 225.839087259351, 133.640981697714, 2.16662
0 0 0 0 0, 225.786764663084, 136.181845389419, 2.16662
0 0 0 0 0, 12.3135236355544, 73.3173141777807, 2.16662
0 0 0 0 0, 13.4493445395442, 75.5907802253211, 2.16662
0 0 0 0 0, -12.680422120093, -65.0651475471415, 2.16662
0 0 0 0 0, -13.9641536576769, -67.2584496255681, 2.16662
0 0 0 0 0, 89.8294293479614, -141.040758775994, 2.16662
0 0 0 0 0, 90.0326435350247, -143.573933952375, 2.16662
0 0 0 0 0, 291.267223268175, -139.440307994188, 2.16662
0 0 0 0 0, -96.208518327548, 294.955470181931, 2.16662
0 0 0 0 0, 166.501458247541, 249.354999007298, 2.16662
0 0 0 0 0, 46.3103387182805, -117.389597765486, 2.16662
0 0 0 0 0, -280.395769600184, 23.4833839175731, 2.16662
0 0 0 0 0, -29.6931562807578, 106.116449983484, 2.16662
0 0 0 0 0, -52.3448850393089, -283.621793098085, 2.16662
0 0 0 0 0, 299.445750911438, -96.6330156868168, 2.16662
0 0 0 0 0, -272.750769551092, 123.928070752159, 2.16662
0 0 0 0 0, 100.779376413241, -32.478016058736, 2.16662
0 0 0 0 0, 77.6633158315355, -8.13693549168979, 2.16662
0 0 0 0 0, 180.991652720662, -263.021073710999, 2.16662
0 0 0 0 0, -186.857951608841, 196.572504378554, 2.16662
0 0 0 0 0, -125.174781280997, -97.0158557003782, 2.16662
0 0 0 0 0, 187.688107704378, -21.9945137152048, 2.16662
0 0 0 0 0, 69.7144241371785, 141.12442412781, 2.16662
0 0 0 0 0, 53.7792263349768, -146.785412064137, 2.16662
0 0 0 0 0, 67.2954603294176, -244.312477422371, 2.16662
0 0 0 0 0, -241.295154461223, -155.42425856653, 2.16662
0 0 0 0 0, -301.766736930156, -26.471952932026, 2.16662
0 0 0 0 0, 156.84332318728, 191.667768798837, 2.16662
0 0 0 0 0, 154.155687690056, -270.274270459892, 2.16662
0 0 0 0 0, 37.5746930593617, -255.523048579286, 2.16662
0 0 0 0 0, -58.5099621793255, 114.228692967757, 2.16662
0 0 0 0 0, -219.84702482576, -41.1180563962617, 2.16662
0 0 0 0 0, 194.063036744894, -230.937461678374, 2.16662
0 0 0 0 0, -27.6681864374039, -306.797975183667, 2.16662
0 0 0 0 0, 266.165058234896, 121.894788107376, 2.16662
0 0 0 0 0, 117.573370939153, -54.421226855503, 2.16662
0 0 0 0 0, -10.6375251710934, -291.058432769464, 2.16662
0 0 0 0 0, -60.0427354465004, 164.825703860729, 2.16662
0 0 0 0 0, -181.581102984872, -107.144790479752, 2.16662
0 0 0 0 0, -253.052353027034, -119.101438558508, 2.16662
0 0 0 0 0, -203.981766252319, -54.090215624179, 2.16662
0 0 0 0 0, 180.754267197841, 71.7645252375213, 2.16662
0 0 0 0 0, -153.893095762263, 13.2102946639663, 2.16662
0 0 0 0 0, -7.11234274625318, 270.444978775834, 2.16662
0 0 0 0 0, 227.967950726555, 220.357245569866, 2.16662
0 0 0 0 0, -250.149599850777, 203.304228164412, 2.16662
0 0 0 0 0, -67.7797370708962, -269.706570874437, 2.16662
0 0 0 0 0, 225.17444863842, 171.320483467164, 2.16662
0 0 0 0 0, -39.8614706754547, -219.725936500207, 2.16662
0 0 0 0 0, -136.424541698961, -260.799313625717, 2.16662
0 0 0 0 0, -115.040078862198, 63.4354218972447, 2.16662
0 0 0 0 0, -51.2654660974004, -86.1838525722036, 2.16662
0 0 0 0 0, 13.1667378565873, -146.707842220144, 2.16662
0 0 0 0 0, -45.1184634864292, -121.271960221295, 2.16662
0 0 0 0 0, 18.9116268982046, 62.8454645739329, 2.16662
0 0 0 0 0, 42.3820749162267, 213.928402540985, 2.16662
0 0 0 0 0, 100.075138809654, -213.69243817857, 2.16662
0 0 0 0 0, 182.315104317722, 189.405893543155, 2.16662
0 0 0 0 0, 266.695308308553, -114.87185096931, 2.16662
0 0 0 0 0, 48.0063870195831, 295.344008560897, 2.16662
0 0 0 0 0, 139.282036951661, -223.432571235888, 2.16662
0 0 0 0 0, 58.9089575184768, -58.5362796454257, 2.16662
0 0 0 0 0, -128.245691373548, -115.789614627491, 2.16662
0 0 0 0 0, -161.968063765848, 265.309309472382, 2.16662
0 0 0 0 0, 209.924071100031, -155.215500921152, 2.16662
0 0 0 0 0, -26.5464907359148, -107.333306779245, 2.16662
0 0 0 0 0, 208.219424716111, 184.493604531549, 2.16662
0 0 0 0 0, -85.6722370827536, 143.756785879664, 2.16662
0 0 0 0 0, 119.317052395454, 16.4211489050919, 2.16662
0 0 0 0 0, -12.681279449167, 36.2496852715253, 2.16662
0 0 0 0 0, 57.4730312176393, -107.384270046369, 2.16662
0 0 0 0 0, 295.173202451953, -56.5396454072592, 2.16662
0 0 0 0 0, -97.7585720090829, -146.690473996928, 2.16662
0 0 0 0 0, 74.5500897394507, -184.19382773214, 2.16662
0 0 0 0 0, 178.388477857801, -144.644778056429, 2.16662
0 0 0 0 0, 193.387422953842, -246.66093627205, 2.16662
0 0 0 0 0, -151.540386035675, 233.198258140378, 2.16662
0 0 0 0 0, 173.850482777317, -50.7493549447314, 2.16662
0 0 0 0 0, -269.609849316713, -91.1204539245376, 2.16662
0 0 0 0 0, -218.192306701116, 7.52446580270413, 2.16662
0 0 0 0 0, 72.9939060649961, -13.3817940622259, 2.16662
0 0 0 0 0, -243.150867750947, 22.0509984346375, 2.16662
0 0 0 0 0, 5.59403251329691, 207.053111841001, 2.16662
0 0 0 0 0, 203.553434401087, 0.559750678886791, 2.16662
0 0 0 0 0, -59.6094571268497, 131.14600106599, 2.16662
0 0 0 0 0, 297.667963481006, -77.1717828247658, 2.16662
0 0 0 0 0, -57.4491414254733, 226.629722608982, 2.16662
0 0 0 0 0, -26.5168731911305, -282.627590947923, 2.16662
0 0 0 0 0, 211.089331063377, -126.455775930717, 2.16662
0 0 0 0 0, -60.8563236647413, 119.1448468512, 2.16662
0 0 0 0 0, 241.568087451695, 17.5696084238662, 2.16662
0 0 0 0 0, -44.6925647558129, -137.709040235001, 2.16662
0 0 0 0 0, 90.1950611616992, 26.2128835022861, 2.16662
0 0 0 0 0, -211.560204992376, -98.9175258799442, 2.16662
0 0 0 0 0, 323.055610582818, -7.01336069513045, 2.16662
0 0 0 0 0, -113.135029089402, 216.616208349081, 2.16662
0 0 0 0 0, -274.821746685597, -109.22446725548, 2.16662
0 0 0 0 0, -206.365324202215, -229.057303350135, 2.16662
0 0 0 0 0, -96.6806990091498, -205.86910193494, 2.16662
0 0 0 0 0, 151.095405026257, -81.59449321043, 2.16662
0 0 0 0 0, -229.246183101023, -143.7326044597, 2.16662
0 0 0 0 0, -28.6357398663722, -129.902185458034, 2.16662
0 0 0 0 0, 58.1993430319214, -318.87350460716, 2.16662
0 0 0 0 0, 251.911837724618, 21.4885752583088, 2.16662
0 0 0 0 0, 125.634980801036, -258.554709294992, 2.16662
0 0 0 0 0, 61.4664828466011, -125.912705363629, 2.16662
0 0 0 0 0, 18.2937206725793, -285.13283559522, 2.16662
0 0 0 0 0, -182.782283789393, 14.3837450184419, 2.16662
0 0 0 0 0, -82.9459563596973, -215.719276375685, 2.16662
0 0 0 0 0, 111.918655128301, -234.813018531464, 2.16662
0 0 0 0 0, 250.585369317234, -19.5677540138852, 2.16662
0 0 0 0 0, 136.148107185414, -198.284737011322, 2.16662
0 0 0 0 0, -87.5099586409459, 206.618610857094, 2.16662
0 0 0 0 0, 48.1250719925682, 200.078230931715, 2.16662
0 0 0 0 0, 160.088252819782, -248.550766714712, 2.16662
0 0 0 0 0, -195.169433086627, -201.510363815005, 2.16662
0 0 0 0 0, -171.863178041799, 275.303752064294, 2.16662
0 0 0 0 0, 209.162741390411, -49.3912387867302, 2.16662
0 0 0 0 0, -50.3406147207196, 285.189616394287, 2.16662
0 0 0 0 0, 44.9494329099355, 230.949500898112, 2.16662
0 0 0 0 0, -43.0353102192311, 190.301858630778, 2.16662
0 0 0 0 0, -146.795208563045, 144.222692123799, 2.16662
0 0 0 0 0, -3.90224792094694, -188.42273619367, 2.16662
0 0 0 0 0, 125.2207418688, -251.049374972713, 2.16662
0 0 0 0 0, 189.200077785869, -80.2230936004524, 2.16662
0 0 0 0 0, -20.042362014081, 129.307207676016, 2.16662
0 0 0 0 0, 48.8562832292388, -283.873348857599, 2.16662
0 0 0 0 0, 12.1077637442277, 199.422623164592, 2.16662
0 0 0 0 0, 190.529793378632, 187.043125840153, 2.16662
0 0 0 0 0, -136.932501148184, 155.016955339027, 2.16662
0 0 0 0 0, -146.950924910225, 287.705537628233, 2.16662
0 0 0 0 0, -27.0347678848329, -200.610628180065, 2.16662
0 0 0 0 0, -120.079231622076, 188.363644793106, 2.16662
0 0 0 0 0, -17.4892941575075, 119.913500704891, 2.16662
0 0 0 0 0, 9.07779637126588, -176.299859805416, 2.16662
0 0 0 0 0, 90.7631136259952, -291.895188355711, 2.16662
0 0 0 0 0, 304.09249830959, -7.83849566230509, 2.16662
0 0 0 0 0, -266.087977279497, -166.685382086264, 2.16662
0 0 0 0 0, 223.462852822888, 176.688237673421, 2.16662
0 0 0 0 0, 29.5583622185849, -279.036577283021, 2.16662
0 0 0 0 0, 95.3684493223872, 197.072440855382, 2.16662
0 0 0 0 0, -42.595760869532, -142.429741177762, 2.16662
0 0 0 0 0, 62.6190977790961, -243.618047113733, 2.16662
0 0 0 0 0, -21.7313101937613, -151.733446342263, 2.16662
0 0 0 0 0, 193.269451603473, -154.778208160467, 2.16662
0 0 0 0 0, 79.7280343252541, 232.550360337875, 2.16662
0 0 0 0 0, -58.9105652471183, 276.68213486544, 2.16662
0 0 0 0 0, -300.683216687347, 71.4263457729558, 2.16662
0 0 0 0 0, -161.502751317348, -271.310555724284, 2.16662
0 0 0 0 0, 23.097902988821, 108.758065598351, 2.16662
0 0 0 0 0, 103.266396895334, -219.796734128567, 2.16662
0 0 0 0 0, 59.4059157921084, 86.9854645345441, 2.16662
0 0 0 0 0, -174.43021211679, -119.557600252159, 2.16662
0 0 0 0 0, 99.3460906868446, -27.4235721270463, 2.16662
0 0 0 0 0, -285.028889594516, -117.034610724213, 2.16662
0 0 0 0 0, -127.329588814624, -241.611280194606, 2.16662
0 0 0 0 0, 208.580690728468, -190.460784314547, 2.16662
0 0 0 0 0, -234.325118910805, 92.6861600541641, 2.16662
0 0 0 0 0, -197.786194881636, 141.752662992395, 2.16662
0 0 0 0 0, 146.757572196838, -246.559766656449, 2.16662
0 0 0 0 0, 129.969984763083, -168.247742611113, 2.16662
0 0 0 0 0, 88.0518448161243, -55.5036153056103, 2.16662
0 0 0 0 0, 91.8143638580967, -52.2807203904182, 2.16662
0 0 0 0 0, 42.9889877070622, 62.5365762357882, 2.16662
0 0 0 0 0, -192.773042588714, 201.092564870687, 2.16662
0 0 0 0 0, 159.034896459795, -226.887644624168, 2.16662
0 0 0 0 0, -14.1902045180323, 153.558260200775, 2.16662
0 0 0 0 0, -143.415003793821, 170.389700225577, 2.16662
0 0 0 0 0, -106.108810268197, -293.39228870339, 2.16662
0 0 0 0 0, -93.8015592970027, 42.2686475433391, 2.16662
0 0 0 0 0, 151.432983454758, 249.531913690183, 2.16662
0 0 0 0 0, -71.2311533954382, 222.107702789088, 2.16662
0 0 0 0 0, 264.389505615242, -136.120483319578, 2.16662
0 0 0 0 0, 174.916811169126, -91.5123301390102, 2.16662
0 0 0 0 0, -95.3552049919394, -22.7271695680627, 2.16662
0 0 0 0 0, 230.831372439987, -17.3070755134989, 2.16662
0 0 0 0 0, -28.5763062567894, -56.6923612165118, 2.16662
0 0 0 0 0, 199.918192203785, 97.6922718827244, 2.16662
0 0 0 0 0, -180.480966168297, -174.915593175621, 2.16662
0 0 0 0 0, -4.80924190536042, -96.9920272739143, 2.16662
0 0 0 0 0, -117.480935000533, -23.2173324310556, 2.16662
0 0 0 0 0, 224.790467029396, -210.03474581543, 2.16662
0 0 0 0 0, 47.8626897733516, -44.529381876389, 2.16662
0 0 0 0 0, 302.784356387328, -37.6265128353788, 2.16662
0 0 0 0 0, -139.586033523487, -277.487533506516, 2.16662
0 0 0 0 0, 170.965265578695, 162.780839129235, 2.16662
0 0 0 0 0, 176.543199354698, 199.886016219713, 2.16662
0 0 0 0 0, 102.425662709225, 271.339001314204, 2.16662
0 0 0 0 0, 158.333882259607, 246.7221502506, 2.16662
0 0 0 0 0, -160.145146044123, -249.359308340964, 2.16662
0 0 0 0 0, 77.6899786119262, 12.0990734315169, 2.16662
0 0 0 0 0, 5.65736068032693, -221.884989683917, 2.16662
0 0 0 0 0, -202.818395625726, 217.841531352383, 2.16662
0 0 0 0 0, -172.250726253592, -248.759590784379, 2.16662
0 0 0 0 0, 27.8576535681769, -102.450657833331, 2.16662
0 0 0 0 0, -258.13454791463, -46.925756871963, 2.16662
0 0 0 0 0, 259.099618782461, -65.4314791690876, 2.16662
0 0 0 0 0, 63.5962949058631, 243.533838895614, 2.16662
0 0 0 0 0, 305.56028102183, -31.4591522869863, 2.16662
0 0 0 0 0, 44.0392043096664, 4.02458145582738, 2.16662
0 0 0 0 0, -305.609112377086, -14.6071355041618, 2.16662
0 0 0 0 0, 192.262891358105, 98.6783561281437, 2.16662
0 0 0 0 0, 61.9800879287454, -156.143692271578, 2.16662
0 0 0 0 0, 194.790570219614, -150.812168028952, 2.16662
0 0 0 0 0, 29.8783409497006, 108.458648527656, 2.16662
0 0 0 0 0, -180.034606076177, 123.18728019441, 2.16662
0 0 0 0 0, -163.348398085023, 217.370067626821, 2.16662
0 0 0 0 0, -92.6422188754108, -178.298831820016, 2.16662
0 0 0 0 0, 303.344236582946, 94.2968927904987, 2.16662
0 0 0 0 0, 37.2304374704903, -76.8843114018324, 2.16662
0 0 0 0 0, -90.6342698422546, 170.508572777909, 2.16662
0 0 0 0 0, -218.81535464286, -31.5932824740751, 2.16662
0 0 0 0 0, 285.528119737407, -96.1153254952979, 2.16662
0 0 0 0 0, 78.3375152113041, -53.0309513836582, 2.16662
0 0 0 0 0, -10.7167505166894, 137.687987654379, 2.16662
0 0 0 0 0, 266.474016957314, 47.8548701254108, 2.16662
0 0 0 0 0, 45.6588557152166, 176.650971102039, 2.16662
0 0 0 0 0, -29.3665752467075, 188.736281264472, 2.16662
0 0 0 0 0, -98.1869746974198, 185.773251945641, 2.16662
0 0 0 0 0, -98.0111323912871, 160.420469001511, 2.16662
0 0 0 0 0, 153.299858811771, -166.439716358362, 2.16662
0 0 0 0 0, -94.6830598167158, 175.731505580124, 2.16662
0 0 0 0 0, -4.08414697631059, -142.62813446528, 2.16662
0 0 0 0 0, -97.3650066071605, -57.4530987154735, 2.16662
0 0 0 0 0, -268.14202652829, 178.148534589734, 2.16662
0 0 0 0 0, 260.094966967932, -78.5574069153033, 2.16662
0 0 0 0 0, -35.4155282277051, -259.909205743862, 2.16662
0 0 0 0 0, -174.062783925341, -126.428943804369, 2.16662
0 0 0 0 0, 200.976776825414, 82.0228109139035, 2.16662
0 0 0 0 0, 202.609046087579, 7.38938886371618, 2.16662
0 0 0 0 0, 46.2817652015125, 291.486586331813, 2.16662
0 0 0 0 0, 262.278831463621, 133.522213901286, 2.16662
0 0 0 0 0, 199.492181914754, 141.237203376885, 2.16662
0 0 0 0 0, -120.59758422979, 170.35716431551, 2.16662
0 0 0 0 0, 11.0756381104622, -212.963601897272, 2.16662
0 0 0 0 0, 110.801694743741, -72.8346530278033, 2.16662
0 0 0 0 0, -249.557383634161, -93.2127650341223, 2.16662
0 0 0 0 0, -46.4063796836825, -170.416779405147, 2.16662
0 0 0 0 0, -39.0428060306378, -54.7880557845342, 2.16662
0 0 0 0 0, 84.2132460279888, 310.098700210739, 2.16662
0 0 0 0 0, -182.435315361358, -9.40733528234128, 2.16662
0 0 0 0 0, 196.234961138169, 181.660541827754, 2.16662
0 0 0 0 0, -40.0232772276053, 203.294187709993, 2.16662
0 0 0 0 0, 216.147115674933, -223.478909418778, 2.16662
0 0 0 0 0, 48.1109802270781, 226.568370965457, 2.16662
0 0 0 0 0, -32.4411017657366, 276.76515665264, 2.16662
0 0 0 0 0, -34.5818703878006, 92.5720468812198, 2.16662
0 0 0 0 0, 133.832090694063, 110.745023905494, 2.16662
0 0 0 0 0, 96.1640609564992, 32.0120679289055, 2.16662
0 0 0 0 0, 82.4064105353185, -280.21342930488, 2.16662
0 0 0 0 0, -17.3702141519309, -198.014991786206, 2.16662
0 0 0 0 0, 125.922496609667, -287.068694516133, 2.16662
0 0 0 0 0, -188.334936551745, 248.773612132915, 2.16662
0 0 0 0 0, -105.955432866415, -87.7839908675674, 2.16662
0 0 0 0 0, 223.402712315902, 118.476991344223, 2.16662
0 0 0 0 0, -154.904491320968, 40.3626768443596, 2.16662
0 0 0 0 0, 284.385755019177, -21.2334470075084, 2.16662
0 0 0 0 0, -277.182242624936, 99.4056354577109, 2.16662
0 0 0 0 0, 67.0668653192992, -229.083784481779, 2.16662
0 0 0 0 0, -3.65516484852842, -216.992404045271, 2.16662
0 0 0 0 0, -306.689921121294, -73.1684506549034, 2.16662
0 0 0 0 0, -24.0898291996308, 28.7728395969739, 2.16662
0 0 0 0 0, 153.46428502853, 42.0636916785777, 2.16662
0 0 0 0 0, -174.430394038616, 179.59709155839, 2.16662
0 0 0 0 0, 111.13072029813, -288.799655676833, 2.16662
0 0 0 0 0, 241.495043267401, 194.617304034686, 2.16662
0 0 0 0 0, 64.4397842400783, -45.351176336956, 2.16662
0 0 0 0 0, 34.7948420352946, -284.017080145046, 2.16662
0 0 0 0 0, 78.8159200382025, 80.6551117496362, 2.16662
0 0 0 0 0, -197.271481779776, 130.071273369071, 2.16662
0 0 0 0 0, -161.260929353491, 239.445162038396, 2.16662
0 0 0 0 0, -165.361583406871, 64.8273132207157, 2.16662
0 0 0 0 0, -106.073672398841, 269.728869101145, 2.16662
0 0 0 0 0, -187.072487148224, -141.684454191237, 2.16662
0 0 0 0 0, -224.946495649633, 63.2574712946139, 2.16662
0 0 0 0 0, 174.309777230858, 181.142427732747, 2.16662
0 0 0 0 0, 148.610683764731, 136.297089040366, 2.16662
0 0 0 0 0, -147.805315851206, 283.931158195476, 2.16662
0 0 0 0 0, 34.0252589516683, -276.878266330814, 2.16662
0 0 0 0 0, 70.9844913466067, 204.574425146968, 2.16662
0 0 0 0 0, 35.8715434046556, -241.991191140708, 2.16662
0 0 0 0 0, -113.835709755465, -292.414721813852, 2.16662
0 0 0 0 0, -95.0867801347471, -279.543849298813, 2.16662
0 0 0 0 0, 269.013400474194, -131.934466817679, 2.16662
0 0 0 0 0, -266.483248548978, -61.0303660581767, 2.16662
0 0 0 0 0, 64.7553160102217, -313.571084627073, 2.16662
0 0 0 0 0, 138.351510398728, -246.809589107668, 2.16662
0 0 0 0 0, -229.400994334596, -112.938458997343, 2.16662
0 0 0 0 0, 153.641126117402, 219.342099095093, 2.16662
0 0 0 0 0, -10.3528834181105, -226.632077621129, 2.16662
0 0 0 0 0, -7.27301848028472, 317.834345529437, 2.16662
0 0 0 0 0, 159.740062445657, -192.029279045034, 2.16662
0 0 0 0 0, -89.2757717617164, -23.2571325088636, 2.16662
0 0 0 0 0, -287.110018636414, 129.941520769152, 2.16662
0 0 0 0 0, 76.889679712698, 285.961579860179, 2.16662
0 0 0 0 0, 87.5674008473682, 251.822679969778, 2.16662
0 0 0 0 0, 36.8764776278388, 165.978257978005, 2.16662
0 0 0 0 0, -264.646204438013, 161.840420582935, 2.16662
0 0 0 0 0, -65.8168889919189, 221.563943034613, 2.16662
0 0 0 0 0, -186.273413580174, 186.850721801283, 2.16662
0 0 0 0 0, 199.278085531563, -58.1972892516823, 2.16662
0 0 0 0 0, -105.337035372789, -50.2035565926278, 2.16662
0 0 0 0 0, 0.574750925664757, 18.3716199911018, 2.16662
0 0 0 0 0, 112.724941300174, 210.431205499049, 2.16662
0 0 0 0 0, -248.178034386474, 49.1267836319971, 2.16662
0 0 0 0 0, -12.4419115856684, 123.667278178395, 2.16662
0 0 0 0 0, -271.253571584116, -133.996253215742, 2.16662
0 0 0 0 0, -246.648408261637, -37.0045599627064, 2.16662
0 0 0 0 0, -91.4890182426123, 301.281099202104, 2.16662
0 0 0 0 0, -145.147419503821, 94.5719089305694, 2.16662
0 0 0 0 0, -23.9599627077579, 194.083224624999, 2.16662
0 0 0 0 0, -84.1536250898773, 195.166623345435, 2.16662
0 0 0 0 0, -163.758839241174, -66.5062964436199, 2.16662
0 0 0 0 0, -2.06707221664822, 295.879238589771, 2.16662
0 0 0 0 0, 99.1638563885677, 37.2556303905944, 2.16662
0 0 0 0 0, 47.8935588894848, 286.973440330677, 2.16662
0 0 0 0 0, 155.290309649576, -177.593678475716, 2.16662
0 0 0 0 0, 166.694051596408, 272.006624958596, 2.16662
0 0 0 0 0, 2.08568118080113, -52.0161356891267, 2.16662
0 0 0 0 0, -205.821001859194, 63.706052825863, 2.16662
0 0 0 0 0, -199.791545113033, -235.859961936508, 2.16662
0 0 0 0 0, 19.353655647159, -221.987578432501, 2.16662
0 0 0 0 0, 292.926248522017, 111.454884619411, 2.16662
0 0 0 0 0, 9.2910800250244, 37.7592668777043, 2.16662
0 0 0 0 0, 214.951507982472, 148.450978467194, 2.16662
0 0 0 0 0, 94.7215357412561, 115.671116909784, 2.16662
0 0 0 0 0, -7.40867040797053, 245.962604710507, 2.16662
0 0 0 0 0, 115.018320863611, 131.363316183175, 2.16662
0 0 0 0 0, -173.077942534192, 42.299023574363, 2.16662
0 0 0 0 0, -208.407144787014, -191.311664420917, 2.16662
0 0 0 0 0, -233.436421562006, -95.108447826855, 2.16662
0 0 0 0 0, 13.3651581329976, 301.292181123013, 2.16662
0 0 0 0 0, 62.6093630149247, 142.22597186865, 2.16662
0 0 0 0 0, 81.2712840468389, 95.676575292664, 2.16662
0 0 0 0 0, 93.6023161772875, 97.4832226517258, 2.16662
0 0 0 0 0, -183.420378102576, 170.514029270799, 2.16662
0 0 0 0 0, 75.5857174240944, -301.360045236891, 2.16662
0 0 0 0 0, -324.094374114976, 14.4487666932049, 2.16662
0 0 0 0 0, 97.5760495762049, -218.446286113515, 2.16662
0 0 0 0 0, 159.805540663266, -280.800223467999, 2.16662
0 0 0 0 0, 133.489418856758, 85.1097782972441, 2.16662
0 0 0 0 0, 90.0839932296265, 91.7094870506172, 2.16662
0 0 0 0 0, -187.019866085733, 12.5244968689479, 2.16662
0 0 0 0 0, -269.320826386936, -14.6916258032894, 2.16662
0 0 0 0 0, 275.892440393332, -58.9236744491549, 2.16662
0 0 0 0 0, 287.662679462904, -131.799735940743, 2.16662
0 0 0 0 0, -112.398122312564, 302.57555267202, 2.16662
0 0 0 0 0, 113.343668402428, 52.7625977445882, 2.16662
0 0 0 0 0, 179.315744800079, 236.040908273188, 2.16662
0 0 0 0 0, -36.157993414167, 64.7941901051307, 2.16662
0 0 0 0 0, -217.898578577576, 13.6441747814021, 2.16662
0 0 0 0 0, 8.48630097150807, 157.492256949449, 2.16662
0 0 0 0 0, -229.98580689906, 75.5982629812245, 2.16662
0 0 0 0 0, -137.165943069067, 29.5191976241575, 2.16662
0 0 0 0 0, 75.2549880762616, 96.8403104714161, 2.16662
0 0 0 0 0, 164.421322530312, 178.672034188507, 2.16662
0 0 0 0 0, -18.6104596648964, 242.815105551123, 2.16662
0 0 0 0 0, -66.5070707707803, 39.8121408129951, 2.16662
0 0 0 0 0, 238.775246668149, -97.7726477285801, 2.16662
0 0 0 0 0, 152.664421038446, 135.000829957269, 2.16662
0 0 0 0 0, 300.011294862369, 28.1482830322662, 2.16662
0 0 0 0 0, 47.8891125515514, -66.1543725205992, 2.16662
0 0 0 0 0, 286.759132757249, -147.041643765592, 2.16662
0 0 0 0 0, -26.4947060021448, 52.5572805839985, 2.16662
0 0 0 0 0, 10.5191873559588, -320.579816530804, 2.16662
0 0 0 0 0, 207.867589669005, 163.474442229214, 2.16662
0 0 0 0 0, 204.6237571787, 138.596332215732, 2.16662
0 0 0 0 0, -60.5862888796303, 264.705794055994, 2.16662
0 0 0 0 0, -110.471094770848, -274.470352051119, 2.16662
0 0 0 0 0, -237.727256666465, -186.096233498645, 2.16662
0 0 0 0 0, 99.5230327656977, -297.128956336145, 2.16662
0 0 0 0 0, 127.314390121021, 212.548876088939, 2.16662
0 0 0 0 0, -93.7725837638104, 86.1802184973539, 2.16662
0 0 0 0 0, -83.3916477676393, 310.929830241326, 2.16662
0 0 0 0 0, 90.0141423790891, 65.7422795345667, 2.16662
0 0 0 0 0, 133.765821852033, 293.667308580621, 2.16662
0 0 0 0 0, -45.8566392184723, -197.074726203668, 2.16662
0 0 0 0 0, -119.888764890587, -12.0811233817963, 2.16662
0 0 0 0 0, -140.420797036296, 193.416638643675, 2.16662
0 0 0 0 0, -253.606249070361, -58.5338819121664, 2.16662
0 0 0 0 0, 127.367418317982, 66.185931663533, 2.16662
0 0 0 0 0, 208.860609787796, -159.753576393873, 2.16662
0 0 0 0 0, 81.0068896646687, 51.3659106861628, 2.16662
0 0 0 0 0, -14.9437799750936, 320.425700346152, 2.16662
0 0 0 0 0, -168.217423677672, 266.279434474139, 2.16662
0 0 0 0 0, -141.471576486658, 243.70456411942, 2.16662
0 0 0 0 0, -34.386304801884, 153.727964651787, 2.16662
0 0 0 0 0, 15.1651256441904, 238.911785871716, 2.16662
0 0 0 0 0, 12.9832171000164, 129.966907356424, 2.16662
0 0 0 0 0, -72.9845688873696, 49.3025938632072, 2.16662
0 0 0 0 0, 200.752758419483, -187.506761873792, 2.16662
0 0 0 0 0, -274.048293012126, 117.381096823706, 2.16662
0 0 0 0 0, 91.8602409723983, 72.5584513136648, 2.16662
0 0 0 0 0, -149.137276825925, 168.599185416152, 2.16662
0 0 0 0 0, -1.06349386838788, -69.772246607196, 2.16662
0 0 0 0 0, -81.725320999816, 119.092043360409, 2.16662
0 0 0 0 0, -17.7978417084046, 272.017597345477, 2.16662
0 0 0 0 0, -203.52585354417, -166.309419095305, 2.16662
0 0 0 0 0, 212.562871705861, -182.052936980259, 2.16662
0 0 0 0 0, 43.792685917052, 100.657729589178, 2.16662
0 0 0 0 0, 260.213821111257, -175.880489591805, 2.16662
0 0 0 0 0, 143.834962001081, 193.252550276799, 2.16662
0 0 0 0 0, -82.5096733698454, 126.557224091361, 2.16662
0 0 0 0 0, 13.1320404496942, -7.08164455330848, 2.16662
0 0 0 0 0, 147.698281720497, -38.00622249475, 2.16662
0 0 0 0 0, -290.351340684971, -28.7017661405649, 2.16662
0 0 0 0 0, -290.110250861222, -90.9871006001322, 2.16662
0 0 0 0 0, -142.541537018508, 3.91367705126115, 2.16662
0 0 0 0 0, 74.6499964123387, -259.551575613048, 2.16662
0 0 0 0 0, 109.143298681872, -132.079025268841, 2.16662
0 0 0 0 0, 46.3660449146027, 212.873987686717, 2.16662
0 0 0 0 0, -190.69459400276, -172.990105316878, 2.16662
0 0 0 0 0, -22.1161762157376, 14.771103603725, 2.16662
0 0 0 0 0, -309.32443547435, 45.3397232700581, 2.16662
0 0 0 0 0, -26.971528914292, 73.7580419085699, 2.16662
0 0 0 0 0, 214.11480789555, 130.894187333285, 2.16662
0 0 0 0 0, 108.850564541769, 65.5265838197816, 2.16662
0 0 0 0 0, 128.943826497197, -87.9103421089519, 2.16662
0 0 0 0 0, 223.746042546714, -35.8439857481746, 2.16662
0 0 0 0 0, -140.507328711886, -22.1984759999981, 2.16662
0 0 0 0 0, 52.2189783133734, 256.122909707054, 2.16662
0 0 0 0 0, -231.01655100031, -84.9671119310918, 2.16662
0 0 0 0 0, 299.460772373098, -117.349340932948, 2.16662
0 0 0 0 0, 124.653955019332, -18.4059585961813, 2.16662
0 0 0 0 0, 273.965375272677, -138.159981855192, 2.16662
0 0 0 0 0, -88.5384013590461, 195.15640292158, 2.16662
0 0 0 0 0, -175.530840475822, -16.4634145809104, 2.16662
0 0 0 0 0, -132.250737547239, 192.834406018977, 2.16662
0 0 0 0 0, 81.0385608074918, 26.3228097991633, 2.16662
0 0 0 0 0, 62.65593564722, -99.7003532189594, 2.16662
0 0 0 0 0, 98.2707284143094, 76.2161889427875, 2.16662
0 0 0 0 0, 206.495374661772, -89.7147809183945, 2.16662
0 0 0 0 0, 13.4259533474487, 16.3155469131737, 2.16662
0 0 0 0 0, 140.949786591071, 290.951683041783, 2.16662
0 0 0 0 0, -85.3706944888808, -181.465256507991, 2.16662
0 0 0 0 0, -109.115675411233, 12.7676499072034, 2.16662
0 0 0 0 0, 255.154253348014, 62.1068987710736, 2.16662
0 0 0 0 0, -91.7353712084953, 192.825671093949, 2.16662
0 0 0 0 0, 49.1662177246887, -278.386820496845, 2.16662
0 0 0 0 0, 218.867676069104, 158.24787026154, 2.16662
0 0 0 0 0, 247.844861053254, 85.3794908830252, 2.16662
0 0 0 0 0, 137.695890571435, 278.318657429574, 2.16662
0 0 0 0 0, 238.152696812559, -170.863784805655, 2.16662
0 0 0 0 0, -49.0303221494643, 123.165613904299, 2.16662
0 0 0 0 0, 39.3818608155576, 256.350936474829, 2.16662
0 0 0 0 0, 201.857341770527, 178.852476282737, 2.16662
0 0 0 0 0, -33.4878430044023, 167.208994237323, 2.16662
0 0 0 0 0, -73.2759616242224, 267.671594093227, 2.16662
0 0 0 0 0, -73.6432564387726, -240.982660905475, 2.16662
0 0 0 0 0, -218.273987921591, 187.874655987367, 2.16662
0 0 0 0 0, 214.59303792432, 67.1830449493599, 2.16662
0 0 0 0 0, 5.63755885646607, 99.6576774141436, 2.16662
0 0 0 0 0, -91.9385204795189, -292.047474991834, 2.16662
0 0 0 0 0, -105.050075437562, -130.804811550204, 2.16662
0 0 0 0 0, -140.210693496201, -259.564139742052, 2.16662
0 0 0 0 0, -205.609181043933, -50.1819905848858, 2.16662
0 0 0 0 0, -108.474571759334, 55.7117468208157, 2.16662
0 0 0 0 0, 127.569466866394, 240.902230432187, 2.16662
0 0 0 0 0, 121.392859765145, -103.584117030841, 2.16662
0 0 0 0 0, -216.384898938879, 111.32589720809, 2.16662
0 0 0 0 0, -278.383347536118, 161.917215723433, 2.16662
0 0 0 0 0, 8.46243482502007, -312.881440768496, 2.16662
0 0 0 0 0, 95.6892378943292, 169.266089185546, 2.16662
0 0 0 0 0, -34.9575212101218, 132.772547879707, 2.16662
0 0 0 0 0, -31.0231882855156, 226.311559074051, 2.16662
0 0 0 0 0, 101.493949606782, -76.8554489103195, 2.16662
0 0 0 0 0, 41.6922610353002, -183.718566283617, 2.16662
0 0 0 0 0, 172.977747603153, -15.8242743357855, 2.16662
0 0 0 0 0, 224.595021155572, 12.8562974685675, 2.16662
0 0 0 0 0, -157.657084531852, -180.924791943135, 2.16662
0 0 0 0 0, 66.6701023751753, 175.313409689067, 2.16662
0 0 0 0 0, 129.66110224972, -257.11769383556, 2.16662
0 0 0 0 0, -92.1635155986385, -127.717236375162, 2.16662
0 0 0 0 0, -126.655951721313, -47.0612516358431, 2.16662
0 0 0 0 0, 101.529405195847, 131.214791128569, 2.16662
0 0 0 0 0, 291.49173190872, -38.4283317860816, 2.16662
0 0 0 0 0, -121.243284127751, -127.664015808195, 2.16662
0 0 0 0 0, 247.401260984996, -121.486694560302, 2.16662
0 0 0 0 0, -193.758760050765, -136.953507304804, 2.16662
0 0 0 0 0, 121.47835666873, 264.485685651956, 2.16662
0 0 0 0 0, -156.127743069992, -213.97525950878, 2.16662
0 0 0 0 0, -68.6332219182133, 89.4821329547858, 2.16662
0 0 0 0 0, 15.4355458339564, -266.847916636097, 2.16662
0 0 0 0 0, -215.553552632277, 88.903836635624, 2.16662
0 0 0 0 0, -170.71832689931, -51.9731214897905, 2.16662
0 0 0 0 0, 126.441242751638, 45.9249357291939, 2.16662
0 0 0 0 0, -39.6108501150246, -211.817306062784, 2.16662
0 0 0 0 0, -16.1673160381839, -4.43876875069936, 2.16662
0 0 0 0 0, 94.4374176673959, -131.13818898951, 2.16662
0 0 0 0 0, -52.1070918254031, -18.5950980272463, 2.16662
0 0 0 0 0, 110.148577392144, -24.8216448001186, 2.16662
0 0 0 0 0, -163.102467133875, 12.6552392341813, 2.16662
0 0 0 0 0, 166.713520419155, 219.678040048456, 2.16662
0 0 0 0 0, 289.012131397432, 73.5454195976995, 2.16662
0 0 0 0 0, -288.816513162186, 118.714190521519, 2.16662
0 0 0 0 0, 302.708455529881, -103.160931182627, 2.16662
0 0 0 0 0, -186.321661377838, -71.2802357743529, 2.16662
0 0 0 0 0, -42.312605885332, 251.926384381939, 2.16662
0 0 0 0 0, 215.119210167029, 228.716115825948, 2.16662
0 0 0 0 0, 268.524854331602, 16.7935817473133, 2.16662
0 0 0 0 0, -254.60402574315, -112.962039680867, 2.16662
0 0 0 0 0, -29.2271956666949, -80.0959050647894, 2.16662
0 0 0 0 0, -42.1648406268553, -297.653003034867, 2.16662
0 0 0 0 0, 229.637953038177, 51.9116365637842, 2.16662
0 0 0 0 0, -116.25546324641, -134.276465056887, 2.16662
0 0 0 0 0, 113.611506170953, 111.264188991374, 2.16662
0 0 0 0 0, -179.166461135945, -142.351202565931, 2.16662
0 0 0 0 0, -219.391212334194, 179.070788511205, 2.16662
0 0 0 0 0, -99.552630936944, -238.896377661896, 2.16662
0 0 0 0 0, -35.5857648938764, 42.1983922075548, 2.16662
0 0 0 0 0, -55.2446771137377, -154.762783739247, 2.16662
0 0 0 0 0, -10.1705632222232, -16.8739004629121, 2.16662
0 0 0 0 0, 119.376322313703, -151.90816199693, 2.16662
0 0 0 0 0, 108.28659265888, -216.759229833649, 2.16662
0 0 0 0 0, -309.172016793359, 10.2587173782648, 2.16662
0 0 0 0 0, -143.975926537228, 236.566944877852, 2.16662
0 0 0 0 0, -24.8715426809206, 24.526632170654, 2.16662
0 0 0 0 0, 150.944132700707, -171.772179959683, 2.16662
0 0 0 0 0, -66.8608311320092, -277.344144229887, 2.16662
0 0 0 0 0, -215.50007418187, 119.344875727805, 2.16662
0 0 0 0 0, -29.0793334388957, 306.735603315546, 2.16662
0 0 0 0 0, 260.03988616352, -83.9442970698165, 2.16662
0 0 0 0 0, -233.374123017188, 154.530193057386, 2.16662
0 0 0 0 0, -313.527761170498, 10.0322868537924, 2.16662
0 0 0 0 0, -196.208773211517, -163.813539628131, 2.16662
0 0 0 0 0, 23.8437096833736, -79.5574760699658, 2.16662
0 0 0 0 0, -124.351813607407, 170.037162805054, 2.16662
0 0 0 0 0, 318.482915313819, 43.4114070371803, 2.16662
0 0 0 0 0, -3.47634804655406, 269.451900769516, 2.16662
0 0 0 0 0, 83.4455321324923, -179.471997183282, 2.16662
0 0 0 0 0, -62.3943356887411, -184.739816130932, 2.16662
0 0 0 0 0, 147.994346501192, 284.823649957804, 2.16662
0 0 0 0 0, -120.805707813897, 95.4304205253809, 2.16662
0 0 0 0 0, 256.628947196357, 36.2657372299112, 2.16662
0 0 0 0 0, 118.503507964377, -227.806915837618, 2.16662
0 0 0 0 0, 19.3423734078051, -322.698668962598, 2.16662
0 0 0 0 0, -174.36940904452, -235.150953213139, 2.16662
0 0 0 0 0, 72.165616322322, -283.069856514143, 2.16662
0 0 0 0 0, -101.882379663478, 60.1106125055779, 2.16662
0 0 0 0 0, 179.553973912694, 254.380364150449, 2.16662
0 0 0 0 0, 269.571649104164, -23.8096998718752, 2.16662
0 0 0 0 0, -44.2482365274217, 131.229204946694, 2.16662
0 0 0 0 0, 222.861271301765, -140.882091462896, 2.16662
0 0 0 0 0, -252.279635964602, 124.560762411305, 2.16662
0 0 0 0 0, 119.207976502341, 127.088001800384, 2.16662
0 0 0 0 0, -96.5966733088779, 307.577380164214, 2.16662
0 0 0 0 0, -234.663835287352, 135.9699308625, 2.16662
0 0 0 0 0, 3.3511924833192, 295.838605813948, 2.16662
0 0 0 0 0, -194.984747747485, 0.2311973124606, 2.16662
0 0 0 0 0, -25.3190215362923, 45.9314020374697, 2.16662
0 0 0 0 0, 264.005034354644, -16.030040544397, 2.16662
0 0 0 0 0, -84.8172222585129, 91.5421730299845, 2.16662
0 0 0 0 0, 235.196101361713, 120.320947781652, 2.16662
0 0 0 0 0, 171.989447648683, 130.943937593652, 2.16662
0 0 0 0 0, -222.568637245576, 105.716468591241, 2.16662
0 0 0 0 0, 40.2667920320689, 228.551500231691, 2.16662
0 0 0 0 0, -158.892268202813, 226.572037017969, 2.16662
0 0 0 0 0, -80.9983194284824, 30.5037604962219, 2.16662
0 0 0 0 0, 112.956975855659, 195.713957350035, 2.16662
0 0 0 0 0, 106.438489950643, 249.73817687817, 2.16662
0 0 0 0 0, 189.001334526257, 93.8203163019759, 2.16662
0 0 0 0 0, -211.896690010911, 62.413144717301, 2.16662
0 0 0 0 0, -213.70625895661, 100.82601570911, 2.16662
0 0 0 0 0, -114.731273111401, -143.616030593653, 2.16662
0 0 0 0 0, -9.00813434941969, -90.6950270942921, 2.16662
0 0 0 0 0, -121.161131151086, 85.0200232343342, 2.16662
0 0 0 0 0, 205.737358569505, 169.181221314539, 2.16662
0 0 0 0 0, 252.856179651282, 135.846775156794, 2.16662
0 0 0 0 0, 198.657399588755, -28.4501894955537, 2.16662
0 0 0 0 0, -207.691509381578, -55.2011854470603, 2.16662
0 0 0 0 0, 81.9261958479577, 266.620110978855, 2.16662
0 0 0 0 0, 157.299596679367, -204.807872247291, 2.16662
0 0 0 0 0, -179.131776107356, -19.7086076424122, 2.16662
0 0 0 0 0, 136.798797475914, 178.021293053228, 2.16662
0 0 0 0 0, 129.020715936187, -40.4062796631227, 2.16662
0 0 0 0 0, -10.6314220401342, -232.601208038473, 2.16662
0 0 0 0 0, -26.5918895884367, 62.5948074568957, 2.16662
0 0 0 0 0, 84.0075848477314, -60.1585198184541, 2.16662
0 0 0 0 0, -162.384670590766, 45.6574807757795, 2.16662
0 0 0 0 0, 153.667871587318, -66.9200485503872, 2.16662
0 0 0 0 0, 139.037813363296, 139.815135012118, 2.16662
0 0 0 0 0, 66.7977659854829, 161.635423050245, 2.16662
0 0 0 0 0, 119.757849638547, 74.0852800037772, 2.16662
0 0 0 0 0, -230.188064518397, 4.35724453925456, 2.16662
0 0 0 0 0, -193.456614218755, -81.7400070698419, 2.16662
0 0 0 0 0, -45.0005639396663, -164.716553846807, 2.16662
0 0 0 0 0, -59.5696460983204, -157.598291108902, 2.16662
0 0 0 0 0, 70.6686943740182, -190.982089709643, 2.16662
0 0 0 0 0, 30.7606535494895, -127.911664409765, 2.16662
0 0 0 0 0, 243.685060423853, -75.3249171304331, 2.16662
0 0 0 0 0, 149.275270847143, 7.76630355673556, 2.16662
0 0 0 0 0, -224.968506601813, 86.9155439202638, 2.16662
0 0 0 0 0, -195.286688851585, 78.222102691818, 2.16662
0 0 0 0 0, -103.19184776286, 140.536510185095, 2.16662
0 0 0 0 0, -8.00032593705855, 146.767188840161, 2.16662
0 0 0 0 0, 86.8118103815781, 96.7419117038946, 2.16662
0 0 0 0 0, 18.9437234844171, 89.5692698830849, 2.16662
0 0 0 0 0, 207.173333572709, 228.102616047593, 2.16662
0 0 0 0 0, 225.877841341952, 18.9308666942073, 2.16662
0 0 0 0 0, 98.3477728599668, -102.216861545183, 2.16662
0 0 0 0 0, 252.198486001801, -53.4657581075843, 2.16662
0 0 0 0 0, 49.5773935181461, -110.034663193876, 2.16662
0 0 0 0 0, 31.0089831161782, -56.1237005589749, 2.16662
0 0 0 0 0, -71.8597333581894, -179.4933197949, 2.16662
0 0 0 0 0, -274.374792903939, -118.382203288743, 2.16662
0 0 0 0 0, 271.175277940738, 1.85485042071787, 2.16662
0 0 0 0 0, -218.397626060325, 205.120320389699, 2.16662
0 0 0 0 0, -91.3104172432867, -139.664131563782, 2.16662
0 0 0 0 0, -243.750487008569, -56.4470021153401, 2.16662
0 0 0 0 0, 151.646144643043, 149.422873748193, 2.16662
0 0 0 0 0, -58.6275811116642, 309.620094895626, 2.16662
0 0 0 0 0, -100.561308658462, 27.5819388376398, 2.16662
0 0 0 0 0, -17.1860982930197, 197.508305449147, 2.16662
0 0 0 0 0, -79.9423972860504, 235.52657988693, 2.16662
0 0 0 0 0, 1.18413230432668, 298.37467888416, 2.16662
0 0 0 0 0, -162.141276821742, -224.658260105957, 2.16662
0 0 0 0 0, -25.1708757567187, -237.338759624584, 2.16662
0 0 0 0 0, 2.41868148380976, -255.13603603154, 2.16662
0 0 0 0 0, 96.4881357693278, -226.686761875913, 2.16662
0 0 0 0 0, 175.244199488272, -224.750534988367, 2.16662
0 0 0 0 0, -250.754010484094, -106.142006345312, 2.16662
0 0 0 0 0, -107.183061194404, -138.450717026942, 2.16662
0 0 0 0 0, -7.97092119966249, -134.029658641158, 2.16662
0 0 0 0 0, 135.923737682634, -136.102217599902, 2.16662
0 0 0 0 0, 262.343193903373, -157.338656776216, 2.16662
0 0 0 0 0, -260.078340224216, -32.2733696248947, 2.16662
0 0 0 0 0, -126.204093289566, -20.428634605591, 2.16662
0 0 0 0 0, 54.2755407306558, -51.1739976811757, 2.16662
0 0 0 0 0, 154.293882330605, -17.4790967530496, 2.16662
0 0 0 0 0, 287.569119103548, -45.9331016295585, 2.16662
0 0 0 0 0, -219.42886944167, 54.5659927550128, 2.16662
0 0 0 0 0, -105.531988305957, 45.089303486201, 2.16662
0 0 0 0 0, -8.40765599149989, 93.3259155071968, 2.16662
0 0 0 0 0, 77.6778852106438, 71.6197134981905, 2.16662
0 0 0 0 0, 220.632584036951, 95.4723228294464, 2.16662
0 0 0 0 0, -237.376505995664, 162.263130984753, 2.16662
0 0 0 0 0, -100.290550688573, 169.649096504051, 2.16662
0 0 0 0 0, -5.71460368598805, 120.929226215108, 2.16662
0 0 0 0 0, 156.182670111892, 156.803623486061, 2.16662
0 0 0 0 0, 192.469976672244, 161.981329426571, 2.16662
0 0 0 0 0, -183.952535107808, 231.791622060336, 2.16662
0 0 0 0 0, -68.2092486731707, 256.355405309732, 2.16662
0 0 0 0 0, 9.20744611172572, 257.045785678859, 2.16662
0 0 0 0 0, 97.0017854013322, 235.526167001374, 2.16662
0 0 0 0 0, 157.651573090345, 234.139250470932, 2.16662
0 0 0 0 0, 96.3213368496222, -123.277647041242, 2.16662
0 0 0 0 0, -52.6730728312549, 71.8459916534773, 2.16662
-1 0 0 0 0, 0, 0, 3.175
