0 0 0 0 0, 220.678343872588, 142.911181136874, 3.175
0 0 0 0 0, 223.922678827962, -178.578246092096, 3.175
0 0 0 0 0, -215.568327255043, 43.6708996093335, 3.175
0 0 0 0 0, 193.267826071402, -118.348798077169, 2.16662
0 0 0 0 0, 193.008960918416, -120.876881274102, 2.16662
0 0 0 0 0, 79.064857932888, -264.330266014085, 2.16662
0 0 0 0 0, 79.0893253941015, -266.872004523982, 2.16662
0 0 0 0 0, -116.81037063814, -262.943168085134, 2.16662
0 0 0 0 0, -116.814693567685, -265.485179350996, 2.16662
0 0 0 0 0, -220.220460815328, -134.334591554079, 2.16662
0 0 0 0 0, -220.153969305603, -136.875108777711, 2.16662
0 0 0 0 0, -193.763111275895, 123.322308352031, 2.16662
0 0 0 0 0, -193.60532588464, 125.858713038317, 2.16662
0 0 0 0 0, -86.5094768525914, 257.261148637802, 2.16662
0 0 0 0 0, -86.389841888409, 259.800082439129, 2.16662
0 0 0 0 0, 123.595831979536, 261.42121304151, 2.16662
0 0 0 0 0, 123.631227078407, 263.963012491274, 2.16662
0 0 0 0 0, 235.091279259372, 132.575093896423, 2.16662
0 0 0 0 0, 235.060748741152, 135.116338310521, 2.16662
0 0 0 0 0, 13.342806108902, 65.3788008350603, 2.16662
0 0 0 0 0, 14.6210192355003, 67.5753285593694, 2.16662
0 0 0 0 0, -18.1386878583885, -65.0959109559976, 2.16662
0 0 0 0 0, -19.4219098152881, -67.2895344832522, 2.16662
0 0 0 0 0, 95.7090369739833, -131.212411423741, 2.16662
0 0 0 0 0, 95.7120526650171, -133.75372379808, 2.16662
0 0 0 0 0, 113.614530787712, 251.537995883456, 2.16662
0 0 0 0 0, -104.35728806026, -286.902152341554, 2.16662
0 0 0 0 0, -33.9676716329862, 101.526991856405, 2.16662
0 0 0 0 0, 43.7876285731561, -106.707272411521, 2.16662
0 0 0 0 0, -275.4028903394, 2.38968821052018, 2.16662
0 0 0 0 0, 218.549830496322, -140.914611276203, 2.16662
0 0 0 0 0, -229.827805100318, 186.193345404081, 2.16662
0 0 0 0 0, -107.437195700738, -35.9631174639473, 2.16662
0 0 0 0 0, -102.263678493301, 225.817557497644, 2.16662
0 0 0 0 0, -64.7495813964812, -267.439104764855, 2.16662
0 0 0 0 0, -214.291561243215, -28.2622111618069, 2.16662
0 0 0 0 0, 156.153502685438, -126.040169167662, 2.16662
0 0 0 0 0, -16.3113675106002, 120.961628957188, 2.16662
0 0 0 0 0, 272.329241836251, -70.1401986549705, 2.16662
0 0 0 0 0, -205.383695122354, 59.3952802921364, 2.16662
0 0 0 0 0, 204.017196837857, -28.4503588890712, 2.16662
0 0 0 0 0, 165.497286753295, -62.8452605646525, 2.16662
0 0 0 0 0, 240.495478142218, 152.187431904001, 2.16662
0 0 0 0 0, -252.207547591122, 133.584075528509, 2.16662
0 0 0 0 0, 37.0594276924739, 178.34092039266, 2.16662
0 0 0 0 0, 133.893993650436, -202.692926611934, 2.16662
0 0 0 0 0, -195.085139218207, 86.5091106923303, 2.16662
0 0 0 0 0, 7.97854283476973, 87.4626898430349, 2.16662
0 0 0 0 0, 288.263915620722, -140.281893043691, 2.16662
0 0 0 0 0, -130.409135253718, -241.236192882888, 2.16662
0 0 0 0 0, -47.2627077376044, 304.731685882556, 2.16662
0 0 0 0 0, -89.5285085196578, 159.443527475052, 2.16662
0 0 0 0 0, 248.186578236216, 167.446047434156, 2.16662
0 0 0 0 0, -225.838774122832, 176.801759636456, 2.16662
0 0 0 0 0, 119.850909549034, 102.61739063216, 2.16662
0 0 0 0 0, -15.369886616135, 282.047632520741, 2.16662
0 0 0 0 0, 110.731639402295, -242.535197943257, 2.16662
0 0 0 0 0, -229.191814241264, -71.0593733441297, 2.16662
0 0 0 0 0, -101.239921041027, -160.739544817401, 2.16662
0 0 0 0 0, -114.517819342686, 28.6061075125866, 2.16662
0 0 0 0 0, -72.8693851450469, 312.518717251217, 2.16662
0 0 0 0 0, 76.8645383299457, -25.5625445537332, 2.16662
0 0 0 0 0, 289.701745538478, -131.209474774475, 2.16662
0 0 0 0 0, 176.897332694473, 27.8957497037562, 2.16662
0 0 0 0 0, -100.13300080664, -88.5828856144495, 2.16662
0 0 0 0 0, 232.147672025902, 223.356937269727, 2.16662
0 0 0 0 0, 316.171053211001, -55.7116269524953, 2.16662
0 0 0 0 0, -146.819068250996, 46.2911573976485, 2.16662
0 0 0 0 0, 268.158773770408, 95.037334120413, 2.16662
0 0 0 0 0, 252.94165892825, 158.77663903775, 2.16662
0 0 0 0 0, 18.4336180426408, -89.8030263643466, 2.16662
0 0 0 0 0, 205.866254729202, -125.907953517626, 2.16662
0 0 0 0 0, -98.587939570927, -3.25496161129957, 2.16662
0 0 0 0 0, -165.742398654201, -24.0474101750075, 2.16662
0 0 0 0 0, 26.0732551165858, 192.529879585713, 2.16662
0 0 0 0 0, 201.204015849633, -154.550751112235, 2.16662
0 0 0 0 0, -102.469109943221, 66.8611014414657, 2.16662
0 0 0 0 0, -187.812270740252, -126.888902909732, 2.16662
0 0 0 0 0, 239.509265390275, -193.992609103359, 2.16662
0 0 0 0 0, -121.317697846034, -141.480974108502, 2.16662
0 0 0 0 0, 38.5599177282403, 218.515317728308, 2.16662
0 0 0 0 0, 52.0787232828343, 91.9715526959282, 2.16662
0 0 0 0 0, -4.57535624198408, -22.5187605349211, 2.16662
0 0 0 0 0, -41.1833108526682, -178.571902874544, 2.16662
0 0 0 0 0, 128.332249570606, 42.7807755183959, 2.16662
0 0 0 0 0, 28.7641246310067, -30.9684001931936, 2.16662
0 0 0 0 0, -1.29370674093696, 88.2877428700237, 2.16662
0 0 0 0 0, 90.8921479267705, 118.166980494456, 2.16662
0 0 0 0 0, -210.088890906815, -57.1284401481613, 2.16662
0 0 0 0 0, -93.593708977531, 109.608399490986, 2.16662
0 0 0 0 0, -156.886279712864, 144.629990275267, 2.16662
0 0 0 0 0, -91.440144179807, -100.991346579477, 2.16662
0 0 0 0 0, 142.037767891075, 187.988423762221, 2.16662
0 0 0 0 0, 190.985441829511, -58.5100514580767, 2.16662
0 0 0 0 0, -53.0782601354977, 166.175132942913, 2.16662
0 0 0 0 0, -30.4925680539912, -34.8999666507444, 2.16662
0 0 0 0 0, -60.3461031741944, -270.421092095867, 2.16662
0 0 0 0 0, -88.9897991546489, 46.1369814322324, 2.16662
0 0 0 0 0, 298.641429839595, -21.9634014743235, 2.16662
0 0 0 0 0, -41.1079818356187, -86.9117858429096, 2.16662
0 0 0 0 0, -271.618305408728, 119.481862703876, 2.16662
0 0 0 0 0, -208.294871970945, -52.2072313163693, 2.16662
0 0 0 0 0, -206.734721289451, -12.4627050218728, 2.16662
0 0 0 0 0, 304.100479137745, -63.5011046158886, 2.16662
0 0 0 0 0, 262.64151617377, -59.4257579286167, 2.16662
0 0 0 0 0, 249.91493403881, 151.631425560181, 2.16662
0 0 0 0 0, -144.402070125712, -187.292273065816, 2.16662
0 0 0 0 0, 134.625841912728, -135.757091814695, 2.16662
0 0 0 0 0, -270.714295119331, 3.3770603617863, 2.16662
0 0 0 0 0, -50.6929762077237, 99.6471223455342, 2.16662
0 0 0 0 0, -87.0538684784485, -194.879976061664, 2.16662
0 0 0 0 0, 229.773991708739, 171.260507257887, 2.16662
0 0 0 0 0, -277.71746878257, 11.7953733137038, 2.16662
0 0 0 0 0, -193.224375115605, -147.879246382452, 2.16662
0 0 0 0 0, 61.4126138413085, -40.256789120289, 2.16662
0 0 0 0 0, -228.618551247216, 52.5858298910413, 2.16662
0 0 0 0 0, -122.101813355265, 101.820912600492, 2.16662
0 0 0 0 0, 100.658876622373, 117.29971814995, 2.16662
0 0 0 0 0, 266.026441341193, -169.203696099912, 2.16662
0 0 0 0 0, -256.12128399346, -86.1133455974943, 2.16662
0 0 0 0 0, -216.532539212987, 191.616733885599, 2.16662
0 0 0 0 0, -81.2614079908709, 124.292620387926, 2.16662
0 0 0 0 0, -139.241853866754, -241.652356709589, 2.16662
0 0 0 0 0, 7.60111948654872, 174.565098121108, 2.16662
0 0 0 0 0, 63.0043319123113, -289.568046867894, 2.16662
0 0 0 0 0, 146.368300466479, 282.601164675284, 2.16662
0 0 0 0 0, 3.37459412188791, 123.610503242007, 2.16662
0 0 0 0 0, -71.8833315329819, 156.603402877767, 2.16662
0 0 0 0 0, 2.05099741677473, -212.594180022047, 2.16662
0 0 0 0 0, -180.580245449316, 243.964601454868, 2.16662
0 0 0 0 0, 85.8867532606991, 64.7590166254344, 2.16662
0 0 0 0 0, -180.933123911435, -212.738646347765, 2.16662
0 0 0 0 0, -204.057513800163, 210.128368390887, 2.16662
0 0 0 0 0, -111.36683115278, 255.559728940577, 2.16662
0 0 0 0 0, -9.17416890071167, 237.155079114265, 2.16662
0 0 0 0 0, 13.5068451455938, 90.1513714922808, 2.16662
0 0 0 0 0, 131.977871528059, -141.580849586725, 2.16662
0 0 0 0 0, -84.4825525657329, -247.511580646533, 2.16662
0 0 0 0 0, 12.4080092615891, 34.8186703811766, 2.16662
0 0 0 0 0, -224.45927235583, -179.630175464623, 2.16662
0 0 0 0 0, 43.1623941116077, 22.4410112354245, 2.16662
0 0 0 0 0, -299.068209555516, -19.5951095814844, 2.16662
0 0 0 0 0, -173.672140139013, 156.784210759144, 2.16662
0 0 0 0 0, 137.627015172029, 54.1799124340921, 2.16662
0 0 0 0 0, 235.590727491845, -77.088808878729, 2.16662
0 0 0 0 0, -34.4255044889812, -264.080404245102, 2.16662
0 0 0 0 0, 184.300532943363, -102.100827389881, 2.16662
0 0 0 0 0, 19.0960785858945, -300.754037650574, 2.16662
0 0 0 0 0, 35.2956876920804, -101.626297302645, 2.16662
0 0 0 0 0, -130.562537933487, 152.421011995104, 2.16662
0 0 0 0 0, -96.7878254828402, 263.368415083756, 2.16662
0 0 0 0 0, -34.4965607469781, 218.789478818143, 2.16662
0 0 0 0 0, -19.3335022752636, -185.295993497689, 2.16662
0 0 0 0 0, 183.016143089814, 140.975510425268, 2.16662
0 0 0 0 0, 93.1722200113108, 21.4542282326066, 2.16662
0 0 0 0 0, -284.936582763878, -66.0099067232039, 2.16662
0 0 0 0 0, -114.575496819055, -144.639989028865, 2.16662
0 0 0 0 0, 200.566217557287, 168.43216154264, 2.16662
0 0 0 0 0, 76.0892956834113, 273.016026822114, 2.16662
0 0 0 0 0, -139.97239363561, 118.419719163945, 2.16662
0 0 0 0 0, 25.1621891706057, 260.418365261107, 2.16662
0 0 0 0 0, 166.951278272467, 94.5799773833489, 2.16662
0 0 0 0 0, -260.466150802908, 31.5287536065893, 2.16662
0 0 0 0 0, 242.816172148522, -35.3056640344058, 2.16662
0 0 0 0 0, 238.374578018966, -16.1129858060502, 2.16662
0 0 0 0 0, -95.401342731533, 75.3048669484836, 2.16662
0 0 0 0 0, -79.0839871573721, 71.3921583582062, 2.16662
0 0 0 0 0, 230.047356303325, -202.025654628824, 2.16662
0 0 0 0 0, -131.895366845106, 58.68153972034, 2.16662
0 0 0 0 0, 40.9734971165825, -234.183772905655, 2.16662
0 0 0 0 0, -147.061989511446, -272.968553404085, 2.16662
0 0 0 0 0, 238.238878726984, 69.47283474479, 2.16662
0 0 0 0 0, 234.285410195044, -202.815004931689, 2.16662
0 0 0 0 0, -261.946216834633, -119.755454880607, 2.16662
0 0 0 0 0, -212.007045666354, -18.3389757948363, 2.16662
0 0 0 0 0, 27.5561149493839, 156.299345941417, 2.16662
0 0 0 0 0, 198.482248237293, -162.516690289981, 2.16662
0 0 0 0 0, 222.64574854858, 154.827045831757, 2.16662
0 0 0 0 0, -111.017686592279, -289.779326106418, 2.16662
0 0 0 0 0, -63.7444619709935, 242.26601601058, 2.16662
0 0 0 0 0, 202.699289719824, -76.2437589127989, 2.16662
0 0 0 0 0, -211.382787628164, 139.505587226667, 2.16662
0 0 0 0 0, 264.261063678092, 135.713718762662, 2.16662
0 0 0 0 0, 223.470674133209, 192.560163188595, 2.16662
0 0 0 0 0, 11.2313553030625, 26.2691384321419, 2.16662
0 0 0 0 0, -150.574703316441, -66.2238290723167, 2.16662
0 0 0 0 0, -317.53888576316, 58.1052186350343, 2.16662
0 0 0 0 0, 250.116880600101, 196.050361938197, 2.16662
0 0 0 0 0, -87.0395351688462, -41.7941234900986, 2.16662
0 0 0 0 0, -267.153472860037, -106.255967184907, 2.16662
0 0 0 0 0, -62.3547396826011, 91.4169732371842, 2.16662
0 0 0 0 0, 137.947994124997, -140.744062904553, 2.16662
0 0 0 0 0, -65.6375729172078, 168.343547129425, 2.16662
0 0 0 0 0, 74.5268665359964, 18.0546927499831, 2.16662
0 0 0 0 0, -251.938576546334, -12.7312820062866, 2.16662
0 0 0 0 0, -87.0413083726389, -47.22171629535, 2.16662
0 0 0 0 0, -69.282719749728, -37.8716515686469, 2.16662
0 0 0 0 0, -177.219657900257, -143.431543086705, 2.16662
0 0 0 0 0, 256.426050390175, 65.7580895795635, 2.16662
0 0 0 0 0, 189.781375016538, -210.27716624123, 2.16662
0 0 0 0 0, 166.672730939317, -169.681846522368, 2.16662
0 0 0 0 0, -245.95557387811, 87.1519156310253, 2.16662
0 0 0 0 0, -24.8779270412302, 227.868509813433, 2.16662
0 0 0 0 0, 68.3480364364103, -243.068243984128, 2.16662
0 0 0 0 0, -277.738700948686, 45.5392622842026, 2.16662
0 0 0 0 0, -217.835461302446, -122.867280378644, 2.16662
0 0 0 0 0, 199.271654181273, 245.803041136551, 2.16662
0 0 0 0 0, -75.3279457264757, -270.825259460165, 2.16662
0 0 0 0 0, -22.0393341286097, -92.4862127140377, 2.16662
0 0 0 0 0, -111.911654438585, -151.630172266682, 2.16662
0 0 0 0 0, 237.075920300465, -32.6556214289994, 2.16662
0 0 0 0 0, -248.997491238461, 93.1253339441189, 2.16662
0 0 0 0 0, -65.9097909820195, -140.979634062874, 2.16662
0 0 0 0 0, -23.8483188326277, 7.57669759773285, 2.16662
0 0 0 0 0, -189.71471085612, 100.096802342201, 2.16662
0 0 0 0 0, -93.0694089482777, 121.042102581747, 2.16662
0 0 0 0 0, -108.640759401272, 280.050954915856, 2.16662
0 0 0 0 0, -10.028056489812, -26.1023456269112, 2.16662
0 0 0 0 0, -222.114608560349, -50.2922285798142, 2.16662
0 0 0 0 0, -113.32577040364, -179.026942035565, 2.16662
0 0 0 0 0, -169.675644866622, -17.0974498098071, 2.16662
0 0 0 0 0, 94.0683038609859, 91.3650058193748, 2.16662
0 0 0 0 0, -125.341576282222, 30.496094915089, 2.16662
0 0 0 0 0, -46.8881690457593, -271.324088061904, 2.16662
0 0 0 0 0, 72.4127388338192, 203.31068983252, 2.16662
0 0 0 0 0, -44.7401178120377, -280.066312877831, 2.16662
0 0 0 0 0, -243.611947102265, -202.969314112709, 2.16662
0 0 0 0 0, -78.4912365494852, -102.49405816759, 2.16662
0 0 0 0 0, 109.954730209865, -276.504054780958, 2.16662
0 0 0 0 0, 175.468202491729, -148.240006572486, 2.16662
0 0 0 0 0, -265.704764095251, 65.8963014104834, 2.16662
0 0 0 0 0, 301.925164565401, 29.7043096212428, 2.16662
0 0 0 0 0, 69.8839662586556, 257.25837167042, 2.16662
0 0 0 0 0, 232.661006912658, 176.078997226689, 2.16662
0 0 0 0 0, -25.953456654724, -17.1224983636462, 2.16662
0 0 0 0 0, 118.769329494798, 109.461497959328, 2.16662
0 0 0 0 0, 58.1711962606929, 22.6102782266972, 2.16662
0 0 0 0 0, 55.5276604478484, 137.616688349345, 2.16662
0 0 0 0 0, -15.3556160938636, -286.678426610769, 2.16662
0 0 0 0 0, -73.9574085046803, 166.652545216226, 2.16662
0 0 0 0 0, -230.379922772229, 44.1912882392983, 2.16662
0 0 0 0 0, -34.2865342760366, -238.049820139815, 2.16662
0 0 0 0 0, -26.6262023341488, -198.614167134528, 2.16662
0 0 0 0 0, 116.486876387885, 15.9655878624024, 2.16662
0 0 0 0 0, 77.4032179256455, 288.920849910424, 2.16662
0 0 0 0 0, -128.121256227346, 160.273479219734, 2.16662
0 0 0 0 0, 278.214744685471, -59.3056346760265, 2.16662
0 0 0 0 0, -45.9231032175631, -298.522619324094, 2.16662
0 0 0 0 0, 144.344571423277, 29.1274212500493, 2.16662
0 0 0 0 0, 115.083540069029, 36.7513999451997, 2.16662
0 0 0 0 0, 18.2125479326259, -236.993604967938, 2.16662
0 0 0 0 0, 212.760044394342, 201.616342445583, 2.16662
0 0 0 0 0, -85.4430547764864, -210.354258222143, 2.16662
0 0 0 0 0, -24.3563263695433, 37.9072804040077, 2.16662
0 0 0 0 0, -298.878941790808, -73.1368259550915, 2.16662
0 0 0 0 0, 186.216949819615, 16.3753474684673, 2.16662
0 0 0 0 0, -184.243293381912, 169.740789288356, 2.16662
0 0 0 0 0, 152.605085246963, -111.863461537814, 2.16662
0 0 0 0 0, 160.110110750108, -30.314233675151, 2.16662
0 0 0 0 0, 23.9238062072356, 181.179813505365, 2.16662
0 0 0 0 0, -185.370548920848, 221.760079289224, 2.16662
0 0 0 0 0, 166.622754493681, 192.605681439194, 2.16662
0 0 0 0 0, 316.880476347624, -25.104043235419, 2.16662
0 0 0 0 0, 60.486036122212, 38.0744283912473, 2.16662
0 0 0 0 0, 40.1238820129887, 83.481611935514, 2.16662
0 0 0 0 0, -23.9046782729365, 302.266978668738, 2.16662
0 0 0 0 0, -33.7777742052265, -73.3146709738027, 2.16662
0 0 0 0 0, 137.379484773344, -249.10844180653, 2.16662
0 0 0 0 0, 293.227426740464, -65.0449561485649, 2.16662
0 0 0 0 0, 81.3532094853233, 130.574134286625, 2.16662
0 0 0 0 0, -120.853107218675, -278.355259727859, 2.16662
0 0 0 0 0, 13.5850862063175, -304.566698255679, 2.16662
0 0 0 0 0, 132.29454478164, -85.0099401825172, 2.16662
0 0 0 0 0, -135.879648443145, 94.464416666349, 2.16662
0 0 0 0 0, 47.3692304343309, 225.181999393989, 2.16662
0 0 0 0 0, -145.66652566046, 3.65042140695955, 2.16662
0 0 0 0 0, 17.1652231590142, -279.507648755189, 2.16662
0 0 0 0 0, -201.607775419516, 31.2674724953968, 2.16662
0 0 0 0 0, 117.974240072471, 115.814304924453, 2.16662
0 0 0 0 0, 277.727310737123, 109.093976282484, 2.16662
0 0 0 0 0, 37.5817434563718, -243.037724925541, 2.16662
0 0 0 0 0, -215.249465521823, 52.9915406130597, 2.16662
0 0 0 0 0, 199.916686355847, 26.0547947944382, 2.16662
0 0 0 0 0, 230.953239344659, -108.522231577964, 2.16662
0 0 0 0 0, 194.982384713216, -153.647883933633, 2.16662
0 0 0 0 0, -146.400238250187, 197.467771809266, 2.16662
0 0 0 0 0, -323.117948224434, -6.1976754924653, 2.16662
0 0 0 0 0, 56.5780811237387, 87.456733656438, 2.16662
0 0 0 0 0, -246.292679239022, 29.9090621177587, 2.16662
0 0 0 0 0, -51.1342378586036, -64.5764083159308, 2.16662
0 0 0 0 0, -29.0176557544276, 229.795213280743, 2.16662
0 0 0 0 0, -94.1610783870573, 244.906948069384, 2.16662
0 0 0 0 0, 71.9424647270372, 270.708819705799, 2.16662
0 0 0 0 0, 175.248209675728, 175.692966382594, 2.16662
0 0 0 0 0, 55.4387804156678, 292.652275151415, 2.16662
0 0 0 0 0, -250.397086211791, -184.398948709059, 2.16662
0 0 0 0 0, 63.56110857676, -235.98074756925, 2.16662
0 0 0 0 0, -299.423024546614, 17.0293709861844, 2.16662
0 0 0 0 0, 33.2414551488269, 73.5853619105605, 2.16662
0 0 0 0 0, -77.4851735657072, 43.1691079240936, 2.16662
0 0 0 0 0, 106.34133538764, 274.030217520058, 2.16662
0 0 0 0 0, 181.636688395429, 9.18440117021811, 2.16662
0 0 0 0 0, -226.206458608303, 215.565251544236, 2.16662
0 0 0 0 0, -18.0197990521131, -238.506349083173, 2.16662
0 0 0 0 0, 107.964143120099, 177.104129155598, 2.16662
0 0 0 0 0, 156.980217842798, -150.171493651528, 2.16662
0 0 0 0 0, 197.305986751053, 60.9634668983526, 2.16662
0 0 0 0 0, -319.108307377361, 23.4525835927263, 2.16662
0 0 0 0 0, 4.57319465284095, -97.8747728969644, 2.16662
0 0 0 0 0, 81.6571338707582, 178.661486235297, 2.16662
0 0 0 0 0, 186.296185391587, -29.3887763891651, 2.16662
0 0 0 0 0, -146.971211500667, 280.922174195142, 2.16662
0 0 0 0 0, 16.6152529414711, -33.0682585787461, 2.16662
0 0 0 0 0, -234.320807501974, 200.469670275403, 2.16662
0 0 0 0 0, 39.8814066524783, -221.502681865288, 2.16662
0 0 0 0 0, -69.4760727278412, 25.3654339241329, 2.16662
0 0 0 0 0, -58.6188887177929, 164.420231008915, 2.16662
0 0 0 0 0, -199.444617639639, 137.392795384285, 2.16662
0 0 0 0 0, -203.000847679713, 201.632587465339, 2.16662
0 0 0 0 0, 251.945008994199, -124.435026414776, 2.16662
0 0 0 0 0, 122.851987255066, 210.791872553272, 2.16662
0 0 0 0 0, 61.7120818660277, 305.360663149625, 2.16662
0 0 0 0 0, 94.4577123542674, -236.938305169926, 2.16662
0 0 0 0 0, 129.129766321288, 239.133517663247, 2.16662
0 0 0 0 0, 225.711364098411, 19.4652914096387, 2.16662
0 0 0 0 0, 135.575675842186, 98.3467750843107, 2.16662
0 0 0 0 0, -20.6399198840185, -300.27835940733, 2.16662
0 0 0 0 0, -28.9229743362888, -214.791750473201, 2.16662
0 0 0 0 0, -181.543305274337, 222.474842284593, 2.16662
0 0 0 0 0, 195.54318277192, -130.067295881857, 2.16662
0 0 0 0 0, -7.37840741334405, 217.308548801695, 2.16662
0 0 0 0 0, -40.6524626968268, 168.332684147887, 2.16662
0 0 0 0 0, -92.733500886275, -38.359346991643, 2.16662
0 0 0 0 0, 49.0948928214632, 126.410206916819, 2.16662
0 0 0 0 0, -39.035995440509, 137.632446360762, 2.16662
0 0 0 0 0, -168.296407792637, -5.24905105979168, 2.16662
0 0 0 0 0, -148.300552103106, 121.641281470867, 2.16662
0 0 0 0 0, 248.565614472478, -39.9084848252838, 2.16662
0 0 0 0 0, 206.727149701871, 159.685355163248, 2.16662
0 0 0 0 0, 207.227887296487, -122.535534016411, 2.16662
0 0 0 0 0, 50.0891794154413, 76.9960903593777, 2.16662
0 0 0 0 0, 235.341071353322, 112.794604350307, 2.16662
0 0 0 0 0, -65.7775510379932, -254.395993775525, 2.16662
0 0 0 0 0, -139.705127255887, -77.3252710002256, 2.16662
0 0 0 0 0, 155.157220671632, 216.300748775528, 2.16662
0 0 0 0 0, 47.3997586325054, -209.199425739573, 2.16662
0 0 0 0 0, 199.529491547046, -72.7097671750286, 2.16662
0 0 0 0 0, 142.045772685738, -72.1174653260951, 2.16662
0 0 0 0 0, 93.1430203270346, -275.712757322781, 2.16662
0 0 0 0 0, 181.467330644043, 96.3182456769159, 2.16662
0 0 0 0 0, 92.2772354197584, 184.307564407523, 2.16662
0 0 0 0 0, 13.7957681499455, 316.918554509541, 2.16662
0 0 0 0 0, -133.817505230704, -162.731280194998, 2.16662
0 0 0 0 0, -202.893615010692, 221.248585086193, 2.16662
0 0 0 0 0, 45.5443214826872, 268.693677845078, 2.16662
0 0 0 0 0, -50.3320706304943, 190.902755658233, 2.16662
0 0 0 0 0, -40.3628370225527, -213.363515310941, 2.16662
0 0 0 0 0, 87.291933438181, 39.1182557542581, 2.16662
0 0 0 0 0, 187.854225340325, 30.9506950344756, 2.16662
0 0 0 0 0, -48.94766989935, -47.4797263180467, 2.16662
0 0 0 0 0, 263.231710132305, -148.755853238222, 2.16662
0 0 0 0 0, -146.756035079519, -104.81374616081, 2.16662
0 0 0 0 0, -75.6464281582936, -244.151315178472, 2.16662
0 0 0 0 0, 290.367741735247, -33.9288167829358, 2.16662
0 0 0 0 0, 97.4153685315201, 165.026738215682, 2.16662
0 0 0 0 0, 129.054017593901, 111.831185387024, 2.16662
0 0 0 0 0, 111.876385560291, 64.5527720262626, 2.16662
0 0 0 0 0, 161.941916175855, 60.7221154953705, 2.16662
0 0 0 0 0, -91.7069692322334, -185.290952436931, 2.16662
0 0 0 0 0, -33.2708646873774, -20.6671182340375, 2.16662
0 0 0 0 0, 37.535280713716, 291.636730479592, 2.16662
0 0 0 0 0, 58.2945713287035, 302.710899887479, 2.16662
0 0 0 0 0, 230.395013786652, -51.377452082214, 2.16662
0 0 0 0 0, 176.958976846631, 6.87099369117317, 2.16662
0 0 0 0 0, -17.0376494210449, -255.591219893133, 2.16662
0 0 0 0 0, -164.113317421115, 46.3601859029808, 2.16662
0 0 0 0 0, 190.184983133443, -95.256950479871, 2.16662
0 0 0 0 0, 164.64981967597, -79.6658867212119, 2.16662
0 0 0 0 0, 148.894608480053, -107.542872313987, 2.16662
0 0 0 0 0, 29.1530565675944, 126.478917448595, 2.16662
0 0 0 0 0, -70.3763311486961, -180.276484709728, 2.16662
0 0 0 0 0, -304.987112308222, -59.2115853874145, 2.16662
0 0 0 0 0, 115.648822549091, -170.453351919553, 2.16662
0 0 0 0 0, 155.555067164759, 99.5659475769412, 2.16662
0 0 0 0 0, -242.952470188607, -23.117310043448, 2.16662
0 0 0 0 0, 48.8884326143232, 67.3370638262071, 2.16662
0 0 0 0 0, 6.30358988088285, 182.370721693471, 2.16662
0 0 0 0 0, -272.355918350194, 93.1116860706946, 2.16662
0 0 0 0 0, -98.5789326289079, 227.825946628997, 2.16662
0 0 0 0 0, -307.826936214489, -98.5935082122267, 2.16662
0 0 0 0 0, -49.2525862200474, -304.868792166203, 2.16662
0 0 0 0 0, -284.433537071569, 10.4172891377961, 2.16662
0 0 0 0 0, 70.8088484365343, -216.015165524121, 2.16662
0 0 0 0 0, -82.4803498603539, 22.315367431449, 2.16662
0 0 0 0 0, -238.164607843317, -195.21890510088, 2.16662
0 0 0 0 0, 288.329147170119, 114.058119136111, 2.16662
0 0 0 0 0, -88.5945371309905, 134.611673291898, 2.16662
0 0 0 0 0, 223.132563375401, 124.911026942371, 2.16662
0 0 0 0 0, -95.2219427928804, 84.9150399891254, 2.16662
0 0 0 0 0, 94.5053870603399, -120.634603723508, 2.16662
0 0 0 0 0, 268.955491908963, -44.209338736295, 2.16662
0 0 0 0 0, 266.829111724371, 98.7698161424729, 2.16662
0 0 0 0 0, -57.975065821377, 273.686670408115, 2.16662
0 0 0 0 0, -112.716787969711, -216.533260011671, 2.16662
0 0 0 0 0, 40.2859999488165, -275.107532010318, 2.16662
0 0 0 0 0, -58.9406866567855, -69.6516069476848, 2.16662
0 0 0 0 0, 187.995185119093, 205.213381017086, 2.16662
0 0 0 0 0, -45.1655562364156, 125.814035034532, 2.16662
0 0 0 0 0, 162.612057989867, -230.770313373784, 2.16662
0 0 0 0 0, -48.7852811312141, 91.8708326905188, 2.16662
0 0 0 0 0, -38.811954725807, -192.111792172586, 2.16662
0 0 0 0 0, -207.221208334248, 249.597626089465, 2.16662
0 0 0 0 0, 249.633272751544, -119.118263924823, 2.16662
0 0 0 0 0, -174.000407323301, -6.98852723969264, 2.16662
0 0 0 0 0, -36.5023559453244, -242.252548451106, 2.16662
0 0 0 0 0, -32.5641472370664, -42.5827535593007, 2.16662
0 0 0 0 0, -64.8699514020519, 157.598189296163, 2.16662
0 0 0 0 0, 116.9210973817, 243.222874996565, 2.16662
0 0 0 0 0, -147.527145687669, -242.755065470674, 2.16662
0 0 0 0 0, -106.554379604547, -46.4518824490752, 2.16662
0 0 0 0 0, -82.4484775752607, -102.304543081016, 2.16662
0 0 0 0 0, 89.9637757251446, 140.936866328246, 2.16662
0 0 0 0 0, -230.499004073525, -203.059104083182, 2.16662
0 0 0 0 0, 133.479752670988, 201.557328407017, 2.16662
0 0 0 0 0, -13.5456960744489, -10.7734530171325, 2.16662
0 0 0 0 0, 81.808863383993, 115.946450016495, 2.16662
0 0 0 0 0, -37.495551618143, -93.0378914231315, 2.16662
0 0 0 0 0, -151.539870761394, -114.866475921268, 2.16662
0 0 0 0 0, -162.883607570618, -57.5459156425639, 2.16662
0 0 0 0 0, 237.941449647579, 122.429874366948, 2.16662
0 0 0 0 0, -165.138586871803, 20.8645490337446, 2.16662
0 0 0 0 0, -149.885654011842, 67.3554890658873, 2.16662
0 0 0 0 0, -164.594097709885, 116.516631841694, 2.16662
0 0 0 0 0, 232.141185527248, 74.4301178585373, 2.16662
0 0 0 0 0, -287.210969767261, -140.80136531847, 2.16662
0 0 0 0 0, 305.638357732102, -51.5029181256807, 2.16662
0 0 0 0 0, 41.3463221419992, 303.17062907977, 2.16662
0 0 0 0 0, -88.0019396367521, -29.0420350228916, 2.16662
0 0 0 0 0, -40.0150152408565, 57.1899748439306, 2.16662
0 0 0 0 0, -45.2018401331348, 253.693230182713, 2.16662
0 0 0 0 0, 242.654158057693, -21.3647471933048, 2.16662
0 0 0 0 0, -13.0248446289759, 65.1637537240322, 2.16662
0 0 0 0 0, -234.900499181906, -139.841132990288, 2.16662
0 0 0 0 0, 6.93151663445047, 153.491438265796, 2.16662
0 0 0 0 0, -290.091224835392, 61.7773336804907, 2.16662
0 0 0 0 0, -178.103112595051, 92.3911450494808, 2.16662
0 0 0 0 0, 119.175162151287, 240.130898573647, 2.16662
0 0 0 0 0, -152.124461116216, -248.937921050691, 2.16662
0 0 0 0 0, -125.345250753002, 270.857121455127, 2.16662
0 0 0 0 0, -209.246015969945, 133.306828577354, 2.16662
0 0 0 0 0, -123.522437673608, 79.3286116959919, 2.16662
0 0 0 0 0, 51.7865297623713, -113.821093790296, 2.16662
0 0 0 0 0, -228.749177683919, 113.735526339943, 2.16662
0 0 0 0 0, 15.0288418437563, 9.16467757613649, 2.16662
0 0 0 0 0, 138.13773835157, -66.8289652593196, 2.16662
0 0 0 0 0, -199.044814917935, -25.9953465635137, 2.16662
0 0 0 0 0, -85.661867028915, 159.867273023701, 2.16662
0 0 0 0 0, 111.186450281783, 85.5712075794859, 2.16662
0 0 0 0 0, -8.63874295508713, -45.3271447000318, 2.16662
0 0 0 0 0, -271.489846861253, 66.9094065761417, 2.16662
0 0 0 0 0, 171.981698562973, 9.75967658517069, 2.16662
0 0 0 0 0, 270.544358176796, -142.484560848085, 2.16662
0 0 0 0 0, -4.86333531172721, 101.780484948994, 2.16662
0 0 0 0 0, -62.6281547177495, 264.705029189567, 2.16662
0 0 0 0 0, 210.72513926388, 210.614988984175, 2.16662
0 0 0 0 0, 165.154868339994, 11.6619552865017, 2.16662
0 0 0 0 0, -288.648959373163, 54.036175169353, 2.16662
0 0 0 0 0, -195.982491922219, -58.0495920686822, 2.16662
0 0 0 0 0, 96.9840176048213, -256.642970026631, 2.16662
0 0 0 0 0, -78.9982848484812, 228.402938970417, 2.16662
0 0 0 0 0, 272.393357725534, -49.6746716601533, 2.16662
0 0 0 0 0, 4.97457163268314, -201.343604858377, 2.16662
0 0 0 0 0, -36.0561498917119, 165.776991220906, 2.16662
0 0 0 0 0, 300.613406321453, -100.41525712313, 2.16662
0 0 0 0 0, -78.9306858709063, -302.02504777938, 2.16662
0 0 0 0 0, -48.5167887220992, -27.1848376418106, 2.16662
0 0 0 0 0, -126.587548701513, -72.8438924473932, 2.16662
0 0 0 0 0, -135.198909242907, 269.133270928416, 2.16662
0 0 0 0 0, 144.809385498946, 168.985859068433, 2.16662
0 0 0 0 0, -182.417234874613, 240.875411651502, 2.16662
0 0 0 0 0, -195.762984133808, 24.1837318441023, 2.16662
0 0 0 0 0, -67.6202262983392, -58.109619581901, 2.16662
0 0 0 0 0, -40.9125150832137, -109.770997868653, 2.16662
0 0 0 0 0, 99.1138475930715, 279.08294611186, 2.16662
0 0 0 0 0, 267.116476922672, -0.733962741519042, 2.16662
0 0 0 0 0, 20.6141849316052, -148.907169081384, 2.16662
0 0 0 0 0, -172.219535205665, -176.343004900817, 2.16662
0 0 0 0 0, 60.9611856567993, -62.0530987096727, 2.16662
0 0 0 0 0, -136.009840107071, 247.401421651669, 2.16662
0 0 0 0 0, 122.391862332957, 0.34128785693731, 2.16662
0 0 0 0 0, 16.8246269033321, 122.449021434843, 2.16662
0 0 0 0 0, 44.7554440506462, -182.955141591079, 2.16662
0 0 0 0 0, -2.87138211990637, 7.96318234128408, 2.16662
0 0 0 0 0, -99.8702159638957, -280.605290305298, 2.16662
0 0 0 0 0, 211.303165628377, -147.147190202503, 2.16662
0 0 0 0 0, -78.2660525670772, -108.771392987037, 2.16662
0 0 0 0 0, 255.600097228854, 20.8788627637275, 2.16662
0 0 0 0 0, -63.6847889844141, -131.475216830755, 2.16662
0 0 0 0 0, -8.05366758134681, -71.0680225160529, 2.16662
0 0 0 0 0, -56.3213584933102, 77.192853826588, 2.16662
0 0 0 0 0, -172.725161215616, -146.164884430127, 2.16662
0 0 0 0 0, -19.1678923315556, -224.38871269081, 2.16662
0 0 0 0 0, -173.790280797489, 183.715877001418, 2.16662
0 0 0 0 0, -168.963242810173, -133.245791631161, 2.16662
0 0 0 0 0, -16.86038011343, 97.0346207827395, 2.16662
0 0 0 0 0, 3.43808112515963, 221.437714823779, 2.16662
0 0 0 0 0, 131.274348072881, 65.9525593468569, 2.16662
0 0 0 0 0, -186.511378388511, 56.3279952387701, 2.16662
0 0 0 0 0, 128.794816626222, -11.805851606885, 2.16662
0 0 0 0 0, 79.3537694635964, -213.740864043144, 2.16662
0 0 0 0 0, 251.965189577185, -57.441595460465, 2.16662
0 0 0 0 0, 77.9451933247906, 252.495020232677, 2.16662
0 0 0 0 0, -205.568740677403, -159.57481884836, 2.16662
0 0 0 0 0, -25.9397796876879, -285.024195293322, 2.16662
0 0 0 0 0, -154.558799828476, 55.5932366639403, 2.16662
0 0 0 0 0, 5.08269102087996, 282.578925486565, 2.16662
0 0 0 0 0, 245.728241484278, -135.637312107157, 2.16662
0 0 0 0 0, 21.7772775470509, 306.101200490226, 2.16662
0 0 0 0 0, -7.32097220225986, 62.999879953963, 2.16662
0 0 0 0 0, -172.438606919971, -21.3145429604733, 2.16662
0 0 0 0 0, 73.9649047853174, -91.9380779983173, 2.16662
0 0 0 0 0, 29.6765815582857, -123.572439749688, 2.16662
0 0 0 0 0, 72.6497518899972, 150.792892918033, 2.16662
0 0 0 0 0, -263.397685283752, 103.937861713496, 2.16662
0 0 0 0 0, -191.449140176155, -235.591140347374, 2.16662
0 0 0 0 0, 63.1077393147361, -52.8395398211896, 2.16662
0 0 0 0 0, 162.638611874108, 30.3690318190147, 2.16662
0 0 0 0 0, 218.36235563174, 201.044143077073, 2.16662
0 0 0 0 0, 299.029125503996, 81.7837586657645, 2.16662
0 0 0 0 0, -221.265238623987, 140.776890003993, 2.16662
0 0 0 0 0, 0.35799632037001, 207.758100212818, 2.16662
0 0 0 0 0, -101.013869633603, 80.9791323656304, 2.16662
0 0 0 0 0, -220.055138283798, -227.711274011668, 2.16662
0 0 0 0 0, 313.701378796745, 49.5741240335885, 2.16662
0 0 0 0 0, 4.10435125882837, 20.7770844091033, 2.16662
0 0 0 0 0, -77.7335338084561, -200.990196220506, 2.16662
0 0 0 0 0, -139.688821753005, -212.348949096463, 2.16662
0 0 0 0 0, -54.0010158977969, -34.5518907417813, 2.16662
0 0 0 0 0, -166.780388407948, 138.816604417594, 2.16662
0 0 0 0 0, -8.39109605129704, 169.412889042055, 2.16662
0 0 0 0 0, 190.545611337147, 178.502387790991, 2.16662
0 0 0 0 0, 53.5197399149168, 157.918773760518, 2.16662
0 0 0 0 0, 116.514988470486, -10.1727978357401, 2.16662
0 0 0 0 0, 103.91721719112, 219.472338368744, 2.16662
0 0 0 0 0, -174.799393440864, 263.926651214794, 2.16662
0 0 0 0 0, -124.438845103988, -91.8584054511435, 2.16662
0 0 0 0 0, -175.037887150782, 97.1073599351451, 2.16662
0 0 0 0 0, -63.6309723963108, -296.842032287031, 2.16662
0 0 0 0 0, 261.779975441273, 70.2233695414272, 2.16662
0 0 0 0 0, 112.447795865409, 206.862317708046, 2.16662
0 0 0 0 0, 8.15527095529098, 291.245028360902, 2.16662
0 0 0 0 0, 229.133979712715, 34.0229548516053, 2.16662
0 0 0 0 0, -32.2359286955053, -130.949730696452, 2.16662
0 0 0 0 0, 245.64089853741, 132.886487586208, 2.16662
0 0 0 0 0, -66.5354116762777, -16.1413061870925, 2.16662
0 0 0 0 0, -203.060334008523, 193.321028866278, 2.16662
0 0 0 0 0, 299.425711896425, -71.803055052861, 2.16662
0 0 0 0 0, -122.960220947007, -65.4145740130263, 2.16662
0 0 0 0 0, -234.679609720152, 80.0879125987053, 2.16662
0 0 0 0 0, -245.691472086701, 78.3102093254919, 2.16662
0 0 0 0 0, 149.389578112941, -127.709184711726, 2.16662
0 0 0 0 0, 260.167348407315, 114.897895405645, 2.16662
0 0 0 0 0, 198.425925167286, 251.431648335651, 2.16662
0 0 0 0 0, 194.427667452371, 97.2642801708888, 2.16662
0 0 0 0 0, -23.86721095888, 181.539246446146, 2.16662
0 0 0 0 0, -148.4689575176, -179.084409395082, 2.16662
0 0 0 0 0, 127.118433168179, 169.386891617819, 2.16662
0 0 0 0 0, 252.38531851217, -192.485056715315, 2.16662
0 0 0 0 0, -74.3872665853086, -159.066106846881, 2.16662
0 0 0 0 0, -53.8192317918556, -20.5071726725169, 2.16662
0 0 0 0 0, 247.214919345701, -23.7117051486168, 2.16662
0 0 0 0 0, -197.327412772792, -7.37563839132724, 2.16662
0 0 0 0 0, -249.829803054985, 125.414555130435, 2.16662
0 0 0 0 0, 61.4190979491085, 274.5782176839, 2.16662
0 0 0 0 0, -197.441879027448, -173.700416145791, 2.16662
0 0 0 0 0, -172.307154275441, 5.98741614904757, 2.16662
0 0 0 0 0, -64.9158662936041, 88.2065189428002, 2.16662
0 0 0 0 0, 137.435289218387, 134.597169387665, 2.16662
0 0 0 0 0, -271.561936202447, 14.6902674982005, 2.16662
0 0 0 0 0, -190.149523173429, 87.4492460135128, 2.16662
0 0 0 0 0, 145.708043672839, -132.378337621656, 2.16662
0 0 0 0 0, -99.4067937749609, -200.583913374693, 2.16662
0 0 0 0 0, 40.207658559472, 24.7183775686781, 2.16662
0 0 0 0 0, 23.9142927152466, -33.2222117759959, 2.16662
0 0 0 0 0, -34.230303832179, -149.442250850554, 2.16662
0 0 0 0 0, 280.787765194028, -73.809127558355, 2.16662
0 0 0 0 0, -65.6119781093193, -110.388140329681, 2.16662
0 0 0 0 0, -143.520316549825, 190.224189236704, 2.16662
0 0 0 0 0, 223.103654249739, -190.988889188688, 2.16662
0 0 0 0 0, 213.006888572818, -180.195343200302, 2.16662
0 0 0 0 0, 247.43513740988, 109.683950382738, 2.16662
0 0 0 0 0, -1.4214156989081, 146.449237939697, 2.16662
0 0 0 0 0, 14.7311881338995, 132.674432499115, 2.16662
0 0 0 0 0, 35.96262933074, 204.787233708546, 2.16662
0 0 0 0 0, -120.005007545182, 167.232408195797, 2.16662
0 0 0 0 0, 35.9924433157638, -225.692719708849, 2.16662
0 0 0 0 0, 115.014893236052, -139.068484896486, 2.16662
0 0 0 0 0, -82.4608019463607, -239.214833299442, 2.16662
0 0 0 0 0, 58.1381974241302, 143.993614020104, 2.16662
0 0 0 0 0, -120.51261829836, -126.802713805793, 2.16662
0 0 0 0 0, 129.77703930409, -134.008760842099, 2.16662
0 0 0 0 0, -160.060986372981, -270.460487298408, 2.16662
0 0 0 0 0, -241.761594343, -145.290474322569, 2.16662
0 0 0 0 0, -39.310120179744, -247.82870297501, 2.16662
0 0 0 0 0, -36.3717556295655, -209.252723661577, 2.16662
0 0 0 0 0, 59.2884701649523, -300.223663424765, 2.16662
0 0 0 0 0, 3.59539839933652, -267.150043633208, 2.16662
0 0 0 0 0, 267.216458415631, -141.773258371358, 2.16662
0 0 0 0 0, 298.830664844302, -50.1303107029773, 2.16662
0 0 0 0 0, -160.775735417106, 45.4565133114087, 2.16662
0 0 0 0 0, -251.214980754873, 68.4475397835386, 2.16662
0 0 0 0 0, -97.1151911164414, 87.9916539062759, 2.16662
0 0 0 0 0, -22.9470325829591, 31.291357777224, 2.16662
0 0 0 0 0, 6.7091681652493, 57.8470519969693, 2.16662
0 0 0 0 0, 109.63569541563, 200.79362123362, 2.16662
0 0 0 0 0, 149.588767440128, 184.418442810709, 2.16662
0 0 0 0 0, 192.163977900371, 58.1938137943441, 2.16662
0 0 0 0 0, -50.1284278409266, -318.160093446064, 2.16662
0 0 0 0 0, -151.259951579916, -278.007293225467, 2.16662
0 0 0 0 0, -263.249316542645, -97.0413043772386, 2.16662
0 0 0 0 0, -228.557342441006, -25.700241474855, 2.16662
0 0 0 0 0, -95.5016596924567, -209.187477495813, 2.16662
0 0 0 0 0, -92.220019783935, -145.630223236411, 2.16662
0 0 0 0 0, -168.578571158978, -127.373479500868, 2.16662
0 0 0 0 0, -113.767582037669, -83.7687537388217, 2.16662
0 0 0 0 0, 276.801121881178, -6.55425388174183, 2.16662
0 0 0 0 0, -201.889624934553, 51.0477277029641, 2.16662
0 0 0 0 0, -251.511277131419, 161.601483317479, 2.16662
0 0 0 0 0, -194.720653040005, 245.04558400569, 2.16662
0 0 0 0 0, 46.0971933056431, -224.326793176393, 2.16662
0 0 0 0 0, -47.2345947558725, -126.926562725265, 2.16662
0 0 0 0 0, -210.341571982859, -94.6400885050694, 2.16662
0 0 0 0 0, 140.657444149001, -50.4049707619209, 2.16662
0 0 0 0 0, -172.946685383808, -217.000891636964, 2.16662
0 0 0 0 0, -94.112061816789, -235.840561377624, 2.16662
0 0 0 0 0, -8.48855526841304, -250.577968419605, 2.16662
0 0 0 0 0, 11.2580180308662, -217.955526187445, 2.16662
0 0 0 0 0, 109.002709329229, -218.055594168769, 2.16662
0 0 0 0 0, -219.700156405579, -102.292578692867, 2.16662
0 0 0 0 0, -107.644194663253, -101.581888997713, 2.16662
0 0 0 0 0, -7.40171480761994, -110.56493820045, 2.16662
0 0 0 0 0, 141.338871296223, -120.863718119942, 2.16662
0 0 0 0 0, 231.696850543253, -157.059860392622, 2.16662
0 0 0 0 0, -238.081736889617, -10.0011481991357, 2.16662
0 0 0 0 0, -101.276245529026, -22.9911625133695, 2.16662
0 0 0 0 0, -20.0994943666546, -2.04276247124127, 2.16662
0 0 0 0 0, 169.681950461543, -10.7521711026428, 2.16662
0 0 0 0 0, 275.003587520018, -37.8711992723115, 2.16662
0 0 0 0 0, -238.639370695714, 58.5243272286568, 2.16662
0 0 0 0 0, -165.049095164738, 62.1294950165381, 2.16662
0 0 0 0 0, -40.5603011500603, 46.5970146707621, 2.16662
0 0 0 0 0, 58.9550547398767, 53.5793733508976, 2.16662
0 0 0 0 0, 181.467527074425, 56.4950452531363, 2.16662
0 0 0 0 0, -234.897226528212, 134.688032438171, 2.16662
0 0 0 0 0, -103.017896966478, 140.070301146663, 2.16662
0 0 0 0 0, -12.2239122053154, 137.23287422555, 2.16662
0 0 0 0 0, 119.001025467564, 129.739120153779, 2.16662
0 0 0 0 0, 233.003526168121, 145.914255473704, 2.16662
0 0 0 0 0, -202.192434128292, 233.344602766553, 2.16662
0 0 0 0 0, -79.1140345006518, 246.659014205099, 2.16662
0 0 0 0 0, 13.1672484798241, 222.190385847814, 2.16662
0 0 0 0 0, 94.3001201647423, 235.483673971208, 2.16662
0 0 0 0 0, 198.692249616998, 184.067911738735, 2.16662
0 0 0 0 0, -142.506622478868, -127.775531198782, 2.16662
0 0 0 0 0, 132.448635918928, -123.86578393255, 2.16662
-1 0 0 0 0, 0, 0, 3.175
