0 0 0 0 0, -287.894660696022, -86.8208598369038, 3.175
0 0 0 0 0, 182.784309186233, -152.813747691293, 3.175
0 0 0 0 0, 39.308115276062, -214.19183363393, 3.175
0 0 0 0 0, 269.720883045849, 63.4977252711248, 3.175
0 0 0 0 0, 292.373057877516, 52.1143371581723, 3.175
0 0 0 0 0, 193.696006240485, 180.614798653353, 3.175
0 0 0 0 0, -99.0186719704052, -12.3530681123454, 3.175
0 0 0 0 0, 194.408635435027, -128.574483843227, 2.16662
0 0 0 0 0, 194.357435658955, -131.114988527658, 2.16662
0 0 0 0 0, 92.687878568552, -263.878494628006, 2.16662
0 0 0 0 0, 92.7032644615131, -266.4194134319, 2.16662
0 0 0 0 0, -119.443742903242, -262.494755852509, 2.16662
0 0 0 0 0, -119.4564971543, -265.035882744979, 2.16662
0 0 0 0 0, -229.593553713199, -131.932813155813, 2.16662
0 0 0 0 0, -229.575551493909, -134.473798514921, 2.16662
0 0 0 0 0, -198.615892233479, 130.918173012524, 2.16662
0 0 0 0 0, -198.612501494912, 133.45917459273, 2.16662
0 0 0 0 0, -94.2637994120702, 261.549489351433, 2.16662
0 0 0 0 0, -94.2316767228268, 264.090228678755, 2.16662
0 0 0 0 0, 118.537814648642, 266.602093642154, 2.16662
0 0 0 0 0, 118.466844387228, 269.142336777894, 2.16662
0 0 0 0 0, 229.551698495243, 130.317436502016, 2.16662
0 0 0 0 0, 229.566631984596, 132.858449549956, 2.16662
0 0 0 0 0, 17.805898417358, 64.0565858572062, 2.16662
0 0 0 0 0, 19.1081386202605, 66.239500855679, 2.16662
0 0 0 0 0, -12.0514379404559, -65.5594427330491, 2.16662
0 0 0 0 0, -13.3272811006032, -67.7578995041037, 2.16662
0 0 0 0 0, 89.7991249852877, -132.142134506946, 2.16662
0 0 0 0 0, 89.8203171314707, -134.683097026176, 2.16662
0 0 0 0 0, -149.059939874998, 138.634691443026, 2.16662
0 0 0 0 0, -79.1012230926527, -176.206676025243, 2.16662
0 0 0 0 0, -23.1868883983037, 204.020780371185, 2.16662
0 0 0 0 0, 66.9390431430536, 92.7837337340636, 2.16662
0 0 0 0 0, -168.117525280354, 235.165890687994, 2.16662
0 0 0 0 0, 43.726770342636, -87.8302351294724, 2.16662
0 0 0 0 0, 115.544906702837, 26.6684211201708, 2.16662
0 0 0 0 0, 66.2050305571901, -77.5946801986791, 2.16662
0 0 0 0 0, -90.2456133476938, 118.911573628597, 2.16662
0 0 0 0 0, 16.9150774936597, 102.648272196466, 2.16662
0 0 0 0 0, 185.918930809861, -234.882357111909, 2.16662
0 0 0 0 0, 134.962306513181, -45.7563832589449, 2.16662
0 0 0 0 0, -158.29812219429, -142.837875305614, 2.16662
0 0 0 0 0, -181.538994044184, -253.344388076314, 2.16662
0 0 0 0 0, -21.3402578015237, 251.990850728782, 2.16662
0 0 0 0 0, -34.4590984246872, 34.658313989215, 2.16662
0 0 0 0 0, -281.203410815611, -60.7584943711283, 2.16662
0 0 0 0 0, -242.873379748827, 160.869992355011, 2.16662
0 0 0 0 0, 219.416218485769, 195.079399301926, 2.16662
0 0 0 0 0, 270.125625169044, 102.439936277701, 2.16662
0 0 0 0 0, 108.527531954961, -236.470195840818, 2.16662
0 0 0 0 0, 98.2420273972577, 144.386732525345, 2.16662
0 0 0 0 0, 7.09899926609677, -109.098855175764, 2.16662
0 0 0 0 0, -280.645674849009, 49.8613636032988, 2.16662
0 0 0 0 0, 68.5941041699179, 177.968298554146, 2.16662
0 0 0 0 0, 0.810553739438469, -282.867114640757, 2.16662
0 0 0 0 0, -131.437431272271, -34.2437559403724, 2.16662
0 0 0 0 0, -235.923005095794, -149.216614924365, 2.16662
0 0 0 0 0, 204.577782217376, 211.180829492732, 2.16662
0 0 0 0 0, -74.8183178834186, -92.4610741810758, 2.16662
0 0 0 0 0, 256.683335312672, 169.870027201247, 2.16662
0 0 0 0 0, -109.542965701219, -145.605771921908, 2.16662
0 0 0 0 0, 215.379173822228, -133.509479538252, 2.16662
0 0 0 0 0, 17.2404219409796, 27.2624531081531, 2.16662
0 0 0 0 0, 204.355028228374, -137.250181435897, 2.16662
0 0 0 0 0, -167.914952420571, 128.402938675386, 2.16662
0 0 0 0 0, -275.628494113529, 97.9292974904533, 2.16662
0 0 0 0 0, -311.701129714332, 79.0082320938114, 2.16662
0 0 0 0 0, 317.073874334584, -11.9234530670186, 2.16662
0 0 0 0 0, 221.852089239433, -71.9420934775651, 2.16662
0 0 0 0 0, 62.5909851060933, -251.494627894993, 2.16662
0 0 0 0 0, 262.249371445836, -38.0484930847037, 2.16662
0 0 0 0 0, -162.089413628282, -158.329230669922, 2.16662
0 0 0 0 0, 237.993302935269, 22.2479276566096, 2.16662
0 0 0 0 0, -197.229751273771, -62.7570834993917, 2.16662
0 0 0 0 0, 230.809503064282, 199.618088432329, 2.16662
0 0 0 0 0, 36.7319140149879, 157.762313544055, 2.16662
0 0 0 0 0, 130.557070831779, -199.983957702788, 2.16662
0 0 0 0 0, -56.3768498185072, -4.23913282889528, 2.16662
0 0 0 0 0, -78.7365748792268, -234.904281647804, 2.16662
0 0 0 0 0, -180.209480784605, -107.930472601749, 2.16662
0 0 0 0 0, 242.983219746494, 181.369202869972, 2.16662
0 0 0 0 0, -297.715937110122, 83.5613365943834, 2.16662
0 0 0 0 0, -315.997138365278, -30.5267674475418, 2.16662
0 0 0 0 0, 160.172211066083, -191.910662763291, 2.16662
0 0 0 0 0, -138.122261693284, 119.181545254819, 2.16662
0 0 0 0 0, -21.3105870920132, 102.629195089699, 2.16662
0 0 0 0 0, -31.3097705687802, 141.556803583528, 2.16662
0 0 0 0 0, -238.013483788577, -112.606095491479, 2.16662
0 0 0 0 0, -58.4440023550111, -254.647546783428, 2.16662
0 0 0 0 0, 242.644029679769, 134.922759603544, 2.16662
0 0 0 0 0, -119.784086567126, -84.0898735751415, 2.16662
0 0 0 0 0, -105.932559060439, 282.73603865888, 2.16662
0 0 0 0 0, 165.958619191726, -29.3934872330426, 2.16662
0 0 0 0 0, 20.9525480113058, 115.562323681085, 2.16662
0 0 0 0 0, 249.468984847028, 174.40099967646, 2.16662
0 0 0 0 0, 6.86624103439532, 278.013837409385, 2.16662
0 0 0 0 0, -70.3143160107219, -76.3636074837134, 2.16662
0 0 0 0 0, -110.536356918504, 137.991522604101, 2.16662
0 0 0 0 0, 138.584170361942, -133.116530374794, 2.16662
0 0 0 0 0, -251.970564138488, -26.4581138099564, 2.16662
0 0 0 0 0, -128.907753808856, 198.687220655938, 2.16662
0 0 0 0 0, 9.40319723901598, 316.237091343661, 2.16662
0 0 0 0 0, -76.5570332542371, 179.669703480067, 2.16662
0 0 0 0 0, -167.54666739834, -92.8957076485844, 2.16662
0 0 0 0 0, -153.545338390904, -166.478969316925, 2.16662
0 0 0 0 0, -120.213012377347, 279.611087392111, 2.16662
0 0 0 0 0, 17.7248923078455, 79.1206115218317, 2.16662
0 0 0 0 0, -0.206794058136434, 140.083239237935, 2.16662
0 0 0 0 0, -38.4923782963006, -259.932022577985, 2.16662
0 0 0 0 0, 4.54356714421374, 199.136352424577, 2.16662
0 0 0 0 0, -63.3336782149777, -92.7159838388787, 2.16662
0 0 0 0 0, -226.296319952565, 125.256098566414, 2.16662
0 0 0 0 0, 225.523113919788, 109.348506231361, 2.16662
0 0 0 0 0, 203.322023373774, 247.237961093046, 2.16662
0 0 0 0 0, 72.5960930426185, -273.005348709442, 2.16662
0 0 0 0 0, 78.4045551855371, -231.795955029357, 2.16662
0 0 0 0 0, -277.847525122475, -125.295215418383, 2.16662
0 0 0 0 0, -225.388509642377, -71.3560344046016, 2.16662
0 0 0 0 0, 81.7430787453916, 193.390364568915, 2.16662
0 0 0 0 0, 210.424513757, -68.1268664381082, 2.16662
0 0 0 0 0, 68.8657319217496, 187.814318140245, 2.16662
0 0 0 0 0, 319.503485432654, -36.5674285012421, 2.16662
0 0 0 0 0, 87.536681351074, 211.379495834643, 2.16662
0 0 0 0 0, -113.381827960051, 54.8198738740079, 2.16662
0 0 0 0 0, -210.687947138249, 76.7505251281939, 2.16662
0 0 0 0 0, 47.0876999201719, 258.009270670643, 2.16662
0 0 0 0 0, -104.645090869912, -207.711524893769, 2.16662
0 0 0 0 0, -171.555825690734, -246.640802874146, 2.16662
0 0 0 0 0, 203.117773976148, 89.4495282848231, 2.16662
0 0 0 0 0, 88.7432065500666, 249.010089186826, 2.16662
0 0 0 0 0, 226.771457097086, 86.6867475596417, 2.16662
0 0 0 0 0, -59.4099420254176, 289.925792136484, 2.16662
0 0 0 0 0, -139.179937585465, 173.122322502831, 2.16662
0 0 0 0 0, -214.351244615184, -170.523574416116, 2.16662
0 0 0 0 0, -185.291563643392, 119.049540339144, 2.16662
0 0 0 0 0, -127.250383671994, -284.024534977535, 2.16662
0 0 0 0 0, -114.584778503988, 206.893761249904, 2.16662
0 0 0 0 0, -30.798903038218, 117.20371272648, 2.16662
0 0 0 0 0, -196.160547304008, -202.019949589185, 2.16662
0 0 0 0 0, 51.4911814758535, 210.34417050893, 2.16662
0 0 0 0 0, -55.0128914805162, -85.8311246788329, 2.16662
0 0 0 0 0, -66.7673654408816, -312.217731933084, 2.16662
0 0 0 0 0, -231.62507623582, 33.8732830025414, 2.16662
0 0 0 0 0, 123.651319622568, -224.284010004438, 2.16662
0 0 0 0 0, 46.9601678459525, -266.179542762099, 2.16662
0 0 0 0 0, 121.317651483641, 241.524668730712, 2.16662
0 0 0 0 0, -97.9043576691872, 3.85038055173101, 2.16662
0 0 0 0 0, -290.40547429435, -125.476552002103, 2.16662
0 0 0 0 0, 210.842383634911, 130.388929535317, 2.16662
0 0 0 0 0, -64.1866549676037, -53.2763586980287, 2.16662
0 0 0 0 0, -189.338830242398, -191.354795086042, 2.16662
0 0 0 0 0, 43.1980139129002, -284.739769974361, 2.16662
0 0 0 0 0, -187.079162931937, 32.6878809225525, 2.16662
0 0 0 0 0, -205.261173135605, 248.83094034889, 2.16662
0 0 0 0 0, 159.778784569847, -14.2165585854372, 2.16662
0 0 0 0 0, 157.425563157289, -264.258563166886, 2.16662
0 0 0 0 0, -260.89272261101, 142.177814982988, 2.16662
0 0 0 0 0, -239.078414845933, -103.806005711525, 2.16662
0 0 0 0 0, -303.878011560943, -37.30779882685, 2.16662
0 0 0 0 0, 212.664320928715, 176.174543293754, 2.16662
0 0 0 0 0, 69.3400675983053, -145.30101929617, 2.16662
0 0 0 0 0, 126.441939051166, 174.890038014646, 2.16662
0 0 0 0 0, -69.2406007457269, 128.41274732659, 2.16662
0 0 0 0 0, -257.407024294498, 115.202593348444, 2.16662
0 0 0 0 0, -86.9446820495828, -174.874521656885, 2.16662
0 0 0 0 0, -291.757923821599, 141.23438901328, 2.16662
0 0 0 0 0, -214.508502622049, -103.511577564901, 2.16662
0 0 0 0 0, -275.51357493392, -165.598811592467, 2.16662
0 0 0 0 0, -161.515540020082, -46.5197861124981, 2.16662
0 0 0 0 0, -146.324108513307, 212.422231665239, 2.16662
0 0 0 0 0, -27.521022000447, -140.152644246333, 2.16662
0 0 0 0 0, 173.498509628715, 46.6172935069928, 2.16662
0 0 0 0 0, -21.3916603816767, -279.856227250558, 2.16662
0 0 0 0 0, 21.0494700582031, -8.18361304731323, 2.16662
0 0 0 0 0, 44.0949743765285, -157.252404339957, 2.16662
0 0 0 0 0, -129.450989102648, 181.582451256497, 2.16662
0 0 0 0 0, -173.241487750456, -40.7890753483653, 2.16662
0 0 0 0 0, -233.412578021832, -178.782174625225, 2.16662
0 0 0 0 0, -90.8296525115285, -135.635642721591, 2.16662
0 0 0 0 0, -114.514559861933, -99.6926363668573, 2.16662
0 0 0 0 0, 190.05425139255, 221.890291517782, 2.16662
0 0 0 0 0, 23.6247837394857, -207.467614072312, 2.16662
0 0 0 0 0, -82.4773764945238, 246.023214155883, 2.16662
0 0 0 0 0, -58.7687060803054, 73.9091684203355, 2.16662
0 0 0 0 0, -214.301511510947, -62.1886412492155, 2.16662
0 0 0 0 0, -239.693464494649, -52.7748349745721, 2.16662
0 0 0 0 0, -136.902726149452, 52.7167434019778, 2.16662
0 0 0 0 0, -228.230164277432, 61.4750098041917, 2.16662
0 0 0 0 0, -307.059741597607, -20.4130247665722, 2.16662
0 0 0 0 0, -11.5250796428407, 91.7043820692128, 2.16662
0 0 0 0 0, 272.220233638269, -16.4079671206975, 2.16662
0 0 0 0 0, -128.491277653314, -99.3984593114013, 2.16662
0 0 0 0 0, -213.785233254049, -84.6500096585806, 2.16662
0 0 0 0 0, -231.881339928176, -157.246381579286, 2.16662
0 0 0 0 0, -219.699312563102, -54.215550694069, 2.16662
0 0 0 0 0, -137.715915161919, -137.230207472347, 2.16662
0 0 0 0 0, -111.829069125153, -205.355073592231, 2.16662
0 0 0 0 0, -176.055772447931, -176.330034756965, 2.16662
0 0 0 0 0, -35.4021731424645, -102.281102214323, 2.16662
0 0 0 0 0, -43.418584341628, -81.5706986407335, 2.16662
0 0 0 0 0, 59.3816581410361, -32.5565303394387, 2.16662
0 0 0 0 0, 80.7269864520955, -161.394275126744, 2.16662
0 0 0 0 0, 211.249995975314, -106.847042395763, 2.16662
0 0 0 0 0, 292.994037245545, -96.902314714231, 2.16662
0 0 0 0 0, -188.785154533534, 49.3224703114722, 2.16662
0 0 0 0 0, -178.859022365746, 48.1094062813593, 2.16662
0 0 0 0 0, -233.772048086044, 223.578887658067, 2.16662
0 0 0 0 0, -98.3983703410409, 144.356935857306, 2.16662
0 0 0 0 0, -131.082936571795, 43.2759532839596, 2.16662
0 0 0 0 0, -135.992716498955, 222.461498568757, 2.16662
0 0 0 0 0, -9.16924375853802, 101.515185925618, 2.16662
0 0 0 0 0, 86.6690447343112, 119.205557354112, 2.16662
0 0 0 0 0, 33.1736878785617, 148.181724345981, 2.16662
0 0 0 0 0, 200.545991196721, 27.2164916183044, 2.16662
0 0 0 0 0, 111.204877437498, 180.212159743144, 2.16662
0 0 0 0 0, 99.7053546165995, 219.103466305721, 2.16662
0 0 0 0 0, 27.0851279981466, -321.356640763208, 2.16662
0 0 0 0 0, 174.181536901047, 12.6697473598051, 2.16662
0 0 0 0 0, -318.189848319128, -27.6634940017948, 2.16662
0 0 0 0 0, -231.290251789599, 17.6787890343828, 2.16662
0 0 0 0 0, 164.081502957281, 10.760935202167, 2.16662
0 0 0 0 0, 160.488967734118, 239.33534315106, 2.16662
0 0 0 0 0, 268.889549300327, -54.8247730794237, 2.16662
0 0 0 0 0, 170.058366844553, 55.1903668542207, 2.16662
0 0 0 0 0, 142.93901609646, 96.6851677244897, 2.16662
0 0 0 0 0, 5.93520369215216, 288.585696891158, 2.16662
0 0 0 0 0, 244.131351645132, -93.1118450907948, 2.16662
0 0 0 0 0, -156.50058073948, -29.5116727687857, 2.16662
0 0 0 0 0, 266.554229764924, 91.2701040295637, 2.16662
0 0 0 0 0, 118.895109251049, 99.4671103993768, 2.16662
0 0 0 0 0, 157.7672244962, 168.61057527191, 2.16662
0 0 0 0 0, 82.1119740438945, -138.587897483701, 2.16662
0 0 0 0 0, 243.212583849584, -118.737769430777, 2.16662
0 0 0 0 0, 180.303890834474, -33.1892947746746, 2.16662
0 0 0 0 0, 102.926002155302, -62.8354474821715, 2.16662
0 0 0 0 0, 174.311111385346, -27.004441793299, 2.16662
0 0 0 0 0, -147.429108828439, 19.5705857226547, 2.16662
0 0 0 0 0, 311.090805028177, 81.0625574625555, 2.16662
0 0 0 0 0, 254.853034312992, 100.527039973857, 2.16662
0 0 0 0 0, -198.901925354361, 152.002763667755, 2.16662
0 0 0 0 0, -157.104471148498, 167.403036721963, 2.16662
0 0 0 0 0, 158.791974313005, 192.929124785779, 2.16662
0 0 0 0 0, -124.440343739571, -291.703331837609, 2.16662
0 0 0 0 0, -82.264524123327, -303.099320109819, 2.16662
0 0 0 0 0, -25.554241940429, -250.214003244086, 2.16662
0 0 0 0 0, -12.3277670639127, -290.076753880633, 2.16662
0 0 0 0 0, 8.88731544273957, -282.951878516947, 2.16662
0 0 0 0 0, 34.6843551267335, -303.161856904417, 2.16662
0 0 0 0 0, 38.758300849504, -277.052136720412, 2.16662
0 0 0 0 0, 59.8734288617758, -260.519839197741, 2.16662
0 0 0 0 0, 80.0187206612903, -280.7727393015, 2.16662
0 0 0 0 0, 171.44864985556, -260.3439827465, 2.16662
0 0 0 0 0, -184.785855903385, -228.132820485429, 2.16662
0 0 0 0 0, -196.795873877068, -225.42292399279, 2.16662
0 0 0 0 0, -111.753010833203, -197.090011524079, 2.16662
0 0 0 0 0, -78.855077566268, -249.549523841172, 2.16662
0 0 0 0 0, -95.0536725724363, -277.76561687152, 2.16662
0 0 0 0 0, 63.6744496552798, -225.906516664797, 2.16662
0 0 0 0 0, 96.5962622427008, -220.476717627622, 2.16662
0 0 0 0 0, 107.684443654688, -246.897934511376, 2.16662
0 0 0 0 0, 113.518859401609, -223.900051884247, 2.16662
0 0 0 0 0, 188.445613949587, -227.645747626722, 2.16662
0 0 0 0 0, -222.366943119198, -173.853863969198, 2.16662
0 0 0 0 0, -179.72745684341, -200.035467873927, 2.16662
0 0 0 0 0, -183.487003387574, -181.550928003405, 2.16662
0 0 0 0 0, -186.357843078663, -170.320056342722, 2.16662
0 0 0 0 0, -100.805573812666, -223.225266887487, 2.16662
0 0 0 0 0, -106.350726746974, -182.591472021742, 2.16662
0 0 0 0 0, -65.6745854932633, -158.249669138252, 2.16662
0 0 0 0 0, 8.51946991863857, -205.024223848064, 2.16662
0 0 0 0 0, 121.944417918737, -198.984713332919, 2.16662
0 0 0 0 0, 169.538413053126, -199.156713172027, 2.16662
0 0 0 0 0, -259.601754839659, -164.551043257209, 2.16662
0 0 0 0 0, -218.630734004559, -156.234749601076, 2.16662
0 0 0 0 0, -258.124528111564, -176.356590734655, 2.16662
0 0 0 0 0, -200.82615859561, -176.018167391046, 2.16662
0 0 0 0 0, -172.719610279879, -141.133221560459, 2.16662
0 0 0 0 0, -191.732954024846, -178.088497568046, 2.16662
0 0 0 0 0, -119.92020856819, -133.403048109716, 2.16662
0 0 0 0 0, 44.8647790311967, -137.422083820391, 2.16662
0 0 0 0 0, 79.0721394354068, -128.310709041805, 2.16662
0 0 0 0 0, 95.2188193489879, -177.86928361496, 2.16662
0 0 0 0 0, -286.276564604385, -109.89263376754, 2.16662
0 0 0 0 0, -266.780759117867, -119.611771334253, 2.16662
0 0 0 0 0, -167.087104447378, -125.225356837697, 2.16662
0 0 0 0 0, -106.760110121003, -117.623114358135, 2.16662
0 0 0 0 0, -90.0743856538741, -117.576191840723, 2.16662
0 0 0 0 0, -18.3034462480553, -135.736823162682, 2.16662
0 0 0 0 0, 59.4137898568293, -128.072234415352, 2.16662
0 0 0 0 0, 142.730159709654, -126.455196626077, 2.16662
0 0 0 0 0, 198.643578123273, -157.049223037651, 2.16662
0 0 0 0 0, 237.570994465718, -153.217904441117, 2.16662
0 0 0 0 0, -261.119020738053, -107.775220789904, 2.16662
0 0 0 0 0, -258.032941241836, -136.297605847584, 2.16662
0 0 0 0 0, -215.586777746015, -75.5794201127612, 2.16662
0 0 0 0 0, -173.422664820236, -88.8902141807024, 2.16662
0 0 0 0 0, -115.917153155527, -89.8484411353492, 2.16662
0 0 0 0 0, -107.790236481515, -108.797745782055, 2.16662
0 0 0 0 0, -46.4046214895863, -103.951615173146, 2.16662
0 0 0 0 0, 14.1333929069201, -112.9003396477, 2.16662
0 0 0 0 0, 221.944530808471, -80.6142272626569, 2.16662
0 0 0 0 0, 278.818984842684, -115.163866119702, 2.16662
0 0 0 0 0, -196.256234237327, -79.2150000703335, 2.16662
0 0 0 0 0, -183.318690257319, -64.2123776716187, 2.16662
0 0 0 0 0, -103.210171706036, -81.385076952644, 2.16662
0 0 0 0 0, -82.1447204897364, -94.4971321666832, 2.16662
0 0 0 0 0, -68.5211871541959, -108.998487840801, 2.16662
0 0 0 0 0, -76.5263836472946, -81.2118253908507, 2.16662
0 0 0 0 0, -37.7084253485149, -114.14860540793, 2.16662
0 0 0 0 0, 54.2878321595306, -93.9808383321777, 2.16662
0 0 0 0 0, 246.787580992348, -70.8966106686761, 2.16662
0 0 0 0 0, 278.693952365782, -92.4035522211386, 2.16662
0 0 0 0 0, -273.200038281014, -54.4173695146288, 2.16662
0 0 0 0 0, -210.954077564622, -54.4315702354179, 2.16662
0 0 0 0 0, -226.798353287277, -20.3379906585884, 2.16662
0 0 0 0 0, -168.90261472321, -54.7990134511496, 2.16662
0 0 0 0 0, -63.7174795367838, -116.534711803294, 2.16662
0 0 0 0 0, 57.4230733890835, -81.8057499336194, 2.16662
0 0 0 0 0, 97.5663452688622, -65.2321603356144, 2.16662
0 0 0 0 0, 218.861518880004, -58.9776352088824, 2.16662
0 0 0 0 0, 212.46027960563, -48.2687950459707, 2.16662
0 0 0 0 0, 271.552324824459, -60.286359511137, 2.16662
0 0 0 0 0, -280.681162870888, -43.4964968922262, 2.16662
0 0 0 0 0, -264.878154500058, -64.3530039851017, 2.16662
0 0 0 0 0, -223.068794380839, -11.0297199687378, 2.16662
0 0 0 0 0, -177.356833900579, -7.88700530642511, 2.16662
0 0 0 0 0, -108.725401469658, -23.6020202122705, 2.16662
0 0 0 0 0, -117.245762360549, -6.67519682983309, 2.16662
0 0 0 0 0, -85.0287826208345, -9.23378404312723, 2.16662
0 0 0 0 0, 139.683831947803, -53.5206663395613, 2.16662
0 0 0 0 0, 251.497741170562, -41.5996798115038, 2.16662
0 0 0 0 0, 317.287552519337, -42.8417417551597, 2.16662
0 0 0 0 0, -287.80179178495, -2.27871463122579, 2.16662
0 0 0 0 0, -308.367583448732, -71.2135345629858, 2.16662
0 0 0 0 0, -275.623859873954, -5.80330137966114, 2.16662
0 0 0 0 0, -267.40591652951, 10.1255896110737, 2.16662
0 0 0 0 0, -186.864165580173, 8.23806206710143, 2.16662
0 0 0 0 0, 60.3164482351961, -15.8271241644923, 2.16662
0 0 0 0 0, 178.060931452573, -23.6433152118907, 2.16662
0 0 0 0 0, 173.674748210184, -15.6919241629245, 2.16662
0 0 0 0 0, 192.897741453092, -22.2998904615442, 2.16662
0 0 0 0 0, 257.402255475812, -23.0081185961584, 2.16662
0 0 0 0 0, -210.083323229414, -10.4764011183591, 2.16662
0 0 0 0 0, -171.852314830632, 39.0155563347938, 2.16662
0 0 0 0 0, -90.1244037104735, 4.30527828344702, 2.16662
0 0 0 0 0, -96.3132982783469, 13.3680056559098, 2.16662
0 0 0 0 0, 11.6217900434855, -3.65854851802372, 2.16662
0 0 0 0 0, 139.756919209469, -11.8678988553645, 2.16662
0 0 0 0 0, 169.324395431153, 9.61971763203605, 2.16662
0 0 0 0 0, 176.593524904745, 8.38546855546657, 2.16662
0 0 0 0 0, 240.724761044107, 13.7101576251735, 2.16662
0 0 0 0 0, 318.444755269847, 15.9919837951765, 2.16662
0 0 0 0 0, -193.822370144148, 39.8359454682659, 2.16662
0 0 0 0 0, -186.384558400047, 53.044581713031, 2.16662
0 0 0 0 0, -185.508236426117, 71.447955493343, 2.16662
0 0 0 0 0, -168.270092813939, 79.5497292404931, 2.16662
0 0 0 0 0, -114.506962014568, 64.6402717078242, 2.16662
0 0 0 0 0, -17.2121889800283, 19.1285482150556, 2.16662
0 0 0 0 0, -5.02583326293676, 11.4232613153466, 2.16662
0 0 0 0 0, 105.375735019539, 20.1901219427885, 2.16662
0 0 0 0 0, 183.594319970442, 43.9396038952299, 2.16662
0 0 0 0 0, 184.080732653802, 21.9004239503679, 2.16662
0 0 0 0 0, -313.085424529995, 68.9309930329333, 2.16662
0 0 0 0 0, -292.767273116272, 50.9296346295913, 2.16662
0 0 0 0 0, -215.637684762672, 75.604037032309, 2.16662
0 0 0 0 0, -202.561080333518, 71.8034702026025, 2.16662
0 0 0 0 0, -110.607621548236, 71.578709318154, 2.16662
0 0 0 0 0, -93.0945430998072, 52.3903984958652, 2.16662
0 0 0 0 0, -64.5423968566085, 93.5381130220538, 2.16662
0 0 0 0 0, 7.16744275230662, 85.7463561062485, 2.16662
0 0 0 0 0, 186.989389986896, 58.957125180986, 2.16662
0 0 0 0 0, 305.734461285006, 84.9480523147166, 2.16662
0 0 0 0 0, -293.308186450323, 65.2058947207266, 2.16662
0 0 0 0 0, -287.021266569935, 118.70998324524, 2.16662
0 0 0 0 0, -25.9223920417653, 108.0798389332, 2.16662
0 0 0 0 0, 69.7074059355918, 81.2342414835801, 2.16662
0 0 0 0 0, 120.66288290117, 95.5720177170081, 2.16662
0 0 0 0 0, 134.583387202307, 108.649753737996, 2.16662
0 0 0 0 0, 211.431387657635, 109.049780968809, 2.16662
0 0 0 0 0, 227.591533076125, 94.2702122422749, 2.16662
0 0 0 0 0, 255.406781291331, 96.6422096460902, 2.16662
0 0 0 0 0, 272.008193092784, 95.1710500529351, 2.16662
0 0 0 0 0, -266.124162515502, 122.193446588034, 2.16662
0 0 0 0 0, -176.023818038783, 127.911756364829, 2.16662
0 0 0 0 0, -93.7848202115889, 109.073881635128, 2.16662
0 0 0 0 0, -44.1848986808493, 118.684492831775, 2.16662
0 0 0 0 0, -17.112618372705, 117.118456760069, 2.16662
0 0 0 0 0, -34.5392160250296, 93.8526578031018, 2.16662
0 0 0 0 0, 37.2253983304933, 77.3412344522679, 2.16662
0 0 0 0 0, 47.7209959827133, 120.982172329347, 2.16662
0 0 0 0 0, 221.045809352994, 112.408246868084, 2.16662
0 0 0 0 0, 273.803742801665, 84.2661825619743, 2.16662
0 0 0 0 0, -223.879625806412, 107.900776291749, 2.16662
0 0 0 0 0, -166.732596106342, 119.063511430614, 2.16662
0 0 0 0 0, -178.503555303132, 149.955148583629, 2.16662
0 0 0 0 0, -106.625632989747, 126.803317680294, 2.16662
0 0 0 0 0, -102.345821330771, 133.697594893413, 2.16662
0 0 0 0 0, -56.3231539308568, 118.558037459545, 2.16662
0 0 0 0 0, -8.55877201696993, 150.426353451649, 2.16662
0 0 0 0 0, 92.4912680810465, 107.822508798648, 2.16662
0 0 0 0 0, 214.026378590066, 117.982780721382, 2.16662
0 0 0 0 0, 248.39756659001, 127.103260305303, 2.16662
0 0 0 0 0, -284.503258858968, 139.222732416306, 2.16662
0 0 0 0 0, -252.223021767078, 165.531292285172, 2.16662
0 0 0 0 0, -233.444871654609, 161.628326927537, 2.16662
0 0 0 0 0, -181.714016749742, 138.214864107417, 2.16662
0 0 0 0 0, -185.594181998886, 195.008617572931, 2.16662
0 0 0 0 0, -76.7598921767311, 160.236737448711, 2.16662
0 0 0 0 0, -38.8375181884236, 133.839310167163, 2.16662
0 0 0 0 0, 17.2953342476261, 157.632513788718, 2.16662
0 0 0 0 0, 53.2478632264703, 160.324429278586, 2.16662
0 0 0 0 0, 96.3462795652579, 135.127457324351, 2.16662
0 0 0 0 0, -109.418626761911, 183.562113019174, 2.16662
0 0 0 0 0, -95.5175572558413, 180.813676760099, 2.16662
0 0 0 0 0, 75.8370251731825, 182.175148951212, 2.16662
0 0 0 0 0, 117.772700157498, 173.144505060205, 2.16662
0 0 0 0 0, 153.080702569677, 177.119241859767, 2.16662
0 0 0 0 0, 162.685157050112, 156.684185288332, 2.16662
0 0 0 0 0, 223.926334227073, 166.880337617893, 2.16662
0 0 0 0 0, 254.284895256994, 186.75014950151, 2.16662
0 0 0 0 0, 246.843547367186, 163.202706440953, 2.16662
0 0 0 0 0, 255.118366950883, 160.143393155422, 2.16662
0 0 0 0 0, -95.0809139967981, 171.246743109335, 2.16662
0 0 0 0 0, -105.735946554569, 238.427800201732, 2.16662
0 0 0 0 0, -84.6586513287816, 223.641662089524, 2.16662
0 0 0 0 0, -9.27941300550298, 199.484323670871, 2.16662
0 0 0 0 0, -1.13760152398891, 187.358628077969, 2.16662
0 0 0 0 0, 70.3936828017763, 201.172380685266, 2.16662
0 0 0 0 0, 98.9386662888265, 190.912675178579, 2.16662
0 0 0 0 0, 159.86075338816, 198.143440236477, 2.16662
0 0 0 0 0, 210.75778570735, 197.807752494691, 2.16662
0 0 0 0 0, 251.516757356239, 197.107061544521, 2.16662
0 0 0 0 0, -236.107535335317, 192.638449812938, 2.16662
0 0 0 0 0, -175.773544225913, 236.676312236311, 2.16662
0 0 0 0 0, -180.112141747193, 202.261209365623, 2.16662
0 0 0 0 0, -108.72419109842, 246.511594983653, 2.16662
0 0 0 0 0, 34.217689891847, 218.180000415226, 2.16662
0 0 0 0 0, 107.690980217907, 216.258081456894, 2.16662
0 0 0 0 0, 114.074412574038, 227.319459838333, 2.16662
0 0 0 0 0, 158.412219743676, 249.414147937436, 2.16662
0 0 0 0 0, 183.640348686891, 225.906779496395, 2.16662
0 0 0 0 0, 201.331265882137, 195.40508121382, 2.16662
0 0 0 0 0, -189.036841942319, 257.424765356368, 2.16662
0 0 0 0 0, -108.806252667511, 259.931935733964, 2.16662
0 0 0 0 0, -81.8572319967052, 277.518308197502, 2.16662
0 0 0 0 0, -76.587336670488, 253.416610210724, 2.16662
0 0 0 0 0, -0.479502609274197, 265.316366341224, 2.16662
0 0 0 0 0, -2.48454187520908, 278.018427155734, 2.16662
0 0 0 0 0, 59.9502528254284, 248.467942906859, 2.16662
0 0 0 0 0, 108.321449412846, 246.612503173874, 2.16662
0 0 0 0 0, 128.625627480288, 247.877987125613, 2.16662
0 0 0 0 0, 177.068974761135, 231.865519526255, 2.16662
0 0 0 0 0, -310.645534291097, 17.3321491640772, 2.16662
0 0 0 0 0, -305.144218082628, 45.4556312625632, 2.16662
0 0 0 0 0, -295.82213524116, -83.1448143962849, 2.16662
0 0 0 0 0, -292.75274486613, 43.3735140467103, 2.16662
0 0 0 0 0, -282.804143760264, 36.9190349894188, 2.16662
0 0 0 0 0, -276.846054992013, -73.3605705628452, 2.16662
0 0 0 0 0, -265.093195985639, 63.9684091551925, 2.16662
0 0 0 0 0, -253.649169415303, 174.54843582247, 2.16662
0 0 0 0 0, -238.983472407533, 185.852370991458, 2.16662
0 0 0 0 0, -237.551402818436, 152.40912196286, 2.16662
0 0 0 0 0, -237.685140932481, 178.000460173766, 2.16662
0 0 0 0 0, -230.508365090082, 179.305650383843, 2.16662
0 0 0 0 0, -227.992351282169, 154.136609889052, 2.16662
0 0 0 0 0, -225.755178717556, 99.8558040556035, 2.16662
0 0 0 0 0, -225.428656411322, 192.876333319036, 2.16662
0 0 0 0 0, -218.473064357806, 95.6539796392266, 2.16662
0 0 0 0 0, -201.32033111751, 119.951342442431, 2.16662
0 0 0 0 0, -193.463702150568, 223.817413090789, 2.16662
0 0 0 0 0, -187.624258380251, -217.765373888982, 2.16662
0 0 0 0 0, -187.812156126163, -134.277905629995, 2.16662
0 0 0 0 0, -187.525063170372, 96.8289760944916, 2.16662
0 0 0 0 0, -187.549321963659, 219.191000725587, 2.16662
0 0 0 0 0, -187.033901842259, 242.064345952841, 2.16662
0 0 0 0 0, -175.5076613182, 258.081245776324, 2.16662
0 0 0 0 0, -142.591485346825, -273.600462672847, 2.16662
0 0 0 0 0, -135.628639144008, -289.190954294076, 2.16662
0 0 0 0 0, -113.678552151575, -167.715349879875, 2.16662
0 0 0 0 0, -112.571624969417, -281.788988059746, 2.16662
0 0 0 0 0, -103.458019994827, -253.299795522637, 2.16662
0 0 0 0 0, -101.575020158306, -271.474307852576, 2.16662
0 0 0 0 0, -100.679662653619, -303.049387095716, 2.16662
0 0 0 0 0, -97.3508091097917, -285.306787619488, 2.16662
0 0 0 0 0, -85.0742276245415, 46.9564974381268, 2.16662
0 0 0 0 0, -78.8041487206612, -118.761257982545, 2.16662
0 0 0 0 0, -77.7702419866202, 111.949289376103, 2.16662
0 0 0 0 0, -68.0185217924024, 104.546884719327, 2.16662
0 0 0 0 0, -67.4453414922414, 111.996612971142, 2.16662
0 0 0 0 0, -59.6414456846824, -140.624626334369, 2.16662
0 0 0 0 0, -59.5241756007853, -122.517088758753, 2.16662
0 0 0 0 0, -54.8242019520756, -191.285139320305, 2.16662
0 0 0 0 0, -49.0649666517489, -115.649288241898, 2.16662
0 0 0 0 0, -43.5326888647291, -168.648394523636, 2.16662
0 0 0 0 0, -40.1501683614672, -160.24015027357, 2.16662
0 0 0 0 0, -36.170505795292, -198.791778034533, 2.16662
0 0 0 0 0, -22.7583821589044, -178.909790419172, 2.16662
0 0 0 0 0, -25.9005126047146, 305.162624695135, 2.16662
0 0 0 0 0, -23.7412205032604, 163.652853621947, 2.16662
0 0 0 0 0, -23.0408767855598, 133.174489073619, 2.16662
0 0 0 0 0, -14.7596393749799, -194.171913486471, 2.16662
0 0 0 0 0, -15.1517468552402, 168.019009357509, 2.16662
0 0 0 0 0, -12.4418212620183, 65.5768919894697, 2.16662
0 0 0 0 0, -8.34790951821363, -106.937196137072, 2.16662
0 0 0 0 0, -5.23473733194603, -253.488678174195, 2.16662
0 0 0 0 0, -4.60170537595014, -315.344830673204, 2.16662
0 0 0 0 0, -3.45926060563564, -240.262812520337, 2.16662
0 0 0 0 0, -5.63060610533517, 50.2644539748286, 2.16662
0 0 0 0 0, -5.27421629945438, 209.667369505154, 2.16662
0 0 0 0 0, -0.0964937040327196, -210.667716949029, 2.16662
0 0 0 0 0, 0.471278263612058, -228.247471524196, 2.16662
0 0 0 0 0, 3.29722294543713, -159.726580507636, 2.16662
0 0 0 0 0, 5.21758999412137, -268.025163762346, 2.16662
0 0 0 0 0, 4.54392977807566, -148.627991330782, 2.16662
0 0 0 0 0, 6.56733080201808, -250.649663863286, 2.16662
0 0 0 0 0, 3.96016134405307, 238.291455096676, 2.16662
0 0 0 0 0, 9.23667662564722, -274.67090620877, 2.16662
0 0 0 0 0, 10.1925418581635, -223.129278214048, 2.16662
0 0 0 0 0, 11.0255442253861, -96.8077214425045, 2.16662
0 0 0 0 0, 14.2787317177677, -187.748651807943, 2.16662
0 0 0 0 0, 16.0363688982982, -132.899767559603, 2.16662
0 0 0 0 0, 35.6659147387544, -239.380578315695, 2.16662
0 0 0 0 0, 37.3303375255771, -121.541325687268, 2.16662
0 0 0 0 0, 36.772676425689, -11.0011403577964, 2.16662
0 0 0 0 0, 36.5100186690135, 57.9907831776164, 2.16662
0 0 0 0 0, 38.6576567106056, -37.1068267699316, 2.16662
0 0 0 0 0, 39.3473902784293, -60.2990473408546, 2.16662
0 0 0 0 0, 39.7416250155396, -44.7984535627997, 2.16662
0 0 0 0 0, 37.2599342056439, 237.516363428973, 2.16662
0 0 0 0 0, 43.0558918752951, -309.235347638977, 2.16662
0 0 0 0 0, 41.828798082479, -130.27985214108, 2.16662
0 0 0 0 0, 39.1488060188701, 184.133016600713, 2.16662
0 0 0 0 0, 38.1585341613114, 320.095567605597, 2.16662
0 0 0 0 0, 39.6974119550878, 302.754307045642, 2.16662
0 0 0 0 0, 44.3619369340763, 75.7974329877839, 2.16662
0 0 0 0 0, 47.4607668427481, -62.0334719493963, 2.16662
0 0 0 0 0, 49.1626747382619, -8.71831093817569, 2.16662
0 0 0 0 0, 51.6611913978036, -218.186875041199, 2.16662
0 0 0 0 0, 50.9290946135513, -127.865786014069, 2.16662
0 0 0 0 0, 49.3379797858969, 63.758149087037, 2.16662
0 0 0 0 0, 49.3456822631097, 298.797281927939, 2.16662
0 0 0 0 0, 52.5053085503375, -15.6214635757338, 2.16662
0 0 0 0 0, 51.8750509771695, 78.3441362703288, 2.16662
0 0 0 0 0, 55.2583473234173, -279.382829372825, 2.16662
0 0 0 0 0, 54.2418518538056, -58.2702404046134, 2.16662
0 0 0 0 0, 55.1136211192303, 6.94315984042545, 2.16662
0 0 0 0 0, 58.3972003223119, -119.837142153517, 2.16662
0 0 0 0 0, 56.4935236001472, 276.166929229645, 2.16662
0 0 0 0 0, 59.1544467867494, 13.0939593035435, 2.16662
0 0 0 0 0, 62.5256745316973, -286.291041427096, 2.16662
0 0 0 0 0, 61.1856406698848, -8.26445540137331, 2.16662
0 0 0 0 0, 61.2074095369861, 2.5339327626155, 2.16662
0 0 0 0 0, 60.052431018043, 165.131980868931, 2.16662
0 0 0 0 0, 60.9708317334804, 78.6282872617717, 2.16662
0 0 0 0 0, 61.1882913204649, 67.6982264932971, 2.16662
0 0 0 0 0, 64.7728386173515, -311.862874042183, 2.16662
0 0 0 0 0, 64.181454822005, -214.455530974901, 2.16662
0 0 0 0 0, 61.3906361079283, 240.95136905143, 2.16662
0 0 0 0 0, 66.0207833664355, -186.777727625038, 2.16662
0 0 0 0 0, 66.0794836137065, 292.926689704136, 2.16662
0 0 0 0 0, 72.4917822916717, -287.869967590831, 2.16662
0 0 0 0 0, 69.6737021983331, 67.6785345664403, 2.16662
0 0 0 0 0, 70.7116693921584, -6.27815313397942, 2.16662
0 0 0 0 0, 72.419582129442, -95.2014415070693, 2.16662
0 0 0 0 0, 73.383438196099, 104.121340027533, 2.16662
0 0 0 0 0, 76.240329348594, -112.319785257168, 2.16662
0 0 0 0 0, 75.7439138326557, -50.0371629785559, 2.16662
0 0 0 0 0, 77.664133571244, -70.8612498501035, 2.16662
0 0 0 0 0, 78.3810759252425, -43.1483310706876, 2.16662
0 0 0 0 0, 78.9940522797387, -79.5367675310438, 2.16662
0 0 0 0 0, 75.5275513145248, 301.354201586235, 2.16662
0 0 0 0 0, 81.2973433157123, -25.957002202458, 2.16662
0 0 0 0 0, 83.8070189800387, -287.305879906437, 2.16662
0 0 0 0 0, 82.5126251184468, 278.59267167305, 2.16662
0 0 0 0 0, 96.2740700204458, -301.027272904279, 2.16662
0 0 0 0 0, 95.4940128190201, -193.553072404197, 2.16662
0 0 0 0 0, 95.5286598539411, -109.374989163222, 2.16662
0 0 0 0 0, 97.7480285092339, -288.912171175357, 2.16662
0 0 0 0 0, 95.5961395429281, -12.679342581934, 2.16662
0 0 0 0 0, 94.5099246315524, 279.138585815237, 2.16662
0 0 0 0 0, 98.832672510058, 17.032966817749, 2.16662
0 0 0 0 0, 99.1547012538237, -4.45041860111181, 2.16662
0 0 0 0 0, 100.37655441277, -94.485234413266, 2.16662
0 0 0 0 0, 97.8800885056509, 295.8760724346, 2.16662
0 0 0 0 0, 103.620420064973, -300.390845003619, 2.16662
0 0 0 0 0, 103.883146196229, -258.834644986381, 2.16662
0 0 0 0 0, 102.912070709741, -85.0362010096508, 2.16662
0 0 0 0 0, 105.834834737608, -213.046163655574, 2.16662
0 0 0 0 0, 106.370631117373, -222.345286629667, 2.16662
0 0 0 0 0, 101.710171285482, 303.525251057469, 2.16662
0 0 0 0 0, 107.212726433855, -168.948638818492, 2.16662
0 0 0 0 0, 103.233994533947, 277.466360493929, 2.16662
0 0 0 0 0, 108.074872888061, -198.388556408826, 2.16662
0 0 0 0 0, 108.43508949036, -6.97850713393707, 2.16662
0 0 0 0 0, 109.451017200282, -44.2673061703497, 2.16662
0 0 0 0 0, 109.456873956382, -15.770615652907, 2.16662
0 0 0 0 0, 110.682400781223, -77.1832413307932, 2.16662
0 0 0 0 0, 112.693192036953, -252.617889249817, 2.16662
0 0 0 0 0, 108.117662908363, 257.803681432105, 2.16662
0 0 0 0 0, 113.709882640895, -281.041884330713, 2.16662
0 0 0 0 0, 112.554216555949, -52.3658644509532, 2.16662
0 0 0 0 0, 113.886581994734, -194.005797340568, 2.16662
0 0 0 0 0, 111.519525900818, 234.694393579224, 2.16662
0 0 0 0 0, 115.35340467021, -128.870899999613, 2.16662
0 0 0 0 0, 118.185507937914, -274.709524312058, 2.16662
0 0 0 0 0, 117.899344199652, -241.976593317759, 2.16662
0 0 0 0 0, 115.882280505041, -10.4174958166828, 2.16662
0 0 0 0 0, 117.215778596569, -140.442093433918, 2.16662
0 0 0 0 0, 118.887360277869, -164.773606292552, 2.16662
0 0 0 0 0, 118.019896189461, -67.9156345847296, 2.16662
0 0 0 0 0, 116.845404002494, 126.238022848729, 2.16662
0 0 0 0 0, 119.442139052461, 137.4608784531, 2.16662
0 0 0 0 0, 122.736658069914, -134.883381284257, 2.16662
0 0 0 0 0, 125.235627584066, -238.380268981056, 2.16662
0 0 0 0 0, 121.357905084247, 231.163129754817, 2.16662
0 0 0 0 0, 124.600891011206, -13.5374831864945, 2.16662
0 0 0 0 0, 125.769718716467, -41.6926423460231, 2.16662
0 0 0 0 0, 126.268851708284, 106.529393922077, 2.16662
0 0 0 0 0, 126.901803535688, 140.133297047347, 2.16662
0 0 0 0 0, 130.616825464346, -96.4183306298539, 2.16662
0 0 0 0 0, 129.448387469947, 46.0809141205463, 2.16662
0 0 0 0 0, 131.351048330072, -6.06555124915026, 2.16662
0 0 0 0 0, 132.864918296335, -104.794989578735, 2.16662
0 0 0 0 0, 133.421525857089, -139.623277145174, 2.16662
0 0 0 0 0, 132.956594088717, -56.3696705367428, 2.16662
0 0 0 0 0, 134.420129047682, -154.282368786913, 2.16662
0 0 0 0 0, 133.991917669328, 141.81536008378, 2.16662
0 0 0 0 0, 138.030691219788, -288.579627394421, 2.16662
0 0 0 0 0, 136.657992896591, -35.8033247139246, 2.16662
0 0 0 0 0, 134.305299809789, 214.882556866672, 2.16662
0 0 0 0 0, 139.106720189453, -194.957905429907, 2.16662
0 0 0 0 0, 135.824524483024, 242.966587723072, 2.16662
0 0 0 0 0, 142.117885908128, -253.797102474337, 2.16662
0 0 0 0 0, 154.68409886007, -165.007382451304, 2.16662
0 0 0 0 0, 156.49637281238, 34.6609801643403, 2.16662
0 0 0 0 0, 155.758848382959, 229.053451226033, 2.16662
0 0 0 0 0, 158.955699432014, 21.0476068508923, 2.16662
0 0 0 0 0, 161.386977583647, -44.4028442410806, 2.16662
0 0 0 0 0, 163.295945853592, -162.489255948844, 2.16662
0 0 0 0 0, 166.430374424709, -150.948118245092, 2.16662
0 0 0 0 0, 165.427030157462, 109.576380623251, 2.16662
0 0 0 0 0, 166.629909756009, 35.0928811022073, 2.16662
0 0 0 0 0, 168.846286280382, -171.188442143152, 2.16662
0 0 0 0 0, 168.461321116812, 191.332718380888, 2.16662
0 0 0 0 0, 168.606812242749, 198.926052542925, 2.16662
0 0 0 0 0, 169.876120380114, 224.693512907953, 2.16662
0 0 0 0 0, 171.631742244184, 166.018629353523, 2.16662
0 0 0 0 0, 171.790885445325, 156.604727226757, 2.16662
0 0 0 0 0, 174.910984525974, -161.978305578671, 2.16662
0 0 0 0 0, 176.446949711515, -240.280110599287, 2.16662
0 0 0 0 0, 177.68278257677, -254.681111168949, 2.16662
0 0 0 0 0, 175.541149474322, 77.6140869432706, 2.16662
0 0 0 0 0, 178.15596856033, -5.93294431170267, 2.16662
0 0 0 0 0, 182.954101564535, -247.691516337675, 2.16662
0 0 0 0 0, 183.123067252181, 79.0017952240106, 2.16662
0 0 0 0 0, 183.435633204687, 167.953765986617, 2.16662
0 0 0 0 0, 185.907328252852, 67.0226310589595, 2.16662
0 0 0 0 0, 187.139295181686, -60.4935295543535, 2.16662
0 0 0 0 0, 187.905292046713, -73.5980857477889, 2.16662
0 0 0 0 0, 188.136044714778, -51.8425900298324, 2.16662
0 0 0 0 0, 192.278460338205, -160.572213855225, 2.16662
0 0 0 0 0, 192.57509346547, 194.98236279596, 2.16662
0 0 0 0 0, 199.958524952223, -182.29689078165, 2.16662
0 0 0 0 0, 237.845681992124, 167.978317130036, 2.16662
0 0 0 0 0, 196.766867334641, 62.5769409390443, 2.16662
0 0 0 0 0, 201.691596623016, 45.8501358830307, 2.16662
0 0 0 0 0, 202.545614726444, -173.149566549358, 2.16662
0 0 0 0 0, 224.259351163031, 124.763412478588, 2.16662
0 0 0 0 0, 199.746213187317, -0.00539716319062517, 2.16662
-1 0 0 0 0, 0, 0, 3.175
