0 0 0 0 0, 69.3044299222895, 272.259114827475, 3.175
0 0 0 0 0, 168.483230814499, -123.417502071736, 3.175
0 0 0 0 0, -238.382824893587, 133.87864074886, 3.175
0 0 0 0 0, 178.124533106778, -60.6901540906615, 3.175
0 0 0 0 0, -82.7379494647056, -268.757179877134, 3.175
0 0 0 0 0, 197.999897942784, -129.961419045088, 2.16662
0 0 0 0 0, 197.976998964941, -132.502326363341, 2.16662
0 0 0 0 0, 93.3355003224568, -261.882392131943, 2.16662
0 0 0 0 0, 93.3101663785416, -264.423200745101, 2.16662
0 0 0 0 0, -121.713820286282, -264.488868125066, 2.16662
0 0 0 0 0, -121.685934214216, -267.02993700496, 2.16662
0 0 0 0 0, -227.294274676779, -131.992682816383, 2.16662
0 0 0 0 0, -227.275047145175, -134.533662155181, 2.16662
0 0 0 0 0, -202.08732695959, 131.257462589549, 2.16662
0 0 0 0 0, -202.090882052247, 133.798465399584, 2.16662
0 0 0 0 0, -89.0333738567205, 265.937470938123, 2.16662
0 0 0 0 0, -89.0907525302296, 268.477812057581, 2.16662
0 0 0 0 0, 120.513493813828, 256.060303984036, 2.16662
0 0 0 0 0, 120.657324122097, 258.597275506036, 2.16662
0 0 0 0 0, 222.962612359332, 139.413845616963, 2.16662
0 0 0 0 0, 222.792190333172, 141.94919167998, 2.16662
0 0 0 0 0, 13.8631519222012, 64.8807782158541, 2.16662
0 0 0 0 0, 15.1509418322055, 67.0722564028297, 2.16662
0 0 0 0 0, -18.2811597875201, -56.3418413843557, 2.16662
0 0 0 0 0, -19.7159520719501, -58.4400814001603, 2.16662
0 0 0 0 0, 90.7804940998293, -130.85244171434, 2.16662
0 0 0 0 0, 90.7753856094268, -133.393500231004, 2.16662
0 0 0 0 0, -52.6146144075968, 261.78565307957, 2.16662
0 0 0 0 0, -78.9876622522321, 291.486508535019, 2.16662
0 0 0 0 0, -198.77115039942, -59.8670460038374, 2.16662
0 0 0 0 0, 146.638789620835, 66.5784877065861, 2.16662
0 0 0 0 0, 225.774998285579, -191.17491545639, 2.16662
0 0 0 0 0, 170.071262205255, 64.7880448108455, 2.16662
0 0 0 0 0, -214.505636039752, -180.725311114183, 2.16662
0 0 0 0 0, -119.261232178404, -19.1087542659198, 2.16662
0 0 0 0 0, -105.979119458718, -8.1223891061401, 2.16662
0 0 0 0 0, -229.2347566917, 67.3600190219482, 2.16662
0 0 0 0 0, 222.036785965091, 201.220972655428, 2.16662
0 0 0 0 0, -58.1947041043781, 316.886615661467, 2.16662
0 0 0 0 0, 321.628770556036, 27.2688328678831, 2.16662
0 0 0 0 0, -111.297988677759, -105.553972618024, 2.16662
0 0 0 0 0, -210.731558073582, -29.5731007154361, 2.16662
0 0 0 0 0, -273.476435191198, -46.368128756137, 2.16662
0 0 0 0 0, -86.6797846721343, -250.687354601709, 2.16662
0 0 0 0 0, 154.561171900502, -257.866584596214, 2.16662
0 0 0 0 0, 309.033013828726, -85.9953617197553, 2.16662
0 0 0 0 0, 93.195192803579, -73.4664262029389, 2.16662
0 0 0 0 0, 90.1218566447297, 196.279160912279, 2.16662
0 0 0 0 0, 207.295567335164, -95.8863380974374, 2.16662
0 0 0 0 0, -184.295819408375, 94.4868487485659, 2.16662
0 0 0 0 0, 197.901067147875, -89.4158646284697, 2.16662
0 0 0 0 0, 13.9234458667265, -113.711526041328, 2.16662
0 0 0 0 0, -201.114140894848, 23.4854780997192, 2.16662
0 0 0 0 0, 152.722300114167, -35.5413723125531, 2.16662
0 0 0 0 0, 132.229206461913, 31.8942142990985, 2.16662
0 0 0 0 0, 65.83928747396, -111.628375421375, 2.16662
0 0 0 0 0, -54.28168562545, 15.4895955798509, 2.16662
0 0 0 0 0, 48.6426292578107, 60.5133500627403, 2.16662
0 0 0 0 0, -81.5034463161415, -194.98560570828, 2.16662
0 0 0 0 0, -27.5184393079902, 88.9437372987133, 2.16662
0 0 0 0 0, -171.17626150699, -77.7709224684397, 2.16662
0 0 0 0 0, 111.684143738383, 140.319639457168, 2.16662
0 0 0 0 0, 128.99120897554, 268.211450548448, 2.16662
0 0 0 0 0, -74.9022401657305, 73.5123690106854, 2.16662
0 0 0 0 0, -174.088810999773, -180.2889816536, 2.16662
0 0 0 0 0, 214.308145066492, 170.85845306863, 2.16662
0 0 0 0 0, -232.463287252835, 25.4888013824559, 2.16662
0 0 0 0 0, 19.7053991133968, 21.5455028048249, 2.16662
0 0 0 0 0, -264.230888086101, 49.3922660682203, 2.16662
0 0 0 0 0, -22.4393961452171, -195.833751804103, 2.16662
0 0 0 0 0, -121.733974942656, 262.72591326276, 2.16662
0 0 0 0 0, -21.2899116659363, 293.854997970077, 2.16662
0 0 0 0 0, -9.80670120142757, -68.3859606694217, 2.16662
0 0 0 0 0, -286.514130000163, 120.55994863769, 2.16662
0 0 0 0 0, -230.790607292022, -223.76800781111, 2.16662
0 0 0 0 0, -152.488226240129, 174.7766979506, 2.16662
0 0 0 0 0, 9.86295782208488, 289.641683198332, 2.16662
0 0 0 0 0, 158.570222099702, 176.396349975569, 2.16662
0 0 0 0 0, 132.899594491106, 227.006049933557, 2.16662
0 0 0 0 0, -121.002154999173, 126.092303931015, 2.16662
0 0 0 0 0, 145.040921236296, -20.6966613647138, 2.16662
0 0 0 0 0, -165.944764942875, -53.1583462556359, 2.16662
0 0 0 0 0, 254.926213170689, 29.2564575292082, 2.16662
0 0 0 0 0, 204.301643331352, 61.074821264601, 2.16662
0 0 0 0 0, -282.927738652573, -34.4830898544552, 2.16662
0 0 0 0 0, 247.962011586731, 53.5755946447355, 2.16662
0 0 0 0 0, 166.219899982182, -198.795020380748, 2.16662
0 0 0 0 0, -205.882798779277, -176.277905367895, 2.16662
0 0 0 0 0, 44.5500928445067, 250.806019964794, 2.16662
0 0 0 0 0, -72.1583270844661, -308.297030090445, 2.16662
0 0 0 0 0, -151.047303249314, 72.6171222994364, 2.16662
0 0 0 0 0, 303.831208772752, 6.84348597619549, 2.16662
0 0 0 0 0, -157.162451508603, -160.576707081095, 2.16662
0 0 0 0 0, -166.427939929453, -189.577065710437, 2.16662
0 0 0 0 0, -284.085339518725, -125.350612374752, 2.16662
0 0 0 0 0, 158.01711954484, -239.865011096259, 2.16662
0 0 0 0 0, 30.2558292679743, -112.869546693756, 2.16662
0 0 0 0 0, 131.880996637181, -27.1151207364961, 2.16662
0 0 0 0 0, -321.159098360178, -38.9019058884516, 2.16662
0 0 0 0 0, 81.2913426989436, 196.617075878897, 2.16662
0 0 0 0 0, 55.143923804583, 195.751500826785, 2.16662
0 0 0 0 0, -42.4663160816233, 119.129184455258, 2.16662
0 0 0 0 0, 4.96151574716038, -36.8473217877488, 2.16662
0 0 0 0 0, 168.146703038734, 221.882259254855, 2.16662
0 0 0 0 0, -185.216448247029, -136.071035069238, 2.16662
0 0 0 0 0, 228.644605480613, -228.422268899013, 2.16662
0 0 0 0 0, 178.016831339295, 242.863140025516, 2.16662
0 0 0 0 0, -84.3094817650193, 109.687333306128, 2.16662
0 0 0 0 0, 53.2848854360086, 16.6662666327545, 2.16662
0 0 0 0 0, -275.443074522991, 154.465793659447, 2.16662
0 0 0 0 0, -19.6044589542477, -167.55869228168, 2.16662
0 0 0 0 0, 119.7585126189, -226.281599811488, 2.16662
0 0 0 0 0, -275.309517303355, 108.142102700519, 2.16662
0 0 0 0 0, -22.9813848390599, -121.771604108835, 2.16662
0 0 0 0 0, 5.46125577323086, 302.73477340394, 2.16662
0 0 0 0 0, -92.3362212140055, -162.861890943465, 2.16662
0 0 0 0 0, 58.470187714914, -256.850317664656, 2.16662
0 0 0 0 0, -16.3634374643296, -258.648113254728, 2.16662
0 0 0 0 0, 193.766171503343, -218.229733821967, 2.16662
0 0 0 0 0, -302.017506993954, 41.0564172306805, 2.16662
0 0 0 0 0, -71.2649137261485, 118.312811815693, 2.16662
0 0 0 0 0, 206.820078939913, 135.36067453419, 2.16662
0 0 0 0 0, -153.279007294028, -45.2696034721275, 2.16662
0 0 0 0 0, -1.77106322471212, -323.280432948592, 2.16662
0 0 0 0 0, 65.4323226517826, 245.494253627435, 2.16662
0 0 0 0 0, 313.648466736778, 28.7274371769566, 2.16662
0 0 0 0 0, -90.9680349270479, 42.1605327272589, 2.16662
0 0 0 0 0, -198.640618292093, -133.20241952148, 2.16662
0 0 0 0 0, 57.2699434816226, 261.121485858472, 2.16662
0 0 0 0 0, 82.3565450498889, -68.2596724009819, 2.16662
0 0 0 0 0, -283.067944868882, -12.6610982734895, 2.16662
0 0 0 0 0, 202.876366615058, 78.8681115189076, 2.16662
0 0 0 0 0, -206.638598628402, 55.2135281499747, 2.16662
0 0 0 0 0, -132.994963664728, 276.099367890351, 2.16662
0 0 0 0 0, -110.562093938313, 26.6771950947027, 2.16662
0 0 0 0 0, 0.676708482222153, -159.586846408685, 2.16662
0 0 0 0 0, 3.88785912523116, 196.780670285246, 2.16662
0 0 0 0 0, 95.5929630391102, -163.992830989452, 2.16662
0 0 0 0 0, 7.37296196100257, -74.3002955942698, 2.16662
0 0 0 0 0, 45.2025030163619, 46.0583631781032, 2.16662
0 0 0 0 0, -271.929250174121, 91.9301409049425, 2.16662
0 0 0 0 0, -264.099139368055, -161.847042825489, 2.16662
0 0 0 0 0, -89.5390930547047, 288.826240305771, 2.16662
0 0 0 0 0, 49.499611741144, -106.104298105064, 2.16662
0 0 0 0 0, 72.4479142621859, -28.6035114566244, 2.16662
0 0 0 0 0, -128.264094724637, -54.5472293565178, 2.16662
0 0 0 0 0, -42.0600269624683, 269.277341571163, 2.16662
0 0 0 0 0, 4.60237407807883, -305.576289012524, 2.16662
0 0 0 0 0, -80.688605781219, -138.417341240825, 2.16662
0 0 0 0 0, 49.8203170676381, 175.224313145929, 2.16662
0 0 0 0 0, -63.5005408497429, -185.775535016705, 2.16662
0 0 0 0 0, 258.257814364471, 181.360083390788, 2.16662
0 0 0 0 0, 83.6079448593133, -216.858525752829, 2.16662
0 0 0 0 0, -117.347109203667, 62.4623560400367, 2.16662
0 0 0 0 0, 156.142398353279, 145.440138101548, 2.16662
0 0 0 0 0, 308.526382180253, -20.6525865283028, 2.16662
0 0 0 0 0, 77.2376829300043, -182.437623181868, 2.16662
0 0 0 0 0, 24.9360517120287, -142.309028508421, 2.16662
0 0 0 0 0, -176.268169907556, 57.0067843780047, 2.16662
0 0 0 0 0, 85.6856393587656, 157.440347938406, 2.16662
0 0 0 0 0, 231.356925506527, 130.077173974147, 2.16662
0 0 0 0 0, -134.745881620539, 159.189014055596, 2.16662
0 0 0 0 0, 171.928300235067, 103.676290714489, 2.16662
0 0 0 0 0, -206.128215809603, -243.171496539735, 2.16662
0 0 0 0 0, 136.796074538708, 192.850901346198, 2.16662
0 0 0 0 0, -53.4161825208211, 176.940787663043, 2.16662
0 0 0 0 0, -106.111303925256, 151.699150005155, 2.16662
0 0 0 0 0, 154.684650511634, -208.384318759222, 2.16662
0 0 0 0 0, -206.448906140452, -148.749401421849, 2.16662
0 0 0 0 0, -246.064161156744, 148.288145398258, 2.16662
0 0 0 0 0, -225.655091534179, 36.7430434723068, 2.16662
0 0 0 0 0, 105.779086017327, -133.37123131731, 2.16662
0 0 0 0 0, 31.1364289734087, -291.497253928083, 2.16662
0 0 0 0 0, 21.8883306739678, -49.7544156447138, 2.16662
0 0 0 0 0, -102.778413878932, 265.036127983276, 2.16662
0 0 0 0 0, 120.782894564527, 128.60202397069, 2.16662
0 0 0 0 0, 9.34025548816632, 175.221629489317, 2.16662
0 0 0 0 0, -30.8688390192431, 41.3630611631922, 2.16662
0 0 0 0 0, -313.583037301576, 59.1745557656721, 2.16662
0 0 0 0 0, -152.641496630147, -258.927333852926, 2.16662
0 0 0 0 0, 4.95207897183561, -109.83642282661, 2.16662
0 0 0 0 0, -62.66025672442, -244.948198260897, 2.16662
0 0 0 0 0, -38.9086841088307, 170.180966388634, 2.16662
0 0 0 0 0, -266.420708718912, 179.766255590125, 2.16662
0 0 0 0 0, -202.355118818168, -206.420004914883, 2.16662
0 0 0 0 0, -154.671592751883, 124.304626180589, 2.16662
0 0 0 0 0, -118.723846035261, 240.078094309083, 2.16662
0 0 0 0 0, -196.442132280411, -165.73202901981, 2.16662
0 0 0 0 0, 253.959777687804, -141.997051251077, 2.16662
0 0 0 0 0, -181.438058469715, -68.9973487412608, 2.16662
0 0 0 0 0, 91.5641148353868, -224.860316080282, 2.16662
0 0 0 0 0, 179.024660638264, -136.607390552916, 2.16662
0 0 0 0 0, -132.625809283293, -112.335937763164, 2.16662
0 0 0 0 0, -119.443705457882, -246.424695093244, 2.16662
0 0 0 0 0, -223.581698661286, 171.214096421984, 2.16662
0 0 0 0 0, 238.293020301145, 103.594692353966, 2.16662
0 0 0 0 0, -236.211667999756, -125.353643911585, 2.16662
0 0 0 0 0, -153.322442619722, 238.862523552617, 2.16662
0 0 0 0 0, 205.322667143826, 241.760392412709, 2.16662
0 0 0 0 0, 93.630383288633, -202.83885695366, 2.16662
0 0 0 0 0, 11.068295837027, -268.006045238192, 2.16662
0 0 0 0 0, -74.2802079219275, 152.601959474477, 2.16662
0 0 0 0 0, 200.844651973147, 201.230478345683, 2.16662
0 0 0 0 0, -217.180574220567, 118.321083035473, 2.16662
0 0 0 0 0, 81.1524347261623, -84.9844202456085, 2.16662
0 0 0 0 0, 139.435865382943, 12.3955452152275, 2.16662
0 0 0 0 0, 93.2787780335364, -242.711731724722, 2.16662
0 0 0 0 0, -29.0526574029084, 136.009213987843, 2.16662
0 0 0 0 0, 234.622454469901, -184.837887327164, 2.16662
0 0 0 0 0, -247.76367987244, 170.305046882004, 2.16662
0 0 0 0 0, -200.882723527552, 176.489321438177, 2.16662
0 0 0 0 0, 50.4744276557432, -319.420557517033, 2.16662
0 0 0 0 0, 176.930194522449, -270.224780517106, 2.16662
0 0 0 0 0, -44.5856836428695, 198.339156364546, 2.16662
0 0 0 0 0, 63.2171799632657, -95.313607597317, 2.16662
0 0 0 0 0, 61.8138076933124, -237.337650927353, 2.16662
0 0 0 0 0, 196.009556145277, -173.686869099153, 2.16662
0 0 0 0 0, 25.3578929718876, 247.083149923688, 2.16662
0 0 0 0 0, -69.9805463951111, 186.959365936636, 2.16662
0 0 0 0 0, -108.31969399836, 205.414576093361, 2.16662
0 0 0 0 0, 117.927400666734, 154.6272493473, 2.16662
0 0 0 0 0, -105.988740601203, 116.891513698749, 2.16662
0 0 0 0 0, 203.427974475451, -23.9198596734898, 2.16662
0 0 0 0 0, -277.694526828402, -148.76149097508, 2.16662
0 0 0 0 0, -239.924400833397, -139.503718682217, 2.16662
0 0 0 0 0, -261.39232166461, -153.399864639993, 2.16662
0 0 0 0 0, -52.521836823048, -68.6562029875601, 2.16662
0 0 0 0 0, -145.635589945598, -0.248820856127406, 2.16662
0 0 0 0 0, -148.99308744601, -224.857860151679, 2.16662
0 0 0 0 0, 23.2492691557549, 11.0223458424479, 2.16662
0 0 0 0 0, 71.806378120597, -15.9483526620739, 2.16662
0 0 0 0 0, 89.1057293166045, 13.6856674736316, 2.16662
0 0 0 0 0, 112.217561993979, -249.481732639088, 2.16662
0 0 0 0 0, 179.840006859154, -200.970538630078, 2.16662
0 0 0 0 0, 131.87483238342, -183.959116897098, 2.16662
0 0 0 0 0, -155.045255398828, 218.363237577967, 2.16662
0 0 0 0 0, -303.676635389523, 113.433047736492, 2.16662
0 0 0 0 0, -294.878625502555, 44.6694732693469, 2.16662
0 0 0 0 0, -107.850739382832, 155.687688421788, 2.16662
0 0 0 0 0, -94.1271522674544, 93.1765996950521, 2.16662
0 0 0 0 0, -63.9039482758261, 280.023222489115, 2.16662
0 0 0 0 0, 2.99175422436459, 116.971022511853, 2.16662
0 0 0 0 0, 93.7177023684123, 48.6756920604447, 2.16662
0 0 0 0 0, -35.2596505442739, 135.245551977026, 2.16662
0 0 0 0 0, 209.209704404436, 190.277493735698, 2.16662
0 0 0 0 0, 180.354733541232, 253.65881814081, 2.16662
0 0 0 0 0, 281.703511264469, 55.760809400861, 2.16662
0 0 0 0 0, -293.628307164231, -12.016726785857, 2.16662
0 0 0 0 0, 153.354406501879, -184.044139128261, 2.16662
0 0 0 0 0, -231.479496743338, -1.18952670472122, 2.16662
0 0 0 0 0, -34.9780140351115, 168.486359285276, 2.16662
0 0 0 0 0, 13.0923760679804, 156.120661351372, 2.16662
0 0 0 0 0, 102.547717206016, -122.668621589769, 2.16662
0 0 0 0 0, 166.225152436488, -1.45309657122825, 2.16662
0 0 0 0 0, 42.4267990996081, 268.166191792466, 2.16662
0 0 0 0 0, 216.054555339675, -218.572810266949, 2.16662
0 0 0 0 0, -174.59674380884, -188.655095450701, 2.16662
0 0 0 0 0, 136.377757183166, -180.77075788581, 2.16662
0 0 0 0 0, 130.547984026239, -155.578669871481, 2.16662
0 0 0 0 0, 258.45055757939, 62.7102743219171, 2.16662
0 0 0 0 0, 145.530714963576, 219.671631174608, 2.16662
0 0 0 0 0, -235.769441865343, -121.442896205079, 2.16662
0 0 0 0 0, 107.598071608311, -121.061793198573, 2.16662
0 0 0 0 0, -238.244047509341, -47.9312679277497, 2.16662
0 0 0 0 0, -49.3169739489926, 82.9634968341316, 2.16662
0 0 0 0 0, 282.89737140785, 96.8129093554199, 2.16662
0 0 0 0 0, 137.537663173821, 184.708047403803, 2.16662
0 0 0 0 0, -6.89610070928152, 230.860185868362, 2.16662
0 0 0 0 0, -177.322186757273, -266.962525933276, 2.16662
0 0 0 0 0, 60.8149692275781, -266.027539107944, 2.16662
0 0 0 0 0, -243.246139943111, -119.262693019658, 2.16662
0 0 0 0 0, -192.230013075603, 42.2111137986101, 2.16662
0 0 0 0 0, 122.038323753641, 35.3929840070927, 2.16662
0 0 0 0 0, -170.87449653594, -259.631374400999, 2.16662
0 0 0 0 0, -163.872558238341, -247.44073401539, 2.16662
0 0 0 0 0, -66.0710221469408, -312.139038940706, 2.16662
0 0 0 0 0, -7.03266076625209, -251.652736946093, 2.16662
0 0 0 0 0, -2.6693594913864, -308.592137457045, 2.16662
0 0 0 0 0, -2.44997275974699, -292.60545168304, 2.16662
0 0 0 0 0, 23.0674260171568, -282.887263292015, 2.16662
0 0 0 0 0, 47.3045077669629, -296.405429824679, 2.16662
0 0 0 0 0, 38.1544899575239, -318.471225811718, 2.16662
0 0 0 0 0, 66.7386391582822, -252.807207407089, 2.16662
0 0 0 0 0, 159.519834889823, -228.158629462331, 2.16662
0 0 0 0 0, 197.42924541618, -251.32034817456, 2.16662
0 0 0 0 0, -191.95119596317, -241.317518659718, 2.16662
0 0 0 0 0, -141.833176523395, -227.9958317474, 2.16662
0 0 0 0 0, -117.839954434208, -236.055574569457, 2.16662
0 0 0 0 0, -103.344055021186, -245.01023063193, 2.16662
0 0 0 0 0, -67.8715767345008, -273.677083589138, 2.16662
0 0 0 0 0, 81.1176654920617, -248.84346816791, 2.16662
0 0 0 0 0, 52.7068779628638, -227.07139836849, 2.16662
0 0 0 0 0, 82.7330731396111, -233.872630274987, 2.16662
0 0 0 0 0, 119.662451116319, -258.410355142083, 2.16662
0 0 0 0 0, 124.825627337546, -237.531377338487, 2.16662
0 0 0 0 0, 182.52242815979, -235.395786303888, 2.16662
0 0 0 0 0, 202.247704987954, -223.089712839258, 2.16662
0 0 0 0 0, -195.411014142554, -233.432872425358, 2.16662
0 0 0 0 0, -191.513640232535, -212.101136406948, 2.16662
0 0 0 0 0, -84.4832135176978, -187.566572123979, 2.16662
0 0 0 0 0, -12.0702850572309, -198.299319085533, 2.16662
0 0 0 0 0, 76.6658165330025, -225.055114122244, 2.16662
0 0 0 0 0, 105.016482720141, -231.964962354093, 2.16662
0 0 0 0 0, 110.691655914914, -214.817792447208, 2.16662
0 0 0 0 0, 143.866556927001, -214.346878464594, 2.16662
0 0 0 0 0, 165.873382320663, -182.165437102193, 2.16662
0 0 0 0 0, 185.457620770431, -196.828904687228, 2.16662
0 0 0 0 0, 195.440471563444, -228.149997601961, 2.16662
0 0 0 0 0, 193.987667917789, -241.54999832684, 2.16662
0 0 0 0 0, -230.546632889096, -176.861358959668, 2.16662
0 0 0 0 0, -214.041215764868, -162.222484455507, 2.16662
0 0 0 0 0, -181.541640649401, -218.342986186328, 2.16662
0 0 0 0 0, -144.74635638456, -196.467295566326, 2.16662
0 0 0 0 0, -131.856997012736, -187.423545929193, 2.16662
0 0 0 0 0, -72.9488780574684, -184.783554055639, 2.16662
0 0 0 0 0, 107.264521062777, -176.382692325561, 2.16662
0 0 0 0 0, 142.08555305582, -178.9916713909, 2.16662
0 0 0 0 0, 116.371671371983, -185.518133928779, 2.16662
0 0 0 0 0, 173.779635195817, -170.634155844517, 2.16662
0 0 0 0 0, 218.280303746803, -177.874747004073, 2.16662
0 0 0 0 0, 248.142344937557, -181.48166386797, 2.16662
0 0 0 0 0, -289.457760620932, -131.233680608227, 2.16662
0 0 0 0 0, -253.446121759627, -179.48006190546, 2.16662
0 0 0 0 0, -237.817701473946, -155.485752346133, 2.16662
0 0 0 0 0, -220.709802369939, -152.204253818789, 2.16662
0 0 0 0 0, -223.720570963233, -164.224080579865, 2.16662
0 0 0 0 0, -161.572098171267, -140.733013504476, 2.16662
0 0 0 0 0, -116.621131632896, -175.133466744251, 2.16662
0 0 0 0 0, -8.71317873089912, -169.620724768651, 2.16662
0 0 0 0 0, 11.527449379331, -166.736648906132, 2.16662
0 0 0 0 0, 95.091310735412, -154.31731490571, 2.16662
0 0 0 0 0, 135.681630607566, -154.312490722963, 2.16662
0 0 0 0 0, 194.298795618843, -183.46964913614, 2.16662
0 0 0 0 0, -274.963024188999, -113.340907622642, 2.16662
0 0 0 0 0, -245.846344920737, -122.107801907012, 2.16662
0 0 0 0 0, -218.509764890438, -122.990008490062, 2.16662
0 0 0 0 0, -218.469813123949, -133.193182835756, 2.16662
0 0 0 0 0, -200.799392299355, -123.693442164619, 2.16662
0 0 0 0 0, -169.713948595306, -125.658384816375, 2.16662
0 0 0 0 0, -83.9830753104256, -126.110557871167, 2.16662
0 0 0 0 0, 21.2666869601531, -131.152897868565, 2.16662
0 0 0 0 0, 99.8924489937567, -138.224531899243, 2.16662
0 0 0 0 0, 109.824152130235, -156.827445968503, 2.16662
0 0 0 0 0, 187.665799422813, -159.888350855035, 2.16662
0 0 0 0 0, 231.429497124065, -157.129841422896, 2.16662
0 0 0 0 0, -257.450511979602, -128.556088734841, 2.16662
0 0 0 0 0, -122.941006676174, -117.440554460679, 2.16662
0 0 0 0 0, -128.040440559064, -93.9579423647834, 2.16662
0 0 0 0 0, -18.3582212720923, -135.774057127434, 2.16662
0 0 0 0 0, 9.84242175125635, -103.101528356878, 2.16662
0 0 0 0 0, 19.4680545889931, -108.161169401652, 2.16662
0 0 0 0 0, 44.5822561699806, -119.859485322536, 2.16662
0 0 0 0 0, 54.9678893229734, -115.169183146362, 2.16662
0 0 0 0 0, 72.1249612512843, -106.535987906756, 2.16662
0 0 0 0 0, 64.5230137133482, -129.907092771446, 2.16662
0 0 0 0 0, 108.32811850955, -102.220630543619, 2.16662
0 0 0 0 0, 227.291664230856, -78.4916431736221, 2.16662
0 0 0 0 0, -221.989595539317, -63.9784498020802, 2.16662
0 0 0 0 0, -179.350191448958, -104.349707482994, 2.16662
0 0 0 0 0, -188.320479882911, -109.389601287934, 2.16662
0 0 0 0 0, -118.031836193958, -49.1386135096557, 2.16662
0 0 0 0 0, -54.1129357543914, -81.3369687717387, 2.16662
0 0 0 0 0, -38.2589061245767, -65.3229057025011, 2.16662
0 0 0 0 0, -6.27888655382619, -108.361076265199, 2.16662
0 0 0 0 0, 79.6579965257799, -98.1190370414006, 2.16662
0 0 0 0 0, 68.8742865024575, -66.407240232157, 2.16662
0 0 0 0 0, 96.5637908649785, -60.8463982806514, 2.16662
0 0 0 0 0, 190.34318915936, -63.8113655305584, 2.16662
0 0 0 0 0, 295.470405770299, -63.3641254868269, 2.16662
0 0 0 0 0, -314.35577178196, -47.3327690288746, 2.16662
0 0 0 0 0, -289.592535302761, -32.1621071451379, 2.16662
0 0 0 0 0, -272.372677068126, -55.7420511941048, 2.16662
0 0 0 0 0, -250.979449508959, -58.2543326717123, 2.16662
0 0 0 0 0, -222.438503538819, -33.5001414574338, 2.16662
0 0 0 0 0, -188.30808952914, -13.9757651146776, 2.16662
0 0 0 0 0, -115.349560829723, -38.7428437540975, 2.16662
0 0 0 0 0, 13.6788598748392, -22.9840906660477, 2.16662
0 0 0 0 0, 38.0341953723517, -45.0368811846072, 2.16662
0 0 0 0 0, 74.4481068299886, -21.057460974111, 2.16662
0 0 0 0 0, 122.266860481504, -11.7548456869081, 2.16662
0 0 0 0 0, 166.060542513491, -33.7960043795213, 2.16662
0 0 0 0 0, -311.276201715557, -12.0727596263057, 2.16662
0 0 0 0 0, -276.09216278151, 0.509582896561107, 2.16662
0 0 0 0 0, -218.927851841758, -4.98437097072512, 2.16662
0 0 0 0 0, -153.091124504836, 5.00557907868209, 2.16662
0 0 0 0 0, -137.291152728212, -10.2193223640761, 2.16662
0 0 0 0 0, -102.297259032062, -1.35214854484366, 2.16662
0 0 0 0 0, 82.9286575348741, -11.8091368595231, 2.16662
0 0 0 0 0, 161.355716571866, -6.19581488837548, 2.16662
0 0 0 0 0, 176.487880589134, 4.2880854561956, 2.16662
0 0 0 0 0, 197.535220031833, -10.0244669873518, 2.16662
0 0 0 0 0, 302.522206758376, 44.3326303788072, 2.16662
0 0 0 0 0, 293.249256272599, -32.7579950242049, 2.16662
0 0 0 0 0, -244.918962700416, 25.7872157005341, 2.16662
0 0 0 0 0, -211.84206950419, 18.8394983995995, 2.16662
0 0 0 0 0, -110.521682239282, 13.0774865124184, 2.16662
0 0 0 0 0, -47.0851902800531, 35.047923882329, 2.16662
0 0 0 0 0, 15.3887281979849, 18.7491102052945, 2.16662
0 0 0 0 0, 16.3241916360695, 7.93808881028474, 2.16662
0 0 0 0 0, 45.0065462804781, 11.1334115965255, 2.16662
0 0 0 0 0, 97.9513555678538, 17.9893407857274, 2.16662
0 0 0 0 0, 141.167490847531, 22.3851064609038, 2.16662
0 0 0 0 0, 246.3446146191, 22.8168867683689, 2.16662
0 0 0 0 0, 303.519236177541, 53.0279301030454, 2.16662
0 0 0 0 0, 283.224364376, 41.3972943783096, 2.16662
0 0 0 0 0, -307.343623144849, 23.9369622815439, 2.16662
0 0 0 0 0, -283.930190919289, 21.331936808715, 2.16662
0 0 0 0 0, -254.806258076368, 55.3798418983962, 2.16662
0 0 0 0 0, -198.272399499823, 44.1424321280866, 2.16662
0 0 0 0 0, -177.866533530232, 23.4276589996111, 2.16662
0 0 0 0 0, -98.6680071285463, 55.2788357066286, 2.16662
0 0 0 0 0, -52.6273456831572, 46.8607928404146, 2.16662
0 0 0 0 0, 54.2142945235221, 50.2465792071006, 2.16662
0 0 0 0 0, 75.8859349311501, 62.0173092717084, 2.16662
0 0 0 0 0, 117.810167588035, 17.2234356496821, 2.16662
0 0 0 0 0, 125.751734399887, -3.9688601966816, 2.16662
0 0 0 0 0, 273.382620769022, 80.288352219348, 2.16662
0 0 0 0 0, -291.38975676146, 101.251332212185, 2.16662
0 0 0 0 0, -242.632737157233, 77.8380558137439, 2.16662
0 0 0 0 0, -218.978838618542, 81.6202752964862, 2.16662
0 0 0 0 0, -166.529629727005, 53.1173087666606, 2.16662
0 0 0 0 0, -157.931966267543, 59.8281649799322, 2.16662
0 0 0 0 0, -126.500843491644, 57.8326779916083, 2.16662
0 0 0 0 0, 45.7613061410341, 67.2178396995094, 2.16662
0 0 0 0 0, 155.653024240751, 71.0090135628639, 2.16662
0 0 0 0 0, 182.387362645178, 65.1094941226393, 2.16662
0 0 0 0 0, 200.638710466414, 54.2319590381442, 2.16662
0 0 0 0 0, 285.581034296611, 60.4626541752287, 2.16662
0 0 0 0 0, 293.362508025045, 70.7083863689651, 2.16662
0 0 0 0 0, -269.261863325843, 99.3112086457436, 2.16662
0 0 0 0 0, -258.707115351303, 78.6480951908994, 2.16662
0 0 0 0 0, -179.197524191655, 81.1548690903755, 2.16662
0 0 0 0 0, -103.392087044179, 77.6293540616518, 2.16662
0 0 0 0 0, -95.9225332235763, 124.950949161413, 2.16662
0 0 0 0 0, -66.1010551459707, 76.0826318383068, 2.16662
0 0 0 0 0, -53.9847773379052, 68.2692930972035, 2.16662
0 0 0 0 0, -9.5857192212127, 109.918950630361, 2.16662
0 0 0 0 0, 173.872511034568, 124.466210464142, 2.16662
0 0 0 0 0, 183.104603807163, 75.8365571159421, 2.16662
0 0 0 0 0, 259.765770627535, 97.7380708869893, 2.16662
0 0 0 0 0, 280.880956319029, 104.178679396874, 2.16662
0 0 0 0 0, -287.371276431188, 126.720613467204, 2.16662
0 0 0 0 0, -281.468567410827, 135.148092502625, 2.16662
0 0 0 0 0, -209.541657459024, 113.432859428833, 2.16662
0 0 0 0 0, -139.365733553333, 118.105626697052, 2.16662
0 0 0 0 0, -110.073649119637, 131.430946987446, 2.16662
0 0 0 0 0, -99.1503679332587, 142.478940797526, 2.16662
0 0 0 0 0, -96.9608134368995, 152.842862930906, 2.16662
0 0 0 0 0, -7.14447729325275, 133.676464330072, 2.16662
0 0 0 0 0, 1.62749395611539, 124.072702930202, 2.16662
0 0 0 0 0, 133.768299365454, 135.212737071855, 2.16662
0 0 0 0 0, 218.915752928668, 129.907728910795, 2.16662
0 0 0 0 0, 229.860892082751, 156.828187718061, 2.16662
0 0 0 0 0, -255.486433628907, 155.815152643726, 2.16662
0 0 0 0 0, -235.446389847831, 144.251077624404, 2.16662
0 0 0 0 0, -106.151949973161, 159.749455786232, 2.16662
0 0 0 0 0, -110.587936032569, 168.264294455993, 2.16662
0 0 0 0 0, -101.359770116911, 175.447435844735, 2.16662
0 0 0 0 0, -21.3406266149672, 156.143224894533, 2.16662
0 0 0 0 0, -6.13265563526881, 166.439618982295, 2.16662
0 0 0 0 0, 21.3272766292448, 153.092826498066, 2.16662
0 0 0 0 0, 74.6911545897392, 162.36428267169, 2.16662
0 0 0 0 0, 132.333945564342, 142.387984236815, 2.16662
0 0 0 0 0, 123.436790506999, 183.565829745348, 2.16662
0 0 0 0 0, 161.655853964944, 160.083317890985, 2.16662
0 0 0 0 0, -247.794274149239, 160.825471097466, 2.16662
0 0 0 0 0, -233.889318542576, 169.670014723533, 2.16662
0 0 0 0 0, -212.848471090551, 162.140069652558, 2.16662
0 0 0 0 0, -160.861211936008, 186.642325689354, 2.16662
0 0 0 0 0, -134.016032490491, 132.233401871466, 2.16662
0 0 0 0 0, -56.6066920502962, 217.17500607316, 2.16662
0 0 0 0 0, 3.98429156064377, 162.962875165289, 2.16662
0 0 0 0 0, 11.1743655733238, 133.287833775448, 2.16662
0 0 0 0 0, 21.7194228460566, 184.415035883795, 2.16662
0 0 0 0 0, 60.0389083678225, 179.747919712284, 2.16662
0 0 0 0 0, 171.642099860161, 171.019394098611, 2.16662
0 0 0 0 0, 229.410669331739, 164.359531644895, 2.16662
0 0 0 0 0, -235.170581262383, 202.201999712054, 2.16662
0 0 0 0 0, -73.9746211889827, 211.971916332589, 2.16662
0 0 0 0 0, -36.5811845532555, 230.563011712466, 2.16662
0 0 0 0 0, 4.21132692055545, 212.323626748022, 2.16662
0 0 0 0 0, 81.3067757408027, 180.770597362199, 2.16662
0 0 0 0 0, 96.7891536985189, 218.542960524499, 2.16662
0 0 0 0 0, 94.3605713144379, 227.543232436192, 2.16662
0 0 0 0 0, 121.004524068938, 218.633911002134, 2.16662
0 0 0 0 0, 174.981420380349, 196.80472606648, 2.16662
0 0 0 0 0, 231.511131415769, 193.486605379005, 2.16662
0 0 0 0 0, 236.437805147415, 187.297625215841, 2.16662
0 0 0 0 0, 252.172147834141, 164.304846457684, 2.16662
0 0 0 0 0, -159.500181886155, 217.940748406241, 2.16662
0 0 0 0 0, -151.643117533629, 245.138462000185, 2.16662
0 0 0 0 0, -125.052578145927, 233.555190290961, 2.16662
0 0 0 0 0, -104.602462078005, 198.919426297458, 2.16662
0 0 0 0 0, -1.81889805952156, 232.338228396444, 2.16662
0 0 0 0 0, 81.4535010483146, 274.013179704274, 2.16662
0 0 0 0 0, 113.429698227129, 248.801445053528, 2.16662
0 0 0 0 0, 171.963161959423, 226.69972127615, 2.16662
0 0 0 0 0, 172.962552874872, 215.836207429414, 2.16662
0 0 0 0 0, 171.588433553288, 237.534238348983, 2.16662
0 0 0 0 0, 195.477688324307, 214.659967268049, 2.16662
0 0 0 0 0, 185.680173854219, 231.201978897039, 2.16662
0 0 0 0 0, -125.549714469918, 280.84113341537, 2.16662
0 0 0 0 0, -94.4639531689974, 258.301432743077, 2.16662
0 0 0 0 0, -93.498937534797, 282.512974532619, 2.16662
0 0 0 0 0, -75.912737972637, 280.2089078776, 2.16662
0 0 0 0 0, -35.8080459516687, 256.941735665839, 2.16662
0 0 0 0 0, -34.5376867749823, 243.721526015508, 2.16662
0 0 0 0 0, 21.0272493913682, 220.892254482851, 2.16662
0 0 0 0 0, 15.4625874229442, 273.629042911052, 2.16662
0 0 0 0 0, 73.3619554682501, 283.565391615635, 2.16662
0 0 0 0 0, 72.3124665439597, 297.660531110318, 2.16662
0 0 0 0 0, 127.788097564799, 277.325377842987, 2.16662
0 0 0 0 0, 161.700037974033, 258.748011648005, 2.16662
0 0 0 0 0, -305.135897370339, -58.7442073744637, 2.16662
0 0 0 0 0, -292.701420524157, 14.496080032978, 2.16662
0 0 0 0 0, -294.979439281278, -77.5511833420517, 2.16662
0 0 0 0 0, -293.629103466194, -113.11800133115, 2.16662
0 0 0 0 0, -290.035219223783, -72.1613511085479, 2.16662
0 0 0 0 0, -279.002080374365, 8.84164015991855, 2.16662
0 0 0 0 0, -284.200111513931, -98.6519825889955, 2.16662
0 0 0 0 0, -279.225585471921, -106.268716353964, 2.16662
0 0 0 0 0, -256.348871006002, 130.486091204388, 2.16662
0 0 0 0 0, -261.129526107518, -14.9468686036904, 2.16662
0 0 0 0 0, -254.452774100502, 63.1535394008263, 2.16662
0 0 0 0 0, -254.865376321873, 42.2803651937915, 2.16662
0 0 0 0 0, -258.377289101614, -103.28070542124, 2.16662
0 0 0 0 0, -254.896620074538, -48.9603541790002, 2.16662
0 0 0 0 0, -251.935201948805, -13.9868932228341, 2.16662
0 0 0 0 0, -250.132695148067, 2.50525003960466, 2.16662
0 0 0 0 0, -250.333648019202, -65.6335356570809, 2.16662
0 0 0 0 0, -236.957573541597, 114.99691700011, 2.16662
0 0 0 0 0, -242.069166654341, -72.92674734848, 2.16662
0 0 0 0 0, -226.854874515385, 128.635099734277, 2.16662
0 0 0 0 0, -225.56708971518, 141.69390881416, 2.16662
0 0 0 0 0, -220.846822386082, 191.06331003451, 2.16662
0 0 0 0 0, -234.537048698919, -92.3513273079952, 2.16662
0 0 0 0 0, -230.57639175766, -185.288071571133, 2.16662
0 0 0 0 0, -198.273545007148, 240.118306125906, 2.16662
0 0 0 0 0, -199.0706907421, 8.53040904712612, 2.16662
0 0 0 0 0, -180.963830628334, 178.154570442308, 2.16662
0 0 0 0 0, -180.359002161025, 162.858045115273, 2.16662
0 0 0 0 0, -176.578019191035, 214.53839512762, 2.16662
0 0 0 0 0, -175.732581764149, 194.15534866559, 2.16662
0 0 0 0 0, -181.610493665332, 6.15267146428177, 2.16662
0 0 0 0 0, -168.786088847169, 189.674574868124, 2.16662
0 0 0 0 0, -167.275608345251, 215.093715163857, 2.16662
0 0 0 0 0, -169.143425975373, 176.763534317193, 2.16662
0 0 0 0 0, -162.192894471942, 227.215701048796, 2.16662
0 0 0 0 0, -162.244700542072, 197.6443228485, 2.16662
0 0 0 0 0, -172.847541158041, 4.08987067564013, 2.16662
0 0 0 0 0, -172.653856130335, -5.4905348523931, 2.16662
0 0 0 0 0, -167.937192791184, 74.8527652654054, 2.16662
0 0 0 0 0, -172.047214606823, -115.498484585745, 2.16662
0 0 0 0 0, -153.594439466568, 37.1185802387851, 2.16662
0 0 0 0 0, -142.481119930635, 9.74327379601388, 2.16662
0 0 0 0 0, -138.299719589585, 81.0768668869334, 2.16662
0 0 0 0 0, -126.15711936449, 291.829239606232, 2.16662
0 0 0 0 0, -131.97023556027, 103.911372768955, 2.16662
0 0 0 0 0, -144.196129740844, -127.089826181369, 2.16662
0 0 0 0 0, -120.970553504796, 220.33579866924, 2.16662
0 0 0 0 0, -130.490455550128, -0.0968923646576066, 2.16662
0 0 0 0 0, -126.695364796517, 10.3774856821763, 2.16662
0 0 0 0 0, -137.475949077364, -235.277671594109, 2.16662
0 0 0 0 0, -131.650534768491, -136.827520466143, 2.16662
0 0 0 0 0, -121.590385964175, 35.5391948241531, 2.16662
0 0 0 0 0, -116.220910805974, 76.580853919939, 2.16662
0 0 0 0 0, -110.010116363586, 185.238763381819, 2.16662
0 0 0 0 0, -128.897526801752, -159.903267179591, 2.16662
0 0 0 0 0, -104.504992560272, 227.67285940198, 2.16662
0 0 0 0 0, -121.661011261441, -77.8433984089725, 2.16662
0 0 0 0 0, -122.293845030034, -139.401627662948, 2.16662
0 0 0 0 0, -121.590900591149, -129.046065754431, 2.16662
0 0 0 0 0, -126.288131968407, -224.168449566484, 2.16662
0 0 0 0 0, -121.774593185935, -169.25461604954, 2.16662
0 0 0 0 0, -109.097443424788, 47.345419779655, 2.16662
0 0 0 0 0, -115.476483418802, -68.0071612407931, 2.16662
0 0 0 0 0, -97.8933850890828, 224.383466681505, 2.16662
0 0 0 0 0, -109.577081893031, -46.1831393405435, 2.16662
0 0 0 0 0, -93.9321753391885, 213.097308019578, 2.16662
0 0 0 0 0, -117.128107949151, -257.521998372872, 2.16662
0 0 0 0 0, -101.535062695682, -37.7986732445118, 2.16662
0 0 0 0 0, -104.082819622106, -133.345293722906, 2.16662
0 0 0 0 0, -107.125085497926, -191.992882838761, 2.16662
0 0 0 0 0, -82.1989896480035, 215.63633717451, 2.16662
0 0 0 0 0, -77.1100818758923, 303.402481296174, 2.16662
0 0 0 0 0, -73.7946569093653, 242.952090725743, 2.16662
0 0 0 0 0, -100.42223875584, -233.229787674281, 2.16662
0 0 0 0 0, -84.4409701842842, -79.9564645385046, 2.16662
0 0 0 0 0, -72.3951165136841, 49.779149387973, 2.16662
0 0 0 0 0, -55.403720969945, 299.910509610468, 2.16662
0 0 0 0 0, -74.0820865932657, -82.0106366437898, 2.16662
0 0 0 0 0, -68.5718073818943, -39.4343426916147, 2.16662
0 0 0 0 0, -60.6415228004572, 58.6480947227752, 2.16662
0 0 0 0 0, -79.6164269648038, -284.863485827811, 2.16662
0 0 0 0 0, -67.6662031192837, -133.885722477487, 2.16662
0 0 0 0 0, -60.2566657036628, -125.760631249366, 2.16662
0 0 0 0 0, -63.8328427297366, -200.269519661414, 2.16662
0 0 0 0 0, -60.5683015556325, -161.275682488303, 2.16662
0 0 0 0 0, -65.0672935678404, -284.459809887366, 2.16662
0 0 0 0 0, -55.1543343623435, -118.097410417199, 2.16662
0 0 0 0 0, -64.5708817881345, -292.498408046601, 2.16662
0 0 0 0 0, -56.5160171072277, -199.554487538892, 2.16662
0 0 0 0 0, -55.3945536787485, -277.238349890903, 2.16662
0 0 0 0 0, -49.148741350582, -185.983662384462, 2.16662
0 0 0 0 0, -41.5328814015438, -105.693476175205, 2.16662
0 0 0 0 0, -21.5593588281515, 229.693365523079, 2.16662
0 0 0 0 0, -36.3502951163718, -39.350410605735, 2.16662
0 0 0 0 0, -37.6964841304168, -116.896923667516, 2.16662
0 0 0 0 0, -40.1318920311457, -166.303901124961, 2.16662
0 0 0 0 0, -38.1070570171879, -131.033162342253, 2.16662
0 0 0 0 0, -44.4185390247163, -302.509440835346, 2.16662
0 0 0 0 0, -24.4142064127834, -22.281366430304, 2.16662
0 0 0 0 0, -9.33740729892765, 237.635398068491, 2.16662
0 0 0 0 0, -23.5265964382975, -97.5815423630832, 2.16662
0 0 0 0 0, -0.630591545229092, 297.157461760161, 2.16662
0 0 0 0 0, -0.945095461179952, 279.157439905526, 2.16662
0 0 0 0 0, -1.37470331871317, 245.619592097646, 2.16662
0 0 0 0 0, -12.8239607353578, -11.5607573813494, 2.16662
0 0 0 0 0, 10.1761856728629, 279.164904138412, 2.16662
0 0 0 0 0, 13.5322130414363, 310.312571172972, 2.16662
0 0 0 0 0, 15.1940161625331, 318.173727222518, 2.16662
0 0 0 0 0, -8.17088392483709, -214.192269515529, 2.16662
0 0 0 0 0, 22.2533100225656, 303.997912746351, 2.16662
0 0 0 0 0, -10.3041055408013, -299.337670420928, 2.16662
0 0 0 0 0, -9.12401236689014, -280.865990284649, 2.16662
0 0 0 0 0, -0.232334451456392, -200.537626032909, 2.16662
0 0 0 0 0, 18.9363829196122, 113.40531068559, 2.16662
0 0 0 0 0, 24.0056330541679, 166.650478104013, 2.16662
0 0 0 0 0, 23.0823310706724, 134.751552262007, 2.16662
0 0 0 0 0, 15.8038257653885, 0.680328521939359, 2.16662
0 0 0 0 0, 6.27648788470947, -183.351513751528, 2.16662
0 0 0 0 0, 5.23329474917925, -217.539785897042, 2.16662
0 0 0 0 0, 6.73040862157814, -290.291202009262, 2.16662
0 0 0 0 0, 34.0500621352857, 171.139429203261, 2.16662
0 0 0 0 0, 15.9004536291857, -160.411644304623, 2.16662
0 0 0 0 0, 35.1358751592475, 161.724766319595, 2.16662
0 0 0 0 0, 45.1116129241105, 307.202476125352, 2.16662
0 0 0 0 0, 22.9017852379255, -154.804485186179, 2.16662
0 0 0 0 0, 21.8443706882459, -224.545223028287, 2.16662
0 0 0 0 0, 23.9987730952928, -212.929670808102, 2.16662
0 0 0 0 0, 41.1046398295908, 81.615570214643, 2.16662
0 0 0 0 0, 23.1523434314295, -252.546601230629, 2.16662
0 0 0 0 0, 24.6718753190963, -233.111391723188, 2.16662
0 0 0 0 0, 60.0883955976371, 313.759995537685, 2.16662
0 0 0 0 0, 51.080484463874, -55.8653801249803, 2.16662
0 0 0 0 0, 55.67116387842, 2.94348408860972, 2.16662
0 0 0 0 0, 56.0901081324023, -11.904963977858, 2.16662
0 0 0 0 0, 53.1616086640159, -72.2084781397486, 2.16662
0 0 0 0 0, 47.6318665071121, -221.685693291836, 2.16662
0 0 0 0 0, 70.8247184769727, 154.932588222507, 2.16662
0 0 0 0 0, 80.8908733388079, 311.066915817534, 2.16662
0 0 0 0 0, 66.7585520700883, 41.3232284483475, 2.16662
0 0 0 0 0, 68.8862335283974, -48.2627559638758, 2.16662
0 0 0 0 0, 76.1294574249636, -48.8089638657759, 2.16662
0 0 0 0 0, 81.2184238069693, -123.760091021265, 2.16662
0 0 0 0 0, 243.457824110112, 194.770769390404, 2.16662
0 0 0 0 0, 108.139204084181, -168.194779699766, 2.16662
0 0 0 0 0, 95.4857311818113, 274.085481440689, 2.16662
0 0 0 0 0, 91.4685930823385, 300.549664812451, 2.16662
0 0 0 0 0, 79.4761101612019, 77.1470950282918, 2.16662
0 0 0 0 0, 180.065195946237, 225.15410559012, 2.16662
0 0 0 0 0, 67.934223821494, -279.101180691869, 2.16662
0 0 0 0 0, 185.525737519979, 126.931297127186, 2.16662
0 0 0 0 0, 79.421651315444, -135.376265217344, 2.16662
0 0 0 0 0, 171.926151660357, 163.180654243978, 2.16662
0 0 0 0 0, 97.1259327885566, 253.578302200006, 2.16662
0 0 0 0 0, 109.387768466485, -94.0922719087282, 2.16662
-1 0 0 0 0, 0, 0, 3.175
