0 0 0 0 0, -4.27389113863098, 138.041600050158, 3.175
0 0 0 0 0, 133.065267875065, 7.73304003312315, 3.175
0 0 0 0 0, -207.540254482125, -11.4613336159923, 3.175
0 0 0 0 0, 236.682845405197, -80.2379448471056, 3.175
0 0 0 0 0, 195.945751326849, -132.290949655243, 2.16662
0 0 0 0 0, 195.970339489014, -134.831819829157, 2.16662
0 0 0 0 0, 94.5534017015106, -268.581115195443, 2.16662
0 0 0 0 0, 94.6646957921021, -271.119747335339, 2.16662
0 0 0 0 0, -121.684055335919, -261.580006881615, 2.16662
0 0 0 0 0, -121.715459147368, -264.120976032733, 2.16662
0 0 0 0 0, -225.026401382956, -135.423744016732, 2.16662
0 0 0 0 0, -224.937226749912, -137.963231483478, 2.16662
0 0 0 0 0, -198.489964806168, 132.311052135741, 2.16662
0 0 0 0 0, -198.51497254569, 134.851914609095, 2.16662
0 0 0 0 0, -84.4849997850505, 259.730509385691, 2.16662
0 0 0 0 0, -84.4157557181658, 262.270417602224, 2.16662
0 0 0 0 0, 122.233777324492, 270.116297977815, 2.16662
0 0 0 0 0, 122.09127439976, 272.653632425947, 2.16662
0 0 0 0 0, 229.485572087321, 134.484921034339, 2.16662
0 0 0 0 0, 229.415549721225, 137.025019469934, 2.16662
0 0 0 0 0, 14.3595323013211, 73.5710892133905, 2.16662
0 0 0 0 0, 15.4914955753045, 75.8468845866485, 2.16662
0 0 0 0 0, -11.5238056348465, -67.41695575771, 2.16662
0 0 0 0 0, -12.7667417635949, -69.6341662787853, 2.16662
0 0 0 0 0, 86.9963949830012, -128.967490054347, 2.16662
0 0 0 0 0, 86.9528473706459, -131.508217846222, 2.16662
0 0 0 0 0, -126.18040072496, -112.636854866726, 2.16662
0 0 0 0 0, -238.375596805825, 27.8111010978014, 2.16662
0 0 0 0 0, -48.2752091701354, -236.016249082399, 2.16662
0 0 0 0 0, 29.24231769746, -196.546614953423, 2.16662
0 0 0 0 0, -22.8032059107091, 306.059291057471, 2.16662
0 0 0 0 0, -55.9890894440762, 17.2884016555188, 2.16662
0 0 0 0 0, 109.844295294505, 208.717605781081, 2.16662
0 0 0 0 0, -137.971822479897, -282.303544235233, 2.16662
0 0 0 0 0, 105.505348546471, 197.850982009972, 2.16662
0 0 0 0 0, -95.5528252730991, 131.74415612749, 2.16662
0 0 0 0 0, 222.620596403575, -220.188229585942, 2.16662
0 0 0 0 0, -79.226181672763, -103.051943886122, 2.16662
0 0 0 0 0, -184.122494394171, 109.914259721574, 2.16662
0 0 0 0 0, 263.268091504452, 112.054180878611, 2.16662
0 0 0 0 0, -262.511650541124, -131.615124432937, 2.16662
0 0 0 0 0, 251.317049800361, -104.734947259919, 2.16662
0 0 0 0 0, -160.936395492702, -47.1157463409416, 2.16662
0 0 0 0 0, -151.353912627162, 72.4484389929876, 2.16662
0 0 0 0 0, 2.33413766685492, 295.348963433926, 2.16662
0 0 0 0 0, -170.160196146484, -131.451856229441, 2.16662
0 0 0 0 0, -203.376237757046, 252.420506906145, 2.16662
0 0 0 0 0, -112.04510603137, -282.926386234615, 2.16662
0 0 0 0 0, -23.3497236244405, 1.67387615705844, 2.16662
0 0 0 0 0, -49.1271886644031, 178.86800968041, 2.16662
0 0 0 0 0, -159.065869048212, 89.2123023030285, 2.16662
0 0 0 0 0, 283.559781033642, 67.1843095346459, 2.16662
0 0 0 0 0, 134.227313569759, 187.348777727907, 2.16662
0 0 0 0 0, 198.744802120924, 256.087451202887, 2.16662
0 0 0 0 0, -297.605851464534, -108.507695029415, 2.16662
0 0 0 0 0, 199.811159937783, -250.455633851623, 2.16662
0 0 0 0 0, 43.3954516382651, 196.730410795898, 2.16662
0 0 0 0 0, 212.588959248539, 147.731871437444, 2.16662
0 0 0 0 0, -186.772897545755, -177.525071146985, 2.16662
0 0 0 0 0, -13.5212277958036, -244.516301431818, 2.16662
0 0 0 0 0, -152.289604106444, 256.66534194185, 2.16662
0 0 0 0 0, 69.0075320106635, -59.6024943084285, 2.16662
0 0 0 0 0, -20.6251038838686, -28.8966053638856, 2.16662
0 0 0 0 0, -160.899562096502, 97.4810170047745, 2.16662
0 0 0 0 0, 82.1404981375821, -240.724575123955, 2.16662
0 0 0 0 0, 187.618719401872, 52.8813048823504, 2.16662
0 0 0 0 0, -141.574967707813, -215.395526693608, 2.16662
0 0 0 0 0, -133.953117397757, -59.7298339333388, 2.16662
0 0 0 0 0, 143.643119570465, 210.907831392252, 2.16662
0 0 0 0 0, -137.895442239081, 210.03164888779, 2.16662
0 0 0 0 0, 138.882752039695, -18.0329728448628, 2.16662
0 0 0 0 0, 277.609100201869, 147.834547942874, 2.16662
0 0 0 0 0, 89.4153954279563, 191.166933010754, 2.16662
0 0 0 0 0, 125.207581312641, -222.236483511612, 2.16662
0 0 0 0 0, -69.8358081270237, 7.92801110238649, 2.16662
0 0 0 0 0, 71.8262251443747, -292.944716894815, 2.16662
0 0 0 0 0, 236.999350931522, -182.903355511826, 2.16662
0 0 0 0 0, 160.787525742433, 164.720725414521, 2.16662
0 0 0 0 0, 275.549829993773, -111.814077642811, 2.16662
0 0 0 0 0, 224.624769131153, -161.17080241478, 2.16662
0 0 0 0 0, 128.605700690533, -70.9042720155377, 2.16662
0 0 0 0 0, 241.489929070489, 61.4043995830324, 2.16662
0 0 0 0 0, 221.915902305774, 85.6025902416902, 2.16662
0 0 0 0 0, -266.449647556922, -165.323199689253, 2.16662
0 0 0 0 0, -164.948232855864, -173.603465804636, 2.16662
0 0 0 0 0, 156.847790990872, 133.731898346612, 2.16662
0 0 0 0 0, 66.1640816993829, -307.006066578955, 2.16662
0 0 0 0 0, 80.6220448609091, -191.995788792197, 2.16662
0 0 0 0 0, 69.8961449402994, 302.903490805847, 2.16662
0 0 0 0 0, -150.664126279097, -2.37070786151706, 2.16662
0 0 0 0 0, 10.4918421290692, 123.280100696272, 2.16662
0 0 0 0 0, 164.841728922307, -55.8449152110466, 2.16662
0 0 0 0 0, -182.083984272169, -131.152452782251, 2.16662
0 0 0 0 0, -309.948473447328, -1.30603274651951, 2.16662
0 0 0 0 0, 288.99656986352, 26.4573748062538, 2.16662
0 0 0 0 0, 153.108228819317, 82.1237386244032, 2.16662
0 0 0 0 0, 91.6918137243041, -211.190744647965, 2.16662
0 0 0 0 0, -9.93235565323161, -309.296997997768, 2.16662
0 0 0 0 0, 166.586204230888, 50.4308418087805, 2.16662
0 0 0 0 0, 171.953219931406, -122.958416956875, 2.16662
0 0 0 0 0, -142.479223713415, 170.273518593915, 2.16662
0 0 0 0 0, -192.381728970107, -227.111697738653, 2.16662
0 0 0 0 0, 11.4075807514534, 60.2897602660143, 2.16662
0 0 0 0 0, 111.526484715248, -300.345554738106, 2.16662
0 0 0 0 0, -256.038060252851, 113.709373239678, 2.16662
0 0 0 0 0, 0.684780902795626, 83.1682961742817, 2.16662
0 0 0 0 0, 278.195458104124, -10.6237276255578, 2.16662
0 0 0 0 0, -99.4776700903045, -106.961652001898, 2.16662
0 0 0 0 0, -111.707295033924, 148.250298678944, 2.16662
0 0 0 0 0, 53.1168730233075, 45.4926048818064, 2.16662
0 0 0 0 0, -252.918929993369, 177.710280432692, 2.16662
0 0 0 0 0, 59.4566733724782, 37.7084474848146, 2.16662
0 0 0 0 0, 175.171177704701, 269.933477759313, 2.16662
0 0 0 0 0, -205.938308072953, -135.146362793651, 2.16662
0 0 0 0 0, 99.3906235898761, -129.061553628136, 2.16662
0 0 0 0 0, 0.917117426986769, 11.6486017147739, 2.16662
0 0 0 0 0, 210.239720492167, 120.894686393064, 2.16662
0 0 0 0 0, -94.0649792069864, 83.7216857098148, 2.16662
0 0 0 0 0, -228.068967640434, -124.352511196926, 2.16662
0 0 0 0 0, 0.859296480332841, -258.024939701898, 2.16662
0 0 0 0 0, 4.52789189597284, -199.522823081173, 2.16662
0 0 0 0 0, 101.179077853506, -307.062273903964, 2.16662
0 0 0 0 0, 80.8003968452537, 147.53095186584, 2.16662
0 0 0 0 0, 86.0475115020549, 131.741388521391, 2.16662
0 0 0 0 0, -94.5707639777712, -120.344174695285, 2.16662
0 0 0 0 0, 0.418324764242117, -131.997121663377, 2.16662
0 0 0 0 0, -309.44461389239, -91.643688649878, 2.16662
0 0 0 0 0, -120.140373345648, -8.69816062449952, 2.16662
0 0 0 0 0, -27.0517810284408, 25.0990878176799, 2.16662
0 0 0 0 0, -241.893618431633, 101.653837381299, 2.16662
0 0 0 0 0, 153.785071215859, -259.782738166669, 2.16662
0 0 0 0 0, 252.050449435362, -192.573627229715, 2.16662
0 0 0 0 0, 223.703256755895, -89.6014759214594, 2.16662
0 0 0 0 0, 38.5337841286636, -64.4832095969415, 2.16662
0 0 0 0 0, 219.887651658791, 59.2920567946286, 2.16662
0 0 0 0 0, -146.504453313439, 147.110034423192, 2.16662
0 0 0 0 0, 21.493781566825, -218.628324787768, 2.16662
0 0 0 0 0, -90.7909684956102, -21.9260733081767, 2.16662
0 0 0 0 0, 148.33800760393, -266.905632274506, 2.16662
0 0 0 0 0, 236.122079446654, -139.44830856312, 2.16662
0 0 0 0 0, -203.10426640581, 188.572251091589, 2.16662
0 0 0 0 0, -125.481642427657, 65.9886587761188, 2.16662
0 0 0 0 0, -180.0658321573, -163.665501469191, 2.16662
0 0 0 0 0, 252.546848192487, 93.762526369278, 2.16662
0 0 0 0 0, 115.099326917814, -219.104619615198, 2.16662
0 0 0 0 0, -94.7063982565125, 262.953018335255, 2.16662
0 0 0 0 0, 83.6508118825136, -172.81786749637, 2.16662
0 0 0 0 0, -5.20418956636539, 36.8055915618815, 2.16662
0 0 0 0 0, 127.166053399918, -59.034985014317, 2.16662
0 0 0 0 0, -166.789327389544, 266.95759822738, 2.16662
0 0 0 0 0, -126.927024577244, -140.45371317211, 2.16662
0 0 0 0 0, -47.2759749425072, 190.822465085898, 2.16662
0 0 0 0 0, 119.622029383085, 7.59497904833467, 2.16662
0 0 0 0 0, 248.05150341828, -122.771775488096, 2.16662
0 0 0 0 0, 170.007330933029, 6.87236672983405, 2.16662
0 0 0 0 0, -310.811878121604, -77.381284092704, 2.16662
0 0 0 0 0, -131.600884571893, 48.3993470740235, 2.16662
0 0 0 0 0, -246.127986638233, -33.9208799941342, 2.16662
0 0 0 0 0, 163.296334385568, 117.444321046747, 2.16662
0 0 0 0 0, -68.4581395324151, 112.989612356814, 2.16662
0 0 0 0 0, -81.6694914763901, -55.7256871733353, 2.16662
0 0 0 0 0, -110.407394629921, -31.0870999647382, 2.16662
0 0 0 0 0, 80.3930282728511, 30.1420232046202, 2.16662
0 0 0 0 0, 265.007149246015, 165.122457982799, 2.16662
0 0 0 0 0, -170.366872455152, -235.130784775593, 2.16662
0 0 0 0 0, 294.197202185034, 10.737747298832, 2.16662
0 0 0 0 0, 198.111295179425, -78.4605691726728, 2.16662
0 0 0 0 0, 219.912800581406, 194.286382754069, 2.16662
0 0 0 0 0, 51.4718141067291, -273.315238653473, 2.16662
0 0 0 0 0, 161.435202839152, -18.0258488624777, 2.16662
0 0 0 0 0, 56.5911396810884, -102.052678377526, 2.16662
0 0 0 0 0, -70.3643761099233, 105.242443477894, 2.16662
0 0 0 0 0, -261.412544799657, 189.644515665032, 2.16662
0 0 0 0 0, 30.6333554638614, -65.0659236370865, 2.16662
0 0 0 0 0, -54.6138781734365, 98.4586198404731, 2.16662
0 0 0 0 0, -78.9440943997193, -191.741828879802, 2.16662
0 0 0 0 0, 28.6283417546777, 268.568763290415, 2.16662
0 0 0 0 0, 279.687744654821, 158.976039089695, 2.16662
0 0 0 0 0, 254.395903125921, 85.9705710206334, 2.16662
0 0 0 0 0, 29.2748261951364, 258.583286372508, 2.16662
0 0 0 0 0, 139.217945822631, 94.0168276024185, 2.16662
0 0 0 0 0, -215.742963525994, -227.274085591782, 2.16662
0 0 0 0 0, -131.918429797697, -132.321376155177, 2.16662
0 0 0 0 0, 133.20317185415, -185.064143704166, 2.16662
0 0 0 0 0, -45.7032912931965, 143.652694861882, 2.16662
0 0 0 0 0, 96.7633431712405, 194.532847166829, 2.16662
0 0 0 0 0, 138.759460300442, -102.500549773522, 2.16662
0 0 0 0 0, 140.565114905622, 25.8906306021948, 2.16662
0 0 0 0 0, -196.948823663021, -99.4738513474141, 2.16662
0 0 0 0 0, 115.834668761462, 259.28945523828, 2.16662
0 0 0 0 0, -149.487676342457, -121.318987865518, 2.16662
0 0 0 0 0, -27.8958896013861, -45.700218614069, 2.16662
0 0 0 0 0, 138.0300180539, -191.611362735186, 2.16662
0 0 0 0 0, -37.2634694051861, 20.5282124702358, 2.16662
0 0 0 0 0, 144.597298044996, 151.786612425028, 2.16662
0 0 0 0 0, 39.551112862589, -256.922311770347, 2.16662
0 0 0 0 0, 207.29163569108, 192.700851831566, 2.16662
0 0 0 0 0, 27.7568620007586, 214.398919343063, 2.16662
0 0 0 0 0, -161.563448629074, -36.5159795113825, 2.16662
0 0 0 0 0, 11.3003199511921, -106.542325769912, 2.16662
0 0 0 0 0, 0.723382197372035, 173.713966029444, 2.16662
0 0 0 0 0, 208.429760587968, -72.5409657649588, 2.16662
0 0 0 0 0, -191.786615592803, -170.317750536834, 2.16662
0 0 0 0 0, 198.89974693687, -9.81455426129478, 2.16662
0 0 0 0 0, 320.71649772505, -24.4005210665377, 2.16662
0 0 0 0 0, -79.0013511302359, -224.691720609463, 2.16662
0 0 0 0 0, -221.144167497946, 190.662576423442, 2.16662
0 0 0 0 0, 222.278243129425, -16.3574342230144, 2.16662
0 0 0 0 0, 173.390235951745, -28.8753629855295, 2.16662
0 0 0 0 0, 108.689545828873, 73.4246424675745, 2.16662
0 0 0 0 0, -34.2721225876203, -192.037658191925, 2.16662
0 0 0 0 0, 274.093163503394, -47.814517457236, 2.16662
0 0 0 0 0, 144.613806802677, 120.618791621869, 2.16662
0 0 0 0 0, 32.6310882010899, -107.277377981838, 2.16662
0 0 0 0 0, -226.620036919696, 211.735929842411, 2.16662
0 0 0 0 0, 142.064451950866, 52.0453267859488, 2.16662
0 0 0 0 0, 307.096294529656, -87.1638776061226, 2.16662
0 0 0 0 0, 7.8340496123061, 110.910277458384, 2.16662
0 0 0 0 0, 207.108581114835, 239.336006026414, 2.16662
0 0 0 0 0, 76.4574948648756, -166.593813783123, 2.16662
0 0 0 0 0, 182.198169545993, 141.558631863489, 2.16662
0 0 0 0 0, -55.9454867867437, -197.613623289557, 2.16662
0 0 0 0 0, -201.992826285277, -72.8964968841212, 2.16662
0 0 0 0 0, -164.451594978802, 75.4173114095573, 2.16662
0 0 0 0 0, 66.0264886150569, 236.594085799128, 2.16662
0 0 0 0 0, 75.8876593438838, 6.22674953439957, 2.16662
0 0 0 0 0, 107.533625474613, -44.5115004905516, 2.16662
0 0 0 0 0, -57.5368762258779, 220.268465341991, 2.16662
0 0 0 0 0, -83.9389391249505, 183.092172574439, 2.16662
0 0 0 0 0, -139.011753365207, -83.5191503393719, 2.16662
0 0 0 0 0, 74.1277120727677, 80.6981198496875, 2.16662
0 0 0 0 0, 176.043551340636, -193.228234322067, 2.16662
0 0 0 0 0, -65.7815845905357, 187.247122509345, 2.16662
0 0 0 0 0, 11.9716398337784, -270.304054819237, 2.16662
0 0 0 0 0, 128.034540977849, 100.527214030557, 2.16662
0 0 0 0 0, -141.287884041378, -15.7763134042702, 2.16662
0 0 0 0 0, 73.7374918393727, 68.1748929148511, 2.16662
0 0 0 0 0, 107.489082381291, -75.9085336971532, 2.16662
0 0 0 0 0, 130.514077090922, 114.945381596706, 2.16662
0 0 0 0 0, -161.484538371761, 214.078074422755, 2.16662
0 0 0 0 0, 12.0687813108514, -85.8641559781243, 2.16662
0 0 0 0 0, -58.3251511837408, -185.577948942751, 2.16662
0 0 0 0 0, -19.7989987299577, 97.4497120461916, 2.16662
0 0 0 0 0, 164.919324081225, 156.956744566323, 2.16662
0 0 0 0 0, 58.4913757914532, 60.4083082813763, 2.16662
0 0 0 0 0, 22.1237646695167, -105.795664860273, 2.16662
0 0 0 0 0, 216.357610971872, 185.332181555675, 2.16662
0 0 0 0 0, -193.306991489296, 207.273478522918, 2.16662
0 0 0 0 0, 84.0943552194352, 257.352182244718, 2.16662
0 0 0 0 0, 122.719752589629, -180.411862406548, 2.16662
0 0 0 0 0, -278.952657802667, 157.047338613634, 2.16662
0 0 0 0 0, 1.68541362259435, -165.65060346202, 2.16662
0 0 0 0 0, 230.771958905595, 45.620087182139, 2.16662
0 0 0 0 0, -215.153544162654, -20.4652322272507, 2.16662
0 0 0 0 0, -94.4980192169481, 180.221315679772, 2.16662
0 0 0 0 0, -113.238099941726, 6.17789761735789, 2.16662
0 0 0 0 0, 25.0600517818275, -50.9237434902872, 2.16662
0 0 0 0 0, 82.4887461850379, -297.694255815773, 2.16662
0 0 0 0 0, 270.747102470943, -130.231347111867, 2.16662
0 0 0 0 0, 48.1978775929749, 168.767001421852, 2.16662
0 0 0 0 0, 276.940611060262, -163.75440429755, 2.16662
0 0 0 0 0, 221.125005256476, 170.055893269062, 2.16662
0 0 0 0 0, -50.8261757419872, -12.6669479978471, 2.16662
0 0 0 0 0, 213.35593073052, -123.946176364361, 2.16662
0 0 0 0 0, -19.9555900176711, -277.485083430853, 2.16662
0 0 0 0 0, 132.040670295405, 275.064905640229, 2.16662
0 0 0 0 0, -288.706096202832, -57.940619371618, 2.16662
0 0 0 0 0, -150.766721809371, -269.558746680209, 2.16662
0 0 0 0 0, -277.543716136787, -46.5109138063165, 2.16662
0 0 0 0 0, -2.2091167491705, 323.646210895258, 2.16662
0 0 0 0 0, -146.484517899897, 82.3453905082299, 2.16662
0 0 0 0 0, 113.91296205797, 30.3580113278173, 2.16662
0 0 0 0 0, 304.934389573711, 35.5249303195215, 2.16662
0 0 0 0 0, 53.2770824321149, -145.794970468355, 2.16662
0 0 0 0 0, 31.0381677488197, 30.069015436567, 2.16662
0 0 0 0 0, -102.312128568502, -209.049809919203, 2.16662
0 0 0 0 0, -123.044534680698, 40.0765888108769, 2.16662
0 0 0 0 0, -196.843230008444, -4.1550694110973, 2.16662
0 0 0 0 0, 76.7896194209627, -231.680333186387, 2.16662
0 0 0 0 0, -301.021052440503, 67.2687811933806, 2.16662
0 0 0 0 0, 221.614392349946, 159.82505126037, 2.16662
0 0 0 0 0, 98.3010036917504, 105.82266205912, 2.16662
0 0 0 0 0, 127.89154460405, 171.923252143585, 2.16662
0 0 0 0 0, 86.3251494696673, 301.078681945238, 2.16662
0 0 0 0 0, -246.683070319277, -4.85225259373021, 2.16662
0 0 0 0 0, -45.1432670926582, 236.708607330838, 2.16662
0 0 0 0 0, -60.4431665253312, -83.8467804667706, 2.16662
0 0 0 0 0, -64.6268983083389, 168.845567872565, 2.16662
0 0 0 0 0, 34.8111091636814, -161.062302696441, 2.16662
0 0 0 0 0, -42.0195071833623, -245.539901665252, 2.16662
0 0 0 0 0, -287.831827859934, 67.7491588932667, 2.16662
0 0 0 0 0, -164.834612038125, -208.373431458063, 2.16662
0 0 0 0 0, 189.568857053361, -79.1301629485333, 2.16662
0 0 0 0 0, 56.4714269140396, 25.8227423131358, 2.16662
0 0 0 0 0, -144.671577157033, 136.054029696364, 2.16662
0 0 0 0 0, -235.598198887488, 89.8051234558863, 2.16662
0 0 0 0 0, -95.4387682818649, -29.2896649769741, 2.16662
0 0 0 0 0, -239.278663907513, 156.214322682739, 2.16662
0 0 0 0 0, -21.9977551187944, -170.704053109619, 2.16662
0 0 0 0 0, -163.18768141343, -67.1393858489059, 2.16662
0 0 0 0 0, -194.868368273208, -122.238015411614, 2.16662
0 0 0 0 0, -2.69713893680695, -146.35574653784, 2.16662
0 0 0 0 0, -21.8040930509693, -147.115180677265, 2.16662
0 0 0 0 0, 154.053756104489, -220.189505308035, 2.16662
0 0 0 0 0, 110.466514448175, 229.652190194862, 2.16662
0 0 0 0 0, 114.285343091896, 176.051138220133, 2.16662
0 0 0 0 0, -184.449654290397, -265.321775233009, 2.16662
0 0 0 0 0, -120.517553361676, -17.1994852502111, 2.16662
0 0 0 0 0, 109.867973533878, 155.797180715705, 2.16662
0 0 0 0 0, 283.452852551755, -35.0472294430691, 2.16662
0 0 0 0 0, -235.426638883571, -209.981476318927, 2.16662
0 0 0 0 0, -145.839898107149, 200.456339317606, 2.16662
0 0 0 0 0, -165.856419365068, -150.525873914671, 2.16662
0 0 0 0 0, -14.2739892699107, -121.505436293341, 2.16662
0 0 0 0 0, -130.772589471794, -232.579848942225, 2.16662
0 0 0 0 0, 19.2456688493655, -243.419807526014, 2.16662
0 0 0 0 0, 179.915354356752, 59.1086881630936, 2.16662
0 0 0 0 0, -207.100061337196, -168.236254690437, 2.16662
0 0 0 0 0, 62.5425025279217, -192.25088331275, 2.16662
0 0 0 0 0, 240.261104223698, 113.605860450042, 2.16662
0 0 0 0 0, -79.5805756804258, 55.5458537764953, 2.16662
0 0 0 0 0, 135.683572196761, -227.313612053489, 2.16662
0 0 0 0 0, -267.239626364243, -103.028563950325, 2.16662
0 0 0 0 0, -206.095964700325, -19.4581035965803, 2.16662
0 0 0 0 0, -206.130395030726, -233.188604740196, 2.16662
0 0 0 0 0, -20.2312212013812, -264.110083131194, 2.16662
0 0 0 0 0, -4.67107401091408, -264.341966703058, 2.16662
0 0 0 0 0, -11.3078856338298, -119.098292324048, 2.16662
0 0 0 0 0, 44.8748976063047, -185.938763250544, 2.16662
0 0 0 0 0, 91.405014926921, -233.009463336341, 2.16662
0 0 0 0 0, 26.583221437838, -198.737969496709, 2.16662
0 0 0 0 0, 309.95122806145, -47.7313477074625, 2.16662
0 0 0 0 0, 200.660315908166, -81.0084696662426, 2.16662
0 0 0 0 0, 302.545140811742, -86.4480067260734, 2.16662
0 0 0 0 0, -219.793994688556, 155.520662251656, 2.16662
0 0 0 0 0, -157.342165353711, 245.631845672133, 2.16662
0 0 0 0 0, -162.149809846688, 240.671864103097, 2.16662
0 0 0 0 0, -66.7367928840294, 93.7170357645119, 2.16662
0 0 0 0 0, -72.2551985521737, 59.3348690261506, 2.16662
0 0 0 0 0, -51.3293108515521, 164.54445525858, 2.16662
0 0 0 0 0, 52.6169269680808, 114.512119634869, 2.16662
0 0 0 0 0, 113.677732120199, 167.600426088259, 2.16662
0 0 0 0 0, 84.6280476283062, 188.410017742342, 2.16662
0 0 0 0 0, 206.237323439397, 73.4143702824296, 2.16662
0 0 0 0 0, 279.301553740112, 16.5566775084895, 2.16662
0 0 0 0 0, 185.278872994221, 215.052345987462, 2.16662
0 0 0 0 0, 311.32389300686, 4.78814783989504, 2.16662
0 0 0 0 0, 39.1724888161773, 6.98806812506756, 2.16662
0 0 0 0 0, 323.805649111777, -3.6725742836509, 2.16662
0 0 0 0 0, 121.042473334724, -20.1882789192824, 2.16662
0 0 0 0 0, 2.73299349576268, -45.4030400141511, 2.16662
0 0 0 0 0, -222.189580839686, 227.593995307557, 2.16662
0 0 0 0 0, -101.79487728026, 236.783451147425, 2.16662
0 0 0 0 0, -141.823672696477, -223.082684169793, 2.16662
0 0 0 0 0, -142.532112983014, -164.828255674943, 2.16662
0 0 0 0 0, -29.325871011476, 0.221818482647028, 2.16662
0 0 0 0 0, -15.7551010681255, 70.2154008092277, 2.16662
0 0 0 0 0, -289.191694317158, 96.8135677278117, 2.16662
0 0 0 0 0, -100.2869840915, -298.654546821403, 2.16662
0 0 0 0 0, 130.601276207956, -289.123022840866, 2.16662
0 0 0 0 0, -46.4773062473101, -276.696078480414, 2.16662
0 0 0 0 0, 181.207807170344, -217.340384753563, 2.16662
0 0 0 0 0, -4.72315331381219, -161.169524651481, 2.16662
0 0 0 0 0, -276.821071738972, -79.9071239913021, 2.16662
0 0 0 0 0, -135.47981221281, -91.7257168245056, 2.16662
0 0 0 0 0, 124.936495166216, -37.9602493300441, 2.16662
0 0 0 0 0, -244.856172639009, 46.1949822180926, 2.16662
0 0 0 0 0, -104.881468667343, 60.3152902828096, 2.16662
0 0 0 0 0, -102.374511978686, 62.7502597666624, 2.16662
0 0 0 0 0, 217.527872931991, 134.920329212509, 2.16662
0 0 0 0 0, -4.39659862841496, 230.638153202542, 2.16662
0 0 0 0 0, -104.072395385557, -275.549897690539, 2.16662
0 0 0 0 0, -191.429680851006, -251.530753126657, 2.16662
0 0 0 0 0, -143.840175437742, -258.032205391003, 2.16662
0 0 0 0 0, -116.605643585086, -242.470311655611, 2.16662
0 0 0 0 0, -79.5138586048717, -290.883811555992, 2.16662
0 0 0 0 0, -76.2066029973037, -278.48795513702, 2.16662
0 0 0 0 0, -44.8708003096891, -282.854550026763, 2.16662
0 0 0 0 0, -23.7983201728781, -286.77457368236, 2.16662
0 0 0 0 0, -0.790137735523983, -291.928643671227, 2.16662
0 0 0 0 0, 9.22890350302962, -302.311088348372, 2.16662
0 0 0 0 0, 8.85322233677568, -282.672589540901, 2.16662
0 0 0 0 0, 15.1880134336513, -290.578559395357, 2.16662
0 0 0 0 0, 72.668619996475, -282.609934992797, 2.16662
0 0 0 0 0, 49.5877113721017, -291.530840655161, 2.16662
0 0 0 0 0, 56.7409837648692, -309.745575675666, 2.16662
0 0 0 0 0, 120.345899005912, -285.294277834545, 2.16662
0 0 0 0 0, 120.355084615009, -276.698220193782, 2.16662
0 0 0 0 0, 136.337126870173, -276.552930784884, 2.16662
0 0 0 0 0, -185.025577634247, -247.821797037061, 2.16662
0 0 0 0 0, -164.857331026627, -244.650366717759, 2.16662
0 0 0 0 0, -159.817131705331, -214.577887486503, 2.16662
0 0 0 0 0, -119.122849297034, -212.187238895614, 2.16662
0 0 0 0 0, -114.304110211881, -231.267328050644, 2.16662
0 0 0 0 0, -109.170999359663, -237.471095713505, 2.16662
0 0 0 0 0, -20.3681821166605, -238.956179228795, 2.16662
0 0 0 0 0, -15.5363093708311, -225.497469171664, 2.16662
0 0 0 0 0, 1.56022925220389, -229.056663440495, 2.16662
0 0 0 0 0, 23.7495637009015, -228.076415417712, 2.16662
0 0 0 0 0, 0.224873274947414, -218.718290812825, 2.16662
0 0 0 0 0, 80.8860917125864, -247.404450492806, 2.16662
0 0 0 0 0, 73.1690437813237, -248.414071416785, 2.16662
0 0 0 0 0, 96.8443706188874, -222.521680227568, 2.16662
0 0 0 0 0, 108.492010624868, -227.327068710916, 2.16662
0 0 0 0 0, 141.369140173636, -235.191468419844, 2.16662
0 0 0 0 0, 174.236263485521, -243.064313828106, 2.16662
0 0 0 0 0, -235.028223124086, -186.945606466178, 2.16662
0 0 0 0 0, -112.226601354614, -186.8843443981, 2.16662
0 0 0 0 0, -114.530656861303, -174.45243253739, 2.16662
0 0 0 0 0, -79.5926548890125, -177.221110231052, 2.16662
0 0 0 0 0, -42.4108436565246, -193.965940784417, 2.16662
0 0 0 0 0, -4.36172039950308, -198.56961993302, 2.16662
0 0 0 0 0, 17.2505555235228, -198.73371502211, 2.16662
0 0 0 0 0, 16.3513228560095, -171.836178086426, 2.16662
0 0 0 0 0, 58.8252053619314, -220.418057327724, 2.16662
0 0 0 0 0, 97.7284157520944, -170.88482298921, 2.16662
0 0 0 0 0, 108.06050787907, -173.900906945372, 2.16662
0 0 0 0 0, 122.683093586683, -195.202942187441, 2.16662
0 0 0 0 0, 133.93166939787, -168.268374659375, 2.16662
0 0 0 0 0, 165.95624784864, -231.930016208367, 2.16662
0 0 0 0 0, 175.178096272317, -183.951631064125, 2.16662
0 0 0 0 0, 179.657911356463, -220.963709874645, 2.16662
0 0 0 0 0, 244.702091879841, -186.367476109192, 2.16662
0 0 0 0 0, -258.806236829789, -179.969303711671, 2.16662
0 0 0 0 0, -225.057328847629, -172.028486370826, 2.16662
0 0 0 0 0, -232.267273074895, -152.713657144342, 2.16662
0 0 0 0 0, -239.27817050101, -172.546555681256, 2.16662
0 0 0 0 0, -164.321604624399, -115.964809400682, 2.16662
0 0 0 0 0, -110.086144081909, -153.578043729337, 2.16662
0 0 0 0 0, -65.1840792666722, -177.101058041308, 2.16662
0 0 0 0 0, -50.1789529919158, -173.441521515651, 2.16662
0 0 0 0 0, -18.7703694325685, -181.910110210325, 2.16662
0 0 0 0 0, 4.51045263154141, -138.941501317661, 2.16662
0 0 0 0 0, -14.1617729487385, -190.005490632458, 2.16662
0 0 0 0 0, 102.172955257219, -152.697064529667, 2.16662
0 0 0 0 0, 64.5668117605319, -139.157411846845, 2.16662
0 0 0 0 0, 163.056949262065, -193.260053392062, 2.16662
0 0 0 0 0, 165.757504619869, -167.870320720316, 2.16662
0 0 0 0 0, 235.994357887406, -168.699710334769, 2.16662
0 0 0 0 0, 249.700524215085, -163.065688452794, 2.16662
0 0 0 0 0, -260.09220938154, -118.629148579772, 2.16662
0 0 0 0 0, -235.23409122562, -133.992733229039, 2.16662
0 0 0 0 0, -224.14341737372, -101.247229432084, 2.16662
0 0 0 0 0, -172.516457250956, -113.622703111458, 2.16662
0 0 0 0 0, -170.353704900716, -103.677226410996, 2.16662
0 0 0 0 0, -137.110656465549, -123.879701403511, 2.16662
0 0 0 0 0, -125.128275466033, -127.058860737046, 2.16662
0 0 0 0 0, -111.010602840066, -112.304667290165, 2.16662
0 0 0 0 0, -47.8419480370369, -141.593881609568, 2.16662
0 0 0 0 0, 9.43254055812382, -133.556335621909, 2.16662
0 0 0 0 0, 19.0298147651769, -122.4227033225, 2.16662
0 0 0 0 0, 37.477540885474, -127.172524166236, 2.16662
0 0 0 0 0, 110.688103212955, -130.535270190358, 2.16662
0 0 0 0 0, 155.247415826178, -80.3498577065547, 2.16662
0 0 0 0 0, 241.125400693435, -155.00924475826, 2.16662
0 0 0 0 0, 239.955563686305, -192.42510812631, 2.16662
0 0 0 0 0, 248.431561628317, -73.2309506302404, 2.16662
0 0 0 0 0, -300.654788285278, -94.7854570438952, 2.16662
0 0 0 0 0, -291.109124052831, -93.9311702357033, 2.16662
0 0 0 0 0, -258.112459178221, -102.082083694936, 2.16662
0 0 0 0 0, -184.92980334077, -94.1084106408046, 2.16662
0 0 0 0 0, -139.256519175508, -104.137787803195, 2.16662
0 0 0 0 0, -124.203348838064, -94.380603273065, 2.16662
0 0 0 0 0, -81.4525633277311, -113.443962486249, 2.16662
0 0 0 0 0, -75.2718707945683, -117.80683086356, 2.16662
0 0 0 0 0, -50.2858727394554, -106.360386182823, 2.16662
0 0 0 0 0, 1.02049066643269, -104.258793324637, 2.16662
0 0 0 0 0, 7.87593824756339, -94.4807926088423, 2.16662
0 0 0 0 0, 42.4172295424286, -96.5502675657873, 2.16662
0 0 0 0 0, 51.9826669101727, -107.612982084575, 2.16662
0 0 0 0 0, 79.1646354490991, -98.1381763582263, 2.16662
0 0 0 0 0, 132.961686627722, -97.057076610458, 2.16662
0 0 0 0 0, 217.62541091479, -62.1706997226702, 2.16662
0 0 0 0 0, 301.300004629317, -78.0621847657782, 2.16662
0 0 0 0 0, -303.256333952928, -76.8502925114419, 2.16662
0 0 0 0 0, -291.266122504994, -50.4827564259129, 2.16662
0 0 0 0 0, -276.877778202693, -56.2066078667996, 2.16662
0 0 0 0 0, -213.200752672433, -63.5855987175216, 2.16662
0 0 0 0 0, -168.003020981569, -95.0116373660498, 2.16662
0 0 0 0 0, -112.392087711252, -45.5817503290802, 2.16662
0 0 0 0 0, -53.9225159828409, -76.1470050065781, 2.16662
0 0 0 0 0, 35.0835797019745, -78.5975515616495, 2.16662
0 0 0 0 0, 56.3104823677266, -77.1248994697103, 2.16662
0 0 0 0 0, 59.703164450585, -41.7847714292931, 2.16662
0 0 0 0 0, 77.7081078290433, -71.2669914462571, 2.16662
0 0 0 0 0, 117.468232120341, -73.5794468514153, 2.16662
0 0 0 0 0, 188.572223001205, -39.7705539064118, 2.16662
0 0 0 0 0, 156.678332051262, -56.1498639162325, 2.16662
0 0 0 0 0, 244.36686672686, -66.9625399980239, 2.16662
0 0 0 0 0, 259.742165347646, -54.5985562053311, 2.16662
0 0 0 0 0, 296.624996307172, -67.3871246990751, 2.16662
0 0 0 0 0, -261.903764756065, -43.9222284495842, 2.16662
0 0 0 0 0, -250.195664519866, -47.9559548834059, 2.16662
0 0 0 0 0, -166.063485216993, -18.9488743586572, 2.16662
0 0 0 0 0, -186.055066201092, -16.8364158115449, 2.16662
0 0 0 0 0, -106.057593838152, -40.8645830126414, 2.16662
0 0 0 0 0, -94.7125599573588, -37.3452321691645, 2.16662
0 0 0 0 0, -43.0614807831213, -59.3495804885884, 2.16662
0 0 0 0 0, 2.94919066124433, -17.1554343135792, 2.16662
0 0 0 0 0, 9.8912710350506, -14.8772527205123, 2.16662
0 0 0 0 0, 19.19705830067, -8.87767524805899, 2.16662
0 0 0 0 0, 111.174584276016, -58.3658989585137, 2.16662
0 0 0 0 0, 138.112959294008, -43.2893370028343, 2.16662
0 0 0 0 0, 161.395980197637, -43.8243930691983, 2.16662
0 0 0 0 0, 173.890864962355, -20.8687181022257, 2.16662
0 0 0 0 0, 271.674109591003, -35.1807281493329, 2.16662
0 0 0 0 0, 297.804383221327, -43.5846885197639, 2.16662
0 0 0 0 0, 302.375034749193, -59.8683809313098, 2.16662
0 0 0 0 0, -308.947527965335, 21.1201240052134, 2.16662
0 0 0 0 0, -255.142405428646, -0.672198338471059, 2.16662
0 0 0 0 0, -219.719899703239, -18.6923453398767, 2.16662
0 0 0 0 0, -184.016823894948, -7.0783933678571, 2.16662
0 0 0 0 0, -191.357086573921, 9.46757764623667, 2.16662
0 0 0 0 0, -126.241022296546, -15.000001094865, 2.16662
0 0 0 0 0, -124.131432501689, -23.397237950703, 2.16662
0 0 0 0 0, -98.0969103287099, -11.5371467446848, 2.16662
0 0 0 0 0, -95.9480817433733, -50.141112824001, 2.16662
0 0 0 0 0, -47.9753574704639, -50.1737250380194, 2.16662
0 0 0 0 0, -11.7028827721775, 3.48149738005673, 2.16662
0 0 0 0 0, 128.191087407415, -6.16178256589726, 2.16662
0 0 0 0 0, 138.388392070042, -4.54080169997822, 2.16662
0 0 0 0 0, 152.654363214237, -12.4129807455202, 2.16662
0 0 0 0 0, 189.920054808766, -9.29409622277567, 2.16662
0 0 0 0 0, 215.098095466794, 7.91701553849515, 2.16662
0 0 0 0 0, 257.822431081947, -2.84037623010319, 2.16662
0 0 0 0 0, -254.634956474914, 23.7747722062778, 2.16662
0 0 0 0 0, -117.659635708153, 22.9791281093483, 2.16662
0 0 0 0 0, -99.2760369866713, 22.985723518986, 2.16662
0 0 0 0 0, -34.6942780742541, 35.8336388252698, 2.16662
0 0 0 0 0, -0.371539167457653, 21.6613775704014, 2.16662
0 0 0 0 0, 43.3817273010447, 14.1016355554226, 2.16662
0 0 0 0 0, 40.3876321262604, 49.218007768345, 2.16662
0 0 0 0 0, 59.6427253446526, 5.03270457635839, 2.16662
0 0 0 0 0, 73.6758080168381, 22.1943907030862, 2.16662
0 0 0 0 0, 74.6863312018516, 12.8827857975848, 2.16662
0 0 0 0 0, 74.1510267948299, 43.5702005468044, 2.16662
0 0 0 0 0, 122.655555216768, 20.7411761966399, 2.16662
0 0 0 0 0, 132.476158445234, 25.1045776139581, 2.16662
0 0 0 0 0, 171.912727811026, 18.9156572893967, 2.16662
0 0 0 0 0, 276.351833172756, 42.2827539487635, 2.16662
0 0 0 0 0, 295.538742020269, 57.3139449891826, 2.16662
0 0 0 0 0, 311.475506195245, 70.3382551608771, 2.16662
0 0 0 0 0, -249.537854052502, 50.0669457458008, 2.16662
0 0 0 0 0, -135.986474365463, 38.871897577913, 2.16662
0 0 0 0 0, -139.372133074788, 58.4788376607213, 2.16662
0 0 0 0 0, -100.492566603841, 51.9738957517827, 2.16662
0 0 0 0 0, -130.585744252713, 74.5967117814486, 2.16662
0 0 0 0 0, -57.7739238811253, 68.8799872062042, 2.16662
0 0 0 0 0, -39.4415338915541, 62.4267157419222, 2.16662
0 0 0 0 0, 44.2626720580623, 57.5161291249156, 2.16662
0 0 0 0 0, 52.0102150362911, 75.5793908372993, 2.16662
0 0 0 0 0, 61.566543988719, 82.9924921793613, 2.16662
0 0 0 0 0, 64.5768658095084, -8.82880158069015, 2.16662
0 0 0 0 0, 163.935356423919, 63.1272665744519, 2.16662
0 0 0 0 0, 195.642130364405, 47.5276557951628, 2.16662
0 0 0 0 0, 178.257652587933, 38.1968645518081, 2.16662
0 0 0 0 0, 232.363622638298, 17.6109495383984, 2.16662
0 0 0 0 0, 248.912802658068, 24.9880728485484, 2.16662
0 0 0 0 0, 300.789917781509, 81.3299339587744, 2.16662
0 0 0 0 0, -302.52446015813, 97.0065270819875, 2.16662
0 0 0 0 0, -258.530338416866, 48.693253681663, 2.16662
0 0 0 0 0, -225.572031780085, 107.522731178701, 2.16662
0 0 0 0 0, -166.063780741495, 69.9528561181939, 2.16662
0 0 0 0 0, -135.224010581395, 101.88464058233, 2.16662
0 0 0 0 0, -137.781137544556, 71.5858360834576, 2.16662
0 0 0 0 0, -102.411329663288, 99.375517133643, 2.16662
0 0 0 0 0, -109.399928643622, 105.020719786524, 2.16662
0 0 0 0 0, -47.1321547033371, 77.3853662976954, 2.16662
0 0 0 0 0, 3.84136696626747, 100.977946598011, 2.16662
0 0 0 0 0, 110.335295030294, 106.91206823345, 2.16662
0 0 0 0 0, 113.857410602708, 113.328322349338, 2.16662
0 0 0 0 0, 156.81189561276, 73.9468518235604, 2.16662
0 0 0 0 0, 176.141874613197, 103.345004573087, 2.16662
0 0 0 0 0, 271.234564903943, 75.1361073404733, 2.16662
0 0 0 0 0, 279.530282564334, 96.4743244190039, 2.16662
0 0 0 0 0, 300.140028307387, 112.234759491025, 2.16662
0 0 0 0 0, -280.803870604897, 117.619773403382, 2.16662
0 0 0 0 0, -246.921760278714, 116.91063863841, 2.16662
0 0 0 0 0, -236.632672810469, 116.696298715596, 2.16662
0 0 0 0 0, -185.187223364798, 153.159021658595, 2.16662
0 0 0 0 0, -169.699851895175, 63.1750279045703, 2.16662
0 0 0 0 0, -51.5910231769661, 64.3327970829495, 2.16662
0 0 0 0 0, -10.7619218873938, 121.589937699612, 2.16662
0 0 0 0 0, -19.1461531930449, 142.47646285044, 2.16662
0 0 0 0 0, 0.901649190376071, 119.561179904884, 2.16662
0 0 0 0 0, 23.91182721951, 135.080496612726, 2.16662
0 0 0 0 0, 67.1952056291313, 152.520861542411, 2.16662
0 0 0 0 0, 135.080464042149, 105.00617271654, 2.16662
0 0 0 0 0, 120.947965681366, 111.712686118985, 2.16662
0 0 0 0 0, 153.736218442257, 116.78654638725, 2.16662
0 0 0 0 0, 169.458054093022, 110.633127783424, 2.16662
0 0 0 0 0, 173.631639780491, 123.697039397482, 2.16662
0 0 0 0 0, 278.637441366069, 121.381101128677, 2.16662
0 0 0 0 0, -285.138511555395, 145.178019947654, 2.16662
0 0 0 0 0, -241.500486377351, 164.294785541066, 2.16662
0 0 0 0 0, -211.341452183457, 161.247011758567, 2.16662
0 0 0 0 0, -138.204614972401, 139.488494167023, 2.16662
0 0 0 0 0, -130.407031490491, 130.675189974077, 2.16662
0 0 0 0 0, -117.758512012249, 185.112314984902, 2.16662
0 0 0 0 0, -22.6472120697905, 163.201067560246, 2.16662
0 0 0 0 0, 3.61657045866919, 159.763540063901, 2.16662
0 0 0 0 0, 77.5475499245284, 178.423883496755, 2.16662
0 0 0 0 0, 100.400415201469, 119.732895678154, 2.16662
0 0 0 0 0, 123.887747134126, 165.016330963062, 2.16662
0 0 0 0 0, 156.783368597475, 175.339162698621, 2.16662
0 0 0 0 0, 171.824163895982, 134.725386377795, 2.16662
0 0 0 0 0, 183.349015668057, 184.247508947981, 2.16662
0 0 0 0 0, 197.843450130551, 160.516025361873, 2.16662
0 0 0 0 0, 196.540121096729, 167.771326979425, 2.16662
0 0 0 0 0, 273.212985113874, 139.797237623793, 2.16662
0 0 0 0 0, -245.17411890735, 187.831868915814, 2.16662
0 0 0 0 0, -134.644235912047, 190.604246989117, 2.16662
0 0 0 0 0, -116.598261025295, 198.718984768255, 2.16662
0 0 0 0 0, -124.750442712791, 191.30935778302, 2.16662
0 0 0 0 0, -65.6084315461818, 230.20508580718, 2.16662
0 0 0 0 0, -23.982709685061, 176.371583505473, 2.16662
0 0 0 0 0, -32.8686889758729, 229.532564505486, 2.16662
0 0 0 0 0, 5.85588562107012, 180.572882977215, 2.16662
0 0 0 0 0, 49.5001352974866, 183.737087493341, 2.16662
0 0 0 0 0, 115.092386368652, 220.55594312145, 2.16662
0 0 0 0 0, 139.361116856403, 218.104214000016, 2.16662
0 0 0 0 0, 154.672597912467, 233.948195291342, 2.16662
0 0 0 0 0, 191.153577053368, 195.706296220218, 2.16662
0 0 0 0 0, 225.717145748298, 182.460374074021, 2.16662
0 0 0 0 0, 238.906975741976, 180.222939699914, 2.16662
0 0 0 0 0, 241.632420622992, 153.657612662762, 2.16662
0 0 0 0 0, 288.792634089947, 136.789712922425, 2.16662
0 0 0 0 0, -231.82426726284, 192.549353313515, 2.16662
0 0 0 0 0, -226.146867785353, 178.983471075268, 2.16662
0 0 0 0 0, -192.955048370069, 199.217104341431, 2.16662
0 0 0 0 0, -189.901572569206, 178.585339242057, 2.16662
0 0 0 0 0, -193.68248211291, 226.612411561443, 2.16662
0 0 0 0 0, -151.208314148882, 216.670190762831, 2.16662
0 0 0 0 0, -121.238798693821, 224.824273283715, 2.16662
0 0 0 0 0, -12.3317244191596, 225.279587481031, 2.16662
0 0 0 0 0, 6.7249533590163, 224.499504935796, 2.16662
0 0 0 0 0, 57.8858267718722, 195.177675717508, 2.16662
0 0 0 0 0, 96.3864738926114, 223.891548302187, 2.16662
0 0 0 0 0, 138.10750595103, 262.257997399939, 2.16662
0 0 0 0 0, 150.169362648071, 260.188685809692, 2.16662
0 0 0 0 0, 158.682968886563, 257.548508824314, 2.16662
0 0 0 0 0, 184.79143231047, 236.278493429579, 2.16662
0 0 0 0 0, 186.877510610806, 254.323802493192, 2.16662
0 0 0 0 0, 243.63422964112, 189.249455607485, 2.16662
0 0 0 0 0, -175.649633623327, 249.172527318276, 2.16662
0 0 0 0 0, -156.613600844023, 241.538903742249, 2.16662
0 0 0 0 0, -139.666513977687, 270.550451217674, 2.16662
0 0 0 0 0, -172.069230413524, 194.750666771686, 2.16662
0 0 0 0 0, -123.996793294478, 279.530863273816, 2.16662
0 0 0 0 0, -102.424410623287, 250.848070090824, 2.16662
0 0 0 0 0, -107.290285628088, 257.807492020981, 2.16662
0 0 0 0 0, -68.8563809268745, 246.313128607338, 2.16662
0 0 0 0 0, -60.807427737476, 249.639611033481, 2.16662
0 0 0 0 0, -6.05296241800912, 243.614176409041, 2.16662
0 0 0 0 0, 20.6956500876671, 260.701423154831, 2.16662
0 0 0 0 0, 54.2696710428411, 289.133157476626, 2.16662
0 0 0 0 0, 101.003961899985, 280.121165810257, 2.16662
0 0 0 0 0, 117.458071599604, 282.862008462189, 2.16662
0 0 0 0 0, 103.491109615723, 294.877378662783, 2.16662
0 0 0 0 0, 97.6050785975973, 305.178672415393, 2.16662
0 0 0 0 0, 76.5827704444439, 290.047174065746, 2.16662
0 0 0 0 0, -168.867105897394, 23.6909096920974, 2.16662
0 0 0 0 0, 15.1716704928839, 187.25837055858, 2.16662
0 0 0 0 0, -281.566937158406, -135.95154232021, 2.16662
0 0 0 0 0, -178.056012109787, 157.330392365985, 2.16662
0 0 0 0 0, 60.0022380057572, -250.112357997281, 2.16662
-1 0 0 0 0, 0, 0, 3.175
