0 0 0 0 0, -188.491527048733, 236.806361862359, 3.175
0 0 0 0 0, -133.87484393101, -25.4539814596436, 3.175
0 0 0 0 0, 196.622109313025, -133.777796700448, 2.16662
0 0 0 0 0, 196.677019724317, -136.31817761697, 2.16662
0 0 0 0 0, 92.3153430927675, -262.891962910026, 2.16662
0 0 0 0 0, 92.3106025432354, -265.432901842477, 2.16662
0 0 0 0 0, -120.238299068129, -260.485827389167, 2.16662
0 0 0 0 0, -120.291996978818, -263.026381460164, 2.16662
0 0 0 0 0, -228.075905343222, -130.486585426924, 2.16662
0 0 0 0 0, -228.087388477091, -133.027604851224, 2.16662
0 0 0 0 0, -198.551177627701, 132.138064600568, 2.16662
0 0 0 0 0, -198.572664471475, 134.678968251627, 2.16662
0 0 0 0 0, -89.6335728650816, 263.210838063539, 2.16662
0 0 0 0 0, -89.6353321738509, 265.751774529239, 2.16662
0 0 0 0 0, 127.192433252633, 258.500475925099, 2.16662
0 0 0 0 0, 127.286611439991, 261.039875674215, 2.16662
0 0 0 0 0, 225.740915311892, 136.720765996204, 2.16662
0 0 0 0 0, 225.625320400428, 139.259196751324, 2.16662
0 0 0 0 0, 11.8932207174589, 68.4406893317996, 2.16662
0 0 0 0 0, 13.1179001161763, 70.6680236702336, 2.16662
0 0 0 0 0, -11.4992736767835, -63.1111356946494, 2.16662
0 0 0 0 0, -12.818060692102, -65.2841284942247, 2.16662
0 0 0 0 0, 94.5896559699339, -133.371994574835, 2.16662
0 0 0 0 0, 94.6359272371811, -135.912595269663, 2.16662
0 0 0 0 0, -26.9872243583219, 46.3598827397288, 2.16662
0 0 0 0 0, -313.559108449241, 70.6606115212184, 2.16662
0 0 0 0 0, 105.408682365827, 246.607165710031, 2.16662
0 0 0 0 0, 11.41369808608, 55.279053712705, 2.16662
0 0 0 0 0, -177.766179105698, 82.131273763976, 2.16662
0 0 0 0 0, 144.112630059702, -227.965946678221, 2.16662
0 0 0 0 0, 158.409349018926, -229.25838044411, 2.16662
0 0 0 0 0, 128.943434608888, 133.380308854325, 2.16662
0 0 0 0 0, -267.166634503072, -120.342793842449, 2.16662
0 0 0 0 0, -8.33554917039242, -161.746546773648, 2.16662
0 0 0 0 0, -235.739838276321, 147.271429891883, 2.16662
0 0 0 0 0, -121.917936584075, 88.5279679102596, 2.16662
0 0 0 0 0, 98.5281444875817, 77.7844179163592, 2.16662
0 0 0 0 0, -297.49909605296, 13.8439512712252, 2.16662
0 0 0 0 0, -219.235372319862, 103.389503754404, 2.16662
0 0 0 0 0, 0.533893460270051, 280.307606595283, 2.16662
0 0 0 0 0, 126.291087129062, -147.254699707191, 2.16662
0 0 0 0 0, -50.8443237096276, 46.8585379538336, 2.16662
0 0 0 0 0, 155.129590556369, -3.01344103075238, 2.16662
0 0 0 0 0, -118.894404396662, -172.12537570569, 2.16662
0 0 0 0 0, 199.048342156856, 55.6772683428736, 2.16662
0 0 0 0 0, -58.9723187876038, 8.85699650191879, 2.16662
0 0 0 0 0, -87.4959815750323, 108.403212886332, 2.16662
0 0 0 0 0, -64.433201767474, 181.340581241914, 2.16662
0 0 0 0 0, 283.550926204226, -54.8731263953882, 2.16662
0 0 0 0 0, -261.965795072712, -71.0946375857001, 2.16662
0 0 0 0 0, 119.605860548516, -72.0054130991504, 2.16662
0 0 0 0 0, 71.8975311614813, 35.3739369141727, 2.16662
0 0 0 0 0, 292.914674260521, 47.2968092262677, 2.16662
0 0 0 0 0, 23.2309256288398, -320.634255325668, 2.16662
0 0 0 0 0, -314.513862181488, 19.4044718035111, 2.16662
0 0 0 0 0, 172.711437488391, 150.757073984721, 2.16662
0 0 0 0 0, 3.81634042558203, -160.263807480785, 2.16662
0 0 0 0 0, 58.7877242681489, 314.549192097792, 2.16662
0 0 0 0 0, -77.3549986697504, -238.548296620135, 2.16662
0 0 0 0 0, -68.9290397039228, 309.09668752721, 2.16662
0 0 0 0 0, 216.456813310827, -84.8075069816046, 2.16662
0 0 0 0 0, 55.3173565447132, -260.38739125047, 2.16662
0 0 0 0 0, -52.160650790346, 189.176980754216, 2.16662
0 0 0 0 0, -279.073715927402, -48.3323490706142, 2.16662
0 0 0 0 0, -156.943746827218, 258.872486319505, 2.16662
0 0 0 0 0, -203.841216676003, -189.887875271377, 2.16662
0 0 0 0 0, -168.771622703712, 1.16034384284054, 2.16662
0 0 0 0 0, -258.458486366382, 142.924724712115, 2.16662
0 0 0 0 0, 47.9155829759652, -107.614112729253, 2.16662
0 0 0 0 0, 82.6902975876269, -58.3627418418887, 2.16662
0 0 0 0 0, -286.916968087939, 129.790141493788, 2.16662
0 0 0 0 0, 6.17508356649899, 44.236681857024, 2.16662
0 0 0 0 0, -243.761330100418, -16.0485185617224, 2.16662
0 0 0 0 0, -39.9668370428888, -8.49871429721171, 2.16662
0 0 0 0 0, 75.2712024255989, 254.155739060064, 2.16662
0 0 0 0 0, 122.492254729263, 27.4171601587716, 2.16662
0 0 0 0 0, -168.675141829686, 64.1942546443376, 2.16662
0 0 0 0 0, 234.386352861835, 183.788386783791, 2.16662
0 0 0 0 0, 36.5333803491082, 151.463929149906, 2.16662
0 0 0 0 0, 311.214299139065, -50.2918936946254, 2.16662
0 0 0 0 0, 254.190707021213, 176.823893699609, 2.16662
0 0 0 0 0, -214.069013813702, -170.047892262695, 2.16662
0 0 0 0 0, 182.673374815246, 215.599889010252, 2.16662
0 0 0 0 0, 2.22812031866483, 231.783811142998, 2.16662
0 0 0 0 0, -211.40150593474, 124.402093475001, 2.16662
0 0 0 0 0, 271.017870201891, -111.108764171399, 2.16662
0 0 0 0 0, -88.4008947290871, -35.4984407722204, 2.16662
0 0 0 0 0, 14.9848097804778, 134.851739069964, 2.16662
0 0 0 0 0, 10.9192046624914, -15.2313437944422, 2.16662
0 0 0 0 0, 218.21339196028, 180.531067592554, 2.16662
0 0 0 0 0, 237.197864606955, 157.387025945064, 2.16662
0 0 0 0 0, 38.5525262844268, 317.857571674267, 2.16662
0 0 0 0 0, -175.954178048776, -178.466855991245, 2.16662
0 0 0 0 0, -3.42754537212341, 174.737811056283, 2.16662
0 0 0 0 0, 63.8016251498686, 190.005776707834, 2.16662
0 0 0 0 0, -269.645720110217, 13.5559931467168, 2.16662
0 0 0 0 0, 149.176816286337, 284.441592223343, 2.16662
0 0 0 0 0, -142.176569485988, 60.420005999456, 2.16662
0 0 0 0 0, 238.005708524784, 109.599226833609, 2.16662
0 0 0 0 0, -149.329646363914, -90.1441528887033, 2.16662
0 0 0 0 0, -224.883692913391, 23.0342173492321, 2.16662
0 0 0 0 0, -207.902533928996, 220.11629042191, 2.16662
0 0 0 0 0, 116.36464968899, 192.236801567346, 2.16662
0 0 0 0 0, 47.1413032343842, 210.990366304255, 2.16662
0 0 0 0 0, -182.639399762384, -37.2951746924072, 2.16662
0 0 0 0 0, 37.92241564831, 160.40650367965, 2.16662
0 0 0 0 0, -149.762296620646, -242.751049532086, 2.16662
0 0 0 0 0, 65.5900952331563, 300.924426448729, 2.16662
0 0 0 0 0, -102.353118667367, 99.1613446509706, 2.16662
0 0 0 0 0, -78.0849587317874, 91.7634649403194, 2.16662
0 0 0 0 0, 296.802201476111, 112.85330087858, 2.16662
0 0 0 0 0, 94.8599250648834, 260.918000858464, 2.16662
0 0 0 0 0, 30.4160938638043, -191.057555540723, 2.16662
0 0 0 0 0, 236.138893244748, -159.738869155057, 2.16662
0 0 0 0 0, -40.4690818847693, -303.670574561821, 2.16662
0 0 0 0 0, 194.738723930266, 130.630436478079, 2.16662
0 0 0 0 0, -187.522777440641, 49.5506892262486, 2.16662
0 0 0 0 0, 182.438021982292, 96.7612275594719, 2.16662
0 0 0 0 0, 58.1127779066854, 280.987690621815, 2.16662
0 0 0 0 0, -280.119231184409, -95.6804640004659, 2.16662
0 0 0 0 0, -231.730771065848, 200.261426105656, 2.16662
0 0 0 0 0, 87.4696407739812, -243.488772662802, 2.16662
0 0 0 0 0, 112.384179628634, 165.08413342488, 2.16662
0 0 0 0 0, -114.291551606678, 37.0594560502331, 2.16662
0 0 0 0 0, -214.651478427015, 93.8537639313714, 2.16662
0 0 0 0 0, -31.9845904403815, 235.465272672697, 2.16662
0 0 0 0 0, 102.356980603899, 257.986232938963, 2.16662
0 0 0 0 0, -286.896437338465, -119.641420998991, 2.16662
0 0 0 0 0, -174.547307998604, 266.045079209685, 2.16662
0 0 0 0 0, -150.729790156655, -8.690474171553, 2.16662
0 0 0 0 0, -201.119951739459, 60.99556309397, 2.16662
0 0 0 0 0, -257.829343888643, 9.37198964624732, 2.16662
0 0 0 0 0, -180.177338523186, 96.1234138255093, 2.16662
0 0 0 0 0, -162.331720713945, 181.127246836411, 2.16662
0 0 0 0 0, 41.7719943065011, 78.6679847080598, 2.16662
0 0 0 0 0, -191.828921825314, -146.800007130807, 2.16662
0 0 0 0 0, 159.471070573469, -14.0681897362504, 2.16662
0 0 0 0 0, 132.48798186535, 99.8603266783252, 2.16662
0 0 0 0 0, -37.0084674153952, 165.284359475944, 2.16662
0 0 0 0 0, 83.1521828367533, 62.5730656385047, 2.16662
0 0 0 0 0, -162.206294421187, -47.1664563184918, 2.16662
0 0 0 0 0, 186.675836684768, 103.610631081253, 2.16662
0 0 0 0 0, -77.7763684749625, -155.931018381983, 2.16662
0 0 0 0 0, -118.345691269059, -286.026576102368, 2.16662
0 0 0 0 0, -120.253440218029, -121.173089429947, 2.16662
0 0 0 0 0, 199.00356288545, -30.0876819027926, 2.16662
0 0 0 0 0, -63.0086839436379, -199.548287458814, 2.16662
0 0 0 0 0, -210.54035253111, 145.270811481128, 2.16662
0 0 0 0 0, -12.2763586957773, -29.0623041185915, 2.16662
0 0 0 0 0, 67.8331153358291, 139.902987364983, 2.16662
0 0 0 0 0, 210.094848576636, 213.438871494219, 2.16662
0 0 0 0 0, -278.827087099586, 27.8169125625111, 2.16662
0 0 0 0 0, 146.240561533567, -281.116507051293, 2.16662
0 0 0 0 0, -161.572198487568, -26.4851202589696, 2.16662
0 0 0 0 0, 202.560430188731, -106.586523521817, 2.16662
0 0 0 0 0, 198.214121381518, 248.932072298693, 2.16662
0 0 0 0 0, -244.137921002867, -52.995431677997, 2.16662
0 0 0 0 0, 189.717045473325, -15.3794491831306, 2.16662
0 0 0 0 0, 8.50824953033461, 12.2175990634082, 2.16662
0 0 0 0 0, -198.771989458987, -27.6893212640699, 2.16662
0 0 0 0 0, -124.992158751412, 119.534395345732, 2.16662
0 0 0 0 0, 121.182646370425, -2.3015280065282, 2.16662
0 0 0 0 0, 199.362105298959, -154.175894111407, 2.16662
0 0 0 0 0, -104.383340966795, 132.9032024869, 2.16662
0 0 0 0 0, -119.260076586185, -164.065182439798, 2.16662
0 0 0 0 0, -92.5896284324377, 124.132085408314, 2.16662
0 0 0 0 0, 179.160308151298, -243.825127513118, 2.16662
0 0 0 0 0, -124.298662653906, -15.5356443856501, 2.16662
0 0 0 0 0, 255.264293507385, -75.3475381998734, 2.16662
0 0 0 0 0, 227.829279470326, 178.422339693166, 2.16662
0 0 0 0 0, -283.847447473688, -58.3688347711684, 2.16662
0 0 0 0 0, -133.071697461006, -132.988708993502, 2.16662
0 0 0 0 0, 11.5077165291245, -241.370547726021, 2.16662
0 0 0 0 0, -73.3319828677046, -10.5966572094317, 2.16662
0 0 0 0 0, -20.4434508001076, 186.663626919734, 2.16662
0 0 0 0 0, 18.2462425955598, -151.220419383595, 2.16662
0 0 0 0 0, -71.407764871738, -89.4644413554618, 2.16662
0 0 0 0 0, 32.4707353163978, 133.727406826643, 2.16662
0 0 0 0 0, -55.1819494920483, 70.5472469213445, 2.16662
0 0 0 0 0, 19.4176503112818, 43.1199647578447, 2.16662
0 0 0 0 0, 135.463444337387, -9.29224164039677, 2.16662
0 0 0 0 0, -223.755194070592, 35.8708112223226, 2.16662
0 0 0 0 0, -125.153493609263, 39.3079046827969, 2.16662
0 0 0 0 0, -119.696324915296, -211.241305390242, 2.16662
0 0 0 0 0, 271.023762155143, 91.0565298385197, 2.16662
0 0 0 0 0, -238.138190857419, 100.288030542547, 2.16662
0 0 0 0 0, -150.963140296198, 275.515479920093, 2.16662
0 0 0 0 0, 293.718071387462, -127.291777561841, 2.16662
0 0 0 0 0, -4.65577729969676, -39.7313528605571, 2.16662
0 0 0 0 0, 47.2408116553763, 15.0512909811902, 2.16662
0 0 0 0 0, 306.785422387218, 74.0587057174238, 2.16662
0 0 0 0 0, 129.526174529407, 283.771574960982, 2.16662
0 0 0 0 0, 108.305435942663, 106.368082935894, 2.16662
0 0 0 0 0, -260.46447668377, 43.6046040755504, 2.16662
0 0 0 0 0, -46.2876730880205, 171.809517286435, 2.16662
0 0 0 0 0, -192.723478436925, 202.697780346104, 2.16662
0 0 0 0 0, 43.5319836992303, -213.029622763558, 2.16662
0 0 0 0 0, -167.504747885137, -192.763689926164, 2.16662
0 0 0 0 0, -169.113603335596, 50.4571758351167, 2.16662
0 0 0 0 0, -254.52493233956, -67.2722942405471, 2.16662
0 0 0 0 0, 75.7684006430617, -308.724066123473, 2.16662
0 0 0 0 0, -20.4045512978498, -139.137118703, 2.16662
0 0 0 0 0, -48.768912723314, -64.1519444652742, 2.16662
0 0 0 0 0, -103.119169213939, -301.219808206406, 2.16662
0 0 0 0 0, -238.868386604306, 74.5913732255864, 2.16662
0 0 0 0 0, 10.7919307114932, -224.143582733929, 2.16662
0 0 0 0 0, -132.42535229922, -145.200184033551, 2.16662
0 0 0 0 0, 111.132053959699, -33.8426628207654, 2.16662
0 0 0 0 0, -2.47881647457436, -138.857320334842, 2.16662
0 0 0 0 0, 53.115667974579, -303.922135679187, 2.16662
0 0 0 0 0, -198.005905544878, 174.85956605918, 2.16662
0 0 0 0 0, -172.042502816485, 198.753346987319, 2.16662
0 0 0 0 0, 118.324162718124, 266.076093623911, 2.16662
0 0 0 0 0, -187.916365449953, -97.3579327919132, 2.16662
0 0 0 0 0, -213.159129801301, 115.918336236031, 2.16662
0 0 0 0 0, 97.058728474631, -57.8672026694865, 2.16662
0 0 0 0 0, -220.862346491418, 83.8331074322992, 2.16662
0 0 0 0 0, 188.043134153526, -202.504161943737, 2.16662
0 0 0 0 0, 74.9170506802729, 209.760071913931, 2.16662
0 0 0 0 0, 231.944770657017, 164.741462400792, 2.16662
0 0 0 0 0, 46.7822443116288, -191.773007624895, 2.16662
0 0 0 0 0, 130.386288837948, 43.8751732821452, 2.16662
0 0 0 0 0, -38.010786387809, 119.975699944431, 2.16662
0 0 0 0 0, -263.837191837319, -10.5960339651661, 2.16662
0 0 0 0 0, -236.635111487585, -155.463105268538, 2.16662
0 0 0 0 0, -286.419176404498, -4.20500935010211, 2.16662
0 0 0 0 0, -65.306834056063, -222.583378335655, 2.16662
0 0 0 0 0, -113.097799866097, -145.474046862222, 2.16662
0 0 0 0 0, -136.526238597936, 5.75631105629212, 2.16662
0 0 0 0 0, 71.4098030823595, -259.164024608405, 2.16662
0 0 0 0 0, 60.2026771650868, -163.738527691279, 2.16662
0 0 0 0 0, 17.9541743901028, -136.950629835858, 2.16662
0 0 0 0 0, 163.474653298351, -204.359499220861, 2.16662
0 0 0 0 0, 108.437582961869, -19.7538189440885, 2.16662
0 0 0 0 0, 221.258028929523, -230.699169689337, 2.16662
0 0 0 0 0, -295.963852582619, 93.7840263793419, 2.16662
0 0 0 0 0, -258.548066542407, 160.232272552753, 2.16662
0 0 0 0 0, -192.654566740899, 245.015909766578, 2.16662
0 0 0 0 0, -60.9773005413573, 90.3681169335313, 2.16662
0 0 0 0 0, -108.480434873861, 278.523057053104, 2.16662
0 0 0 0 0, -22.2361984812203, 86.4333506590577, 2.16662
0 0 0 0 0, 90.3429836724859, 239.048337276875, 2.16662
0 0 0 0 0, 10.789956016376, 48.5256888377645, 2.16662
0 0 0 0 0, 60.384928118593, 94.5793296915927, 2.16662
0 0 0 0 0, 235.380091122016, 139.228812760233, 2.16662
0 0 0 0 0, 153.46064893799, 180.910037935027, 2.16662
0 0 0 0 0, 211.551891235203, 207.837161812428, 2.16662
0 0 0 0 0, -78.2000193426594, -307.969588024812, 2.16662
0 0 0 0 0, -16.6156455925711, -74.6781101076828, 2.16662
0 0 0 0 0, -59.284257541742, -313.237560907832, 2.16662
0 0 0 0 0, 90.8948662597239, -255.806452464644, 2.16662
0 0 0 0 0, -35.8728965249872, -181.402941140326, 2.16662
0 0 0 0 0, -28.228040278005, -104.189432472861, 2.16662
0 0 0 0 0, 54.7535884176616, -70.2499818540592, 2.16662
0 0 0 0 0, 37.4348003339871, -237.19449851182, 2.16662
0 0 0 0 0, 41.1774176541553, -234.16184233139, 2.16662
0 0 0 0 0, 165.816581393972, -224.272542085998, 2.16662
0 0 0 0 0, 2.67607214468404, 44.0088110135559, 2.16662
0 0 0 0 0, -121.018258259389, 228.676797680025, 2.16662
0 0 0 0 0, 0.579360203684877, -309.079135668701, 2.16662
0 0 0 0 0, 55.6873762580124, -280.115128102, 2.16662
0 0 0 0 0, 137.23442526872, -251.693137158619, 2.16662
0 0 0 0 0, 88.4467738976652, -218.123451089729, 2.16662
0 0 0 0 0, 250.906145600413, -174.751936665067, 2.16662
0 0 0 0 0, 136.146226371233, -103.359577845924, 2.16662
0 0 0 0 0, -212.849195858781, 18.4162462641857, 2.16662
0 0 0 0 0, -169.634815171436, 103.28752832457, 2.16662
0 0 0 0 0, -210.800416963679, 185.072070894675, 2.16662
0 0 0 0 0, 142.357281954364, -276.976769539074, 2.16662
0 0 0 0 0, 14.1168220244922, -258.815183647624, 2.16662
0 0 0 0 0, 36.5467586395246, -243.778599116863, 2.16662
0 0 0 0 0, -264.582608251466, -185.218799032763, 2.16662
0 0 0 0 0, -45.6811350893766, -178.733520569358, 2.16662
0 0 0 0 0, -84.9022727518944, -278.044052689514, 2.16662
0 0 0 0 0, -85.2229840058789, -295.165768933067, 2.16662
0 0 0 0 0, -74.9957431855547, -311.736321645567, 2.16662
0 0 0 0 0, -49.2100687247204, -308.377444570744, 2.16662
0 0 0 0 0, -47.3788574182194, -300.754426472059, 2.16662
0 0 0 0 0, 2.71270163846765, -301.132903138437, 2.16662
0 0 0 0 0, 42.9445861842798, -287.113790744756, 2.16662
0 0 0 0 0, 65.7594029100352, -312.310920404023, 2.16662
0 0 0 0 0, 57.7458313488925, -275.742177135682, 2.16662
0 0 0 0 0, 86.1359399884942, -307.721424831113, 2.16662
0 0 0 0 0, 134.661401261096, -290.103549842581, 2.16662
0 0 0 0 0, 126.956394963006, -286.308313008167, 2.16662
0 0 0 0 0, -142.18622433249, -249.14441807011, 2.16662
0 0 0 0 0, -102.816855971269, -250.118044626494, 2.16662
0 0 0 0 0, 16.8132287422883, -231.535802828459, 2.16662
0 0 0 0 0, 2.64805202561211, -267.717646057112, 2.16662
0 0 0 0 0, 42.5757951069942, -253.182201060731, 2.16662
0 0 0 0 0, 47.4301042003027, -226.919700162256, 2.16662
0 0 0 0 0, 76.1065368664701, -250.943795501684, 2.16662
0 0 0 0 0, 76.7661102456583, -239.968141879, 2.16662
0 0 0 0 0, 98.2966585530304, -219.470990342223, 2.16662
0 0 0 0 0, 111.905330964624, -273.6886096246, 2.16662
0 0 0 0 0, 137.155383978575, -236.635735551685, 2.16662
0 0 0 0 0, 185.120912306429, -257.57467513468, 2.16662
0 0 0 0 0, -125.102741730503, -196.484975464684, 2.16662
0 0 0 0 0, -22.1138190751457, -218.681290287634, 2.16662
0 0 0 0 0, -0.249688612709594, -225.444015081516, 2.16662
0 0 0 0 0, 56.1705747683798, -228.540126630195, 2.16662
0 0 0 0 0, 7.04087662089915, -186.90470244884, 2.16662
0 0 0 0 0, 106.103570251386, -217.664021034486, 2.16662
0 0 0 0 0, 131.132462369066, -230.353330904005, 2.16662
0 0 0 0 0, 165.833653861307, -234.185853456399, 2.16662
0 0 0 0 0, 174.481895192967, -176.856893003452, 2.16662
0 0 0 0 0, 197.827219106145, -234.677295563865, 2.16662
0 0 0 0 0, 201.227772120063, -205.177395940672, 2.16662
0 0 0 0 0, 205.000642974162, -224.0005787538, 2.16662
0 0 0 0 0, -258.216597124228, -183.513408294034, 2.16662
0 0 0 0 0, -223.695182766124, -159.853101725962, 2.16662
0 0 0 0 0, -228.353290962939, -168.847525490271, 2.16662
0 0 0 0 0, -140.476610651481, -180.028552140253, 2.16662
0 0 0 0 0, -143.923579962487, -217.7582704136, 2.16662
0 0 0 0 0, -126.636518046557, -179.458406180821, 2.16662
0 0 0 0 0, -56.2997406142799, -176.718540792098, 2.16662
0 0 0 0 0, -44.0559240679839, -184.023758938209, 2.16662
0 0 0 0 0, -38.3587631486933, -164.773587754239, 2.16662
0 0 0 0 0, 20.01457548583, -164.152507558867, 2.16662
0 0 0 0 0, 14.4390921772683, -158.200170010855, 2.16662
0 0 0 0 0, 261.13121595572, -177.143506435825, 2.16662
0 0 0 0 0, -233.980862696031, -161.001347507935, 2.16662
0 0 0 0 0, -196.507097609106, -119.675833535296, 2.16662
0 0 0 0 0, -121.980330382428, -155.777228815155, 2.16662
0 0 0 0 0, -144.928080952822, -154.777657476684, 2.16662
0 0 0 0 0, -71.3472663322697, -162.960372486948, 2.16662
0 0 0 0 0, -20.3852034088067, -169.247458632551, 2.16662
0 0 0 0 0, -23.533964334433, -157.469535748427, 2.16662
0 0 0 0 0, 22.4898711388431, -136.299108996508, 2.16662
0 0 0 0 0, 80.4021774801872, -131.716255978475, 2.16662
0 0 0 0 0, 125.181531704167, -157.406261525456, 2.16662
0 0 0 0 0, 196.667160027158, -146.643242498501, 2.16662
0 0 0 0 0, 250.549548419826, -155.935405680115, 2.16662
0 0 0 0 0, -281.158949737398, -113.448272911957, 2.16662
0 0 0 0 0, -255.043591724836, -125.461514016311, 2.16662
0 0 0 0 0, -136.216296985204, -127.53425011259, 2.16662
0 0 0 0 0, -121.190140605453, -113.833611117884, 2.16662
0 0 0 0 0, -113.931401837978, -111.12171708625, 2.16662
0 0 0 0 0, -20.9509264783201, -127.116785209163, 2.16662
0 0 0 0 0, -0.190440962245883, -111.4439395383, 2.16662
0 0 0 0 0, 7.76943961401556, -112.483527414384, 2.16662
0 0 0 0 0, 62.4387694807839, -107.591029552497, 2.16662
0 0 0 0 0, 221.108594044237, -77.588126408934, 2.16662
0 0 0 0 0, 252.922566447651, -163.549925575155, 2.16662
0 0 0 0 0, 268.126422597633, -173.699468767066, 2.16662
0 0 0 0 0, -287.908108519494, -93.5885767487643, 2.16662
0 0 0 0 0, -258.557562466818, -61.7225649851508, 2.16662
0 0 0 0 0, -237.261063521134, -66.8695975677786, 2.16662
0 0 0 0 0, -183.292984002521, -104.016239878316, 2.16662
0 0 0 0 0, -135.828883958879, -80.3391883368035, 2.16662
0 0 0 0 0, -73.6701880494487, -98.9918328932089, 2.16662
0 0 0 0 0, -18.6371644545451, -95.7905572788383, 2.16662
0 0 0 0 0, -39.1256342865915, -71.5940167805914, 2.16662
0 0 0 0 0, 110.214499111849, -80.6694561979901, 2.16662
0 0 0 0 0, 114.017921387875, -110.821026966181, 2.16662
0 0 0 0 0, 193.76034828492, -70.3584658780278, 2.16662
0 0 0 0 0, 237.751258404597, -62.931646297981, 2.16662
0 0 0 0 0, -277.792985378124, -62.5179398455967, 2.16662
0 0 0 0 0, -290.921674765975, -38.8866573316524, 2.16662
0 0 0 0 0, -240.911726695235, -46.0495252777876, 2.16662
0 0 0 0 0, -177.574791608827, -15.7483192343486, 2.16662
0 0 0 0 0, -138.051385649035, -49.7057588774364, 2.16662
0 0 0 0 0, -61.2414757568033, -67.1502729361507, 2.16662
0 0 0 0 0, 5.85859390610951, -24.4622960956361, 2.16662
0 0 0 0 0, 51.8272603142136, -64.2636149272694, 2.16662
0 0 0 0 0, 92.117329792419, -47.2638644495346, 2.16662
0 0 0 0 0, 106.735115545027, -47.8514722624839, 2.16662
0 0 0 0 0, 292.743136663971, -49.1977857900272, 2.16662
0 0 0 0 0, 299.952448152684, -47.9383282153933, 2.16662
0 0 0 0 0, -273.811416148888, -5.30888268942269, 2.16662
0 0 0 0 0, -240.681864295658, -7.32578485959334, 2.16662
0 0 0 0 0, -202.187572346262, -14.8561965511718, 2.16662
0 0 0 0 0, -167.655956291191, -15.4615472998444, 2.16662
0 0 0 0 0, -123.061526976591, -7.24801590958641, 2.16662
0 0 0 0 0, -79.5039338505917, -49.9345600843875, 2.16662
0 0 0 0 0, 1.93259003106429, -9.20822895291756, 2.16662
0 0 0 0 0, 112.897203355418, -13.4904851081595, 2.16662
0 0 0 0 0, 104.214567365841, -9.3213083745698, 2.16662
0 0 0 0 0, 170.984359002447, -2.79392053422763, 2.16662
0 0 0 0 0, 190.799019051362, -1.23875585669508, 2.16662
0 0 0 0 0, 218.572650930092, -33.374536017405, 2.16662
0 0 0 0 0, -278.851737473646, 8.61508426507813, 2.16662
0 0 0 0 0, -308.214453595769, -20.036026001274, 2.16662
0 0 0 0 0, -245.604277569307, 14.0307145771724, 2.16662
0 0 0 0 0, -166.104337331223, 11.8528857481296, 2.16662
0 0 0 0 0, -139.935225553664, 19.6152542647266, 2.16662
0 0 0 0 0, -128.600098598846, 21.7950942000385, 2.16662
0 0 0 0 0, -93.2610313915474, 3.05417700346632, 2.16662
0 0 0 0 0, -21.5890251931032, 8.99489315260334, 2.16662
0 0 0 0 0, -11.0822294076469, -3.34655242026752, 2.16662
0 0 0 0 0, 112.883345286309, 15.877069225483, 2.16662
0 0 0 0 0, 155.72995796652, -35.9484468148665, 2.16662
0 0 0 0 0, 162.941622808186, 12.2669880948987, 2.16662
0 0 0 0 0, -316.346065344847, -2.50513487690022, 2.16662
0 0 0 0 0, -288.115416563328, 32.6547284963165, 2.16662
0 0 0 0 0, -246.245152335648, 2.28343753186799, 2.16662
0 0 0 0 0, -251.098732591568, 49.1977580302581, 2.16662
0 0 0 0 0, -219.777224643732, 14.1226994515704, 2.16662
0 0 0 0 0, -212.761798583325, 49.8923837767277, 2.16662
0 0 0 0 0, -198.695434737773, 13.6079517436727, 2.16662
0 0 0 0 0, -59.1024439484809, 43.4977093552626, 2.16662
0 0 0 0 0, -3.95779038313671, 18.3606779876817, 2.16662
0 0 0 0 0, 38.2424989075473, 11.4363968516771, 2.16662
0 0 0 0 0, 65.0009735049325, 19.5053681959743, 2.16662
0 0 0 0 0, 103.851645483431, 19.9200365445644, 2.16662
0 0 0 0 0, -191.980632428632, 55.8499750306816, 2.16662
0 0 0 0 0, -174.149365239812, 42.5303464036231, 2.16662
0 0 0 0 0, -135.663796079323, 34.249226331909, 2.16662
0 0 0 0 0, -136.707293838616, 41.4353387052065, 2.16662
0 0 0 0 0, -42.4240942727551, 45.7194762100623, 2.16662
0 0 0 0 0, -34.0908285860946, 46.8608928782549, 2.16662
0 0 0 0 0, 33.1603054094898, 42.1177657715305, 2.16662
0 0 0 0 0, 29.4369569358839, 63.0786254111931, 2.16662
0 0 0 0 0, 27.9754067391808, 71.3090326257473, 2.16662
0 0 0 0 0, 36.3762956134522, 21.9424527799935, 2.16662
0 0 0 0 0, 161.919045386781, 42.4830136906305, 2.16662
0 0 0 0 0, 284.845759266076, 46.60844583868, 2.16662
0 0 0 0 0, -289.181219823249, 113.555903347438, 2.16662
0 0 0 0 0, -249.758415450218, 72.8773412512185, 2.16662
0 0 0 0 0, -213.798862668211, 84.7596254848658, 2.16662
0 0 0 0 0, -222.056329267839, 57.879963250002, 2.16662
0 0 0 0 0, -168.591976603336, 75.6075600820205, 2.16662
0 0 0 0 0, -140.278106326537, 66.016582042692, 2.16662
0 0 0 0 0, -62.5259105207701, 74.7504500190216, 2.16662
0 0 0 0 0, 26.556481038126, 79.3004425447152, 2.16662
0 0 0 0 0, 60.1159653355437, 72.4755298601477, 2.16662
0 0 0 0 0, 93.3563718652184, 97.5129641796622, 2.16662
0 0 0 0 0, 187.257643649935, 63.4843210272725, 2.16662
0 0 0 0 0, 291.78988679303, 68.6356547134728, 2.16662
0 0 0 0 0, -298.972119972101, 117.868513675523, 2.16662
0 0 0 0 0, -238.058261603182, 112.312355930708, 2.16662
0 0 0 0 0, -224.562632059708, 110.258712640326, 2.16662
0 0 0 0 0, -169.165205488812, 82.9483091573673, 2.16662
0 0 0 0 0, -151.151714715372, 74.374170092787, 2.16662
0 0 0 0 0, -107.151499305566, 92.5808391964624, 2.16662
0 0 0 0 0, -63.2668738715468, 81.9818299684167, 2.16662
0 0 0 0 0, -57.0455081780446, 57.3536786627489, 2.16662
0 0 0 0 0, -25.9682071880526, 106.78430688117, 2.16662
0 0 0 0 0, 56.352435764562, 63.9875387702728, 2.16662
0 0 0 0 0, 168.246951552445, 84.1791983199543, 2.16662
0 0 0 0 0, 262.875195740686, 88.8282641049387, 2.16662
0 0 0 0 0, -217.759083835896, 134.794771685982, 2.16662
0 0 0 0 0, -231.918291740759, 139.722321414174, 2.16662
0 0 0 0 0, -135.189788456318, 99.4877609748709, 2.16662
0 0 0 0 0, -125.401616186247, 109.290731894933, 2.16662
0 0 0 0 0, -110.645732124111, 100.401511871547, 2.16662
0 0 0 0 0, -105.64366579893, 107.229691990403, 2.16662
0 0 0 0 0, 91.4832261593011, 113.304741596241, 2.16662
0 0 0 0 0, 95.5930926250276, 107.273974994039, 2.16662
0 0 0 0 0, 141.785961851214, 103.932911570846, 2.16662
0 0 0 0 0, 178.530899342534, 75.2101921318943, 2.16662
0 0 0 0 0, 265.507850497158, 109.839394918327, 2.16662
0 0 0 0 0, 277.559480447116, 110.498873693927, 2.16662
0 0 0 0 0, -280.291027233399, 114.045273711669, 2.16662
0 0 0 0 0, -249.039496537075, 127.968383663699, 2.16662
0 0 0 0 0, -228.726591224159, 164.890835534742, 2.16662
0 0 0 0 0, -96.1487514604018, 155.732702925804, 2.16662
0 0 0 0 0, -134.681972563275, 141.100304054498, 2.16662
0 0 0 0 0, -14.1387793548626, 108.493234044287, 2.16662
0 0 0 0 0, -1.97999930530695, 133.085199844645, 2.16662
0 0 0 0 0, 20.0494386279451, 112.822313208785, 2.16662
0 0 0 0 0, 91.7842850821099, 168.050219219832, 2.16662
0 0 0 0 0, 118.650486368744, 122.405072093867, 2.16662
0 0 0 0 0, 203.379411733645, 140.329487877895, 2.16662
0 0 0 0 0, 220.845998107598, 164.276603648065, 2.16662
0 0 0 0 0, -281.151366069703, 148.771342000966, 2.16662
0 0 0 0 0, -223.321455701689, 171.918408188159, 2.16662
0 0 0 0 0, -205.149996712884, 170.063348851856, 2.16662
0 0 0 0 0, -202.628468277156, 181.8148060708, 2.16662
0 0 0 0 0, -24.8431508938109, 187.992869166485, 2.16662
0 0 0 0 0, 22.8746033693022, 193.600696505429, 2.16662
0 0 0 0 0, 43.7487262561411, 196.30021812237, 2.16662
0 0 0 0 0, 115.281266669002, 142.773225333295, 2.16662
0 0 0 0 0, 173.234937627501, 140.947679601127, 2.16662
0 0 0 0 0, 239.110240985393, 170.090478304669, 2.16662
0 0 0 0 0, 210.141236266515, 171.950572908611, 2.16662
0 0 0 0 0, 267.735778466522, 148.820831070284, 2.16662
0 0 0 0 0, -219.287165241121, 177.964427947548, 2.16662
0 0 0 0 0, -150.869423662902, 180.291595747178, 2.16662
0 0 0 0 0, -91.9839084112179, 176.178456408794, 2.16662
0 0 0 0 0, -34.4165518387969, 208.409983178846, 2.16662
0 0 0 0 0, -9.67365374358933, 189.692810550431, 2.16662
0 0 0 0 0, -2.46000912226512, 190.551203839893, 2.16662
0 0 0 0 0, 9.56825899063819, 196.922263535915, 2.16662
0 0 0 0 0, 65.4565663223944, 198.455357169063, 2.16662
0 0 0 0 0, 149.46180817583, 187.048729824394, 2.16662
0 0 0 0 0, 220.713475471811, 190.687203068039, 2.16662
0 0 0 0 0, 215.824556356887, 196.525202406142, 2.16662
0 0 0 0 0, 223.030145066244, 203.049518204364, 2.16662
0 0 0 0 0, -239.039168567501, 192.302295873079, 2.16662
0 0 0 0 0, -194.762419022151, 218.897514125565, 2.16662
0 0 0 0 0, -190.282936883323, 187.745476893516, 2.16662
0 0 0 0 0, -175.803229833277, 215.059422031905, 2.16662
0 0 0 0 0, -106.051853183531, 228.735733789754, 2.16662
0 0 0 0 0, -0.975371345919265, 223.504569914604, 2.16662
0 0 0 0 0, 46.4745531175213, 203.054137118823, 2.16662
0 0 0 0 0, 87.8478927049948, 206.92526704148, 2.16662
0 0 0 0 0, 112.875973213031, 215.247508880705, 2.16662
0 0 0 0 0, 192.223074301856, 218.074418731255, 2.16662
0 0 0 0 0, 188.021723724468, 225.444331436999, 2.16662
0 0 0 0 0, 174.005491119827, 227.843392853637, 2.16662
0 0 0 0 0, -182.294501590806, 254.739008965355, 2.16662
0 0 0 0 0, -187.520286960218, 222.14655827538, 2.16662
0 0 0 0 0, -135.341279358801, 239.805119992117, 2.16662
0 0 0 0 0, -119.884469465404, 260.470644820737, 2.16662
0 0 0 0 0, -42.2605202446863, 243.385121163892, 2.16662
0 0 0 0 0, 92.1980597844401, 274.222683498724, 2.16662
0 0 0 0 0, 104.770816111399, 225.253916025943, 2.16662
0 0 0 0 0, 89.2567893684059, 282.291418433797, 2.16662
0 0 0 0 0, 117.768269986729, 230.60398166507, 2.16662
0 0 0 0 0, 131.88457435961, 243.301283207712, 2.16662
0 0 0 0 0, 114.193951261456, 291.751177955503, 2.16662
0 0 0 0 0, 188.150715039857, 245.175756508649, 2.16662
0 0 0 0 0, -202.115581094296, -235.415220046994, 2.16662
0 0 0 0 0, -209.672145575713, -225.460605434761, 2.16662
0 0 0 0 0, -191.419094764571, -242.230331616396, 2.16662
0 0 0 0 0, -236.363772854642, -185.86811135282, 2.16662
0 0 0 0 0, -198.477135049142, -221.932543196957, 2.16662
0 0 0 0 0, -265.173193961766, -156.270330653697, 2.16662
0 0 0 0 0, -165.596212654452, -249.400475163271, 2.16662
0 0 0 0 0, -174.51628882278, -232.4715327431, 2.16662
0 0 0 0 0, -241.930433664405, -166.27511811127, 2.16662
0 0 0 0 0, -297.033988911268, -98.2063045981446, 2.16662
0 0 0 0 0, -134.296685408793, -250.84306736616, 2.16662
0 0 0 0 0, -304.416228504141, -82.9046939258023, 2.16662
0 0 0 0 0, -139.916763835304, -233.865105934331, 2.16662
0 0 0 0 0, -296.08431461881, -81.2537344182497, 2.16662
0 0 0 0 0, -286.519502182146, -83.7444617130883, 2.16662
0 0 0 0 0, -237.773760294923, -129.096510533617, 2.16662
0 0 0 0 0, -296.774534327902, -68.0345141543597, 2.16662
0 0 0 0 0, -135.257937572929, -216.740327885339, 2.16662
0 0 0 0 0, -73.068449454596, -275.849768897341, 2.16662
0 0 0 0 0, -287.84504564275, -66.4131687670682, 2.16662
0 0 0 0 0, -236.688360735063, -114.241888231555, 2.16662
0 0 0 0 0, -293.235855588562, -59.7393226716115, 2.16662
0 0 0 0 0, -65.4191889726398, -275.769742780963, 2.16662
0 0 0 0 0, -225.802604559893, -117.705885804773, 2.16662
0 0 0 0 0, -240.803476810057, -99.1330310535288, 2.16662
0 0 0 0 0, -318.382024276968, -13.3586356519654, 2.16662
0 0 0 0 0, -23.2619258076263, -289.450038017673, 2.16662
0 0 0 0 0, -219.198733528371, -94.6493101990183, 2.16662
0 0 0 0 0, -236.212624359939, -75.9996792848359, 2.16662
0 0 0 0 0, -107.467312184292, -192.64160504343, 2.16662
0 0 0 0 0, -5.80724571456735, -288.831606787108, 2.16662
0 0 0 0 0, -202.214605042843, -95.2382363117009, 2.16662
0 0 0 0 0, -185.788921340618, -109.959503504708, 2.16662
0 0 0 0 0, -17.9711769240204, -269.67820504716, 2.16662
0 0 0 0 0, -1.05278698218219, -282.883581003759, 2.16662
0 0 0 0 0, -195.566451027448, -91.0405536996244, 2.16662
0 0 0 0 0, -262.162241022247, -27.2346176291819, 2.16662
0 0 0 0 0, -160.240665653617, -118.076134874965, 2.16662
0 0 0 0 0, -17.0079041635007, -247.885041813762, 2.16662
0 0 0 0 0, -221.838672084366, -48.1272895743572, 2.16662
0 0 0 0 0, -83.5218660035631, -177.384579128198, 2.16662
0 0 0 0 0, -7.43566861368068, -237.440708941535, 2.16662
0 0 0 0 0, -16.0988873946023, -227.520516509332, 2.16662
0 0 0 0 0, -135.76055357165, -106.567465342979, 2.16662
0 0 0 0 0, -13.9010080519695, -219.668483103641, 2.16662
0 0 0 0 0, 72.7537102928929, -298.433520178243, 2.16662
0 0 0 0 0, -124.514066234176, -106.631012173869, 2.16662
0 0 0 0 0, -239.786034832041, 6.24094766386273, 2.16662
0 0 0 0 0, -221.68502782784, -6.59961054900539, 2.16662
0 0 0 0 0, -23.0506600350265, -192.337215969929, 2.16662
0 0 0 0 0, -105.78761617732, -107.650323386862, 2.16662
0 0 0 0 0, -69.3281409842997, -137.896208400234, 2.16662
0 0 0 0 0, -49.3304500865224, -149.950238621296, 2.16662
0 0 0 0 0, -103.728094836931, -97.2379605898722, 2.16662
0 0 0 0 0, -86.7979126954369, -112.764857749484, 2.16662
0 0 0 0 0, -55.0605164057928, -141.797915636238, 2.16662
0 0 0 0 0, -3.58089229983093, -189.790850257358, 2.16662
0 0 0 0 0, 112.843535857776, -300.537938809556, 2.16662
0 0 0 0 0, 111.552300780147, -293.308779824005, 2.16662
0 0 0 0 0, -51.7296775582729, -134.724977931785, 2.16662
0 0 0 0 0, -78.1567000538239, -105.896057840293, 2.16662
0 0 0 0 0, 109.13257707994, -283.225561479806, 2.16662
0 0 0 0 0, -107.097745862224, -72.5950910557178, 2.16662
0 0 0 0 0, -126.515443423077, -47.0997957506479, 2.16662
0 0 0 0 0, -256.862543662779, 77.7958593107492, 2.16662
0 0 0 0 0, -102.323283119756, -66.1927171927702, 2.16662
0 0 0 0 0, -197.645008809209, 26.4948120756692, 2.16662
0 0 0 0 0, -184.730942762011, 29.8944362091316, 2.16662
0 0 0 0 0, -55.0543075090983, -93.1766912846034, 2.16662
0 0 0 0 0, -63.2635949924255, -82.9237224643725, 2.16662
0 0 0 0 0, -269.082010368302, 115.263119496894, 2.16662
0 0 0 0 0, -256.647544929731, 104.770513837167, 2.16662
0 0 0 0 0, -106.50562777746, -35.6767805498526, 2.16662
0 0 0 0 0, -68.0940657088215, -72.1307729426934, 2.16662
0 0 0 0 0, -16.1603193000871, -113.817813775458, 2.16662
0 0 0 0 0, -264.291357239127, 125.463186336555, 2.16662
0 0 0 0 0, 121.696176340682, -242.223952278328, 2.16662
0 0 0 0 0, -101.895468248195, -6.84771402375371, 2.16662
0 0 0 0 0, 121.093892558484, -221.364904639849, 2.16662
0 0 0 0 0, 104.634780541068, -198.558918115362, 2.16662
0 0 0 0 0, -155.222661789701, 54.4116600055483, 2.16662
0 0 0 0 0, 101.397840187841, -189.758258197363, 2.16662
0 0 0 0 0, -43.052215321794, -42.3145124317545, 2.16662
0 0 0 0 0, -137.751071540369, 48.6219079626405, 2.16662
0 0 0 0 0, 43.5607914592825, -122.044693045347, 2.16662
0 0 0 0 0, -94.9038270827084, 19.0204698798848, 2.16662
0 0 0 0 0, 192.067275120383, -253.096666679416, 2.16662
0 0 0 0 0, 122.663864825052, -185.14798296736, 2.16662
0 0 0 0 0, 108.622617507739, -171.052060193128, 2.16662
0 0 0 0 0, -141.322523721855, 73.2047745999229, 2.16662
0 0 0 0 0, 121.293866342272, -175.337210480186, 2.16662
0 0 0 0 0, 69.0306024785466, -123.829875220841, 2.16662
0 0 0 0 0, 104.648695243478, -158.102549263336, 2.16662
0 0 0 0 0, -142.367016517484, 80.3934171896988, 2.16662
0 0 0 0 0, 196.071939795744, -241.846629191524, 2.16662
0 0 0 0 0, 41.4746635876678, -87.5936728629767, 2.16662
0 0 0 0 0, 68.3115915712684, -112.21157882898, 2.16662
0 0 0 0 0, 78.6980991105933, -121.888907273854, 2.16662
0 0 0 0 0, 104.282624024227, -139.993069044352, 2.16662
0 0 0 0 0, 38.9324258759441, -73.2895834908249, 2.16662
0 0 0 0 0, 72.1765047568323, -98.9444933919593, 2.16662
0 0 0 0 0, 99.9790853125109, -123.815242407717, 2.16662
0 0 0 0 0, 60.4181523342876, -78.9133418851414, 2.16662
0 0 0 0 0, 120.641396937789, -136.060184800008, 2.16662
0 0 0 0 0, 35.1210090631163, -51.8415188684783, 2.16662
0 0 0 0 0, -184.818259243858, 160.858058601645, 2.16662
0 0 0 0 0, 67.5338290926407, -74.9236377803742, 2.16662
0 0 0 0 0, 99.4847997508637, -104.302431602142, 2.16662
0 0 0 0 0, -12.3303563859396, 3.82614820383548, 2.16662
0 0 0 0 0, -167.767339020876, 156.846357934155, 2.16662
0 0 0 0 0, 163.156674025562, -159.606448316051, 2.16662
0 0 0 0 0, 137.840275650736, -134.398825381426, 2.16662
0 0 0 0 0, 184.112814718432, -175.850018619761, 2.16662
0 0 0 0 0, 193.414981854292, -179.25055556535, 2.16662
0 0 0 0 0, -174.875262102379, 179.365891507106, 2.16662
0 0 0 0 0, -160.606784788178, 165.909204671656, 2.16662
0 0 0 0 0, 103.365384502012, -84.6473189003546, 2.16662
0 0 0 0 0, 184.24276958101, -162.293213321765, 2.16662
0 0 0 0 0, -139.672115882867, 158.066292294894, 2.16662
0 0 0 0 0, 224.544299883889, -188.569795440927, 2.16662
0 0 0 0 0, 42.4423424352213, -11.8460914361604, 2.16662
0 0 0 0 0, 40.7494503465336, -2.67136352927264, 2.16662
0 0 0 0 0, 228.309340601322, -181.133106925193, 2.16662
0 0 0 0 0, 222.494058359635, -174.059267847756, 2.16662
0 0 0 0 0, -182.98037115931, 216.374733174063, 2.16662
0 0 0 0 0, 40.8118575879494, 4.64579179279841, 2.16662
0 0 0 0 0, -125.73457745298, 164.830885770085, 2.16662
0 0 0 0 0, 137.684811061838, -69.7430817755264, 2.16662
0 0 0 0 0, 130.650609582764, -62.3010041842011, 2.16662
0 0 0 0 0, -129.316469826507, 200.431633317912, 2.16662
0 0 0 0 0, -148.444475986646, 219.145854681365, 2.16662
0 0 0 0 0, 75.5872428236514, 9.11210963484907, 2.16662
0 0 0 0 0, -102.700168795474, 184.461022061445, 2.16662
0 0 0 0 0, 93.171171669255, -3.02973378094147, 2.16662
0 0 0 0 0, 174.158696889351, -78.0913305302048, 2.16662
0 0 0 0 0, 159.644803427778, -60.369787144043, 2.16662
0 0 0 0 0, 91.2619129284487, 11.1912056817992, 2.16662
0 0 0 0 0, -6.51675599081267, 109.471627217358, 2.16662
0 0 0 0 0, 186.187523924212, -76.2822072603003, 2.16662
0 0 0 0 0, -97.0507300483993, 221.927123978439, 2.16662
0 0 0 0 0, 153.474456339801, 22.0777301754867, 2.16662
0 0 0 0 0, 55.8949464554442, 305.812378379318, 2.16662
0 0 0 0 0, -94.7681092935749, 241.805263033943, 2.16662
0 0 0 0 0, -98.1581166073741, 249.07670490365, 2.16662
0 0 0 0 0, 90.2349364335888, 292.37543638035, 2.16662
0 0 0 0 0, 166.458089105316, 20.9714529911064, 2.16662
0 0 0 0 0, -64.2567440515617, 214.70908952693, 2.16662
0 0 0 0 0, -66.7316271711495, 230.853451542339, 2.16662
0 0 0 0 0, 26.4620527575125, 304.018026896029, 2.16662
0 0 0 0 0, 173.793093211097, 6.60824075512028, 2.16662
0 0 0 0 0, 18.2121697110659, 199.408226960434, 2.16662
-1 0 0 0 0, 0, 0, 3.175
