0 0 0 0 0, -12.2136087483306, -229.742225144863, 3.175
0 0 0 0 0, -94.2568326200881, -102.727991947821, 3.175
0 0 0 0 0, 4.16743031547643, 200.828911884706, 3.175
0 0 0 0 0, -257.863306837171, -97.3503998519957, 3.175
0 0 0 0 0, 185.705359641761, -133.558361001589, 3.175
0 0 0 0 0, 10.7033653769332, 215.428071870408, 3.175
0 0 0 0 0, 199.76300008346, -136.375379810544, 2.16662
0 0 0 0 0, 199.870871119247, -138.914048384801, 2.16662
0 0 0 0 0, 92.0635391834128, -257.645170912474, 2.16662
0 0 0 0 0, 91.9517941942395, -260.183584367449, 2.16662
0 0 0 0 0, -125.39136358629, -264.330095049647, 2.16662
0 0 0 0 0, -125.36672481848, -266.871226174526, 2.16662
0 0 0 0 0, -227.634409983822, -132.810587817049, 2.16662
0 0 0 0 0, -227.598511622909, -135.351389059061, 2.16662
0 0 0 0 0, -199.640495474716, 131.817581775605, 2.16662
0 0 0 0 0, -199.655464443213, 134.358528565843, 2.16662
0 0 0 0 0, -94.4985816082091, 266.065103105776, 2.16662
0 0 0 0 0, -94.5585756573806, 268.605415140247, 2.16662
0 0 0 0 0, 116.981080636667, 266.869018534631, 2.16662
0 0 0 0 0, 116.904663662158, 269.40909283322, 2.16662
0 0 0 0 0, 227.332957773816, 133.866361740824, 2.16662
0 0 0 0 0, 227.275533556424, 136.406773480873, 2.16662
0 0 0 0 0, 12.841905744585, 69.0042428272638, 2.16662
0 0 0 0 0, 14.0564967678142, 71.2370860026504, 2.16662
0 0 0 0 0, -5.43598993148227, -62.5341770968978, 2.16662
0 0 0 0 0, -6.76484189351383, -64.7010571241139, 2.16662
0 0 0 0 0, 91.3513034068829, -132.398147813016, 2.16662
0 0 0 0 0, 91.37771621425, -134.939055153112, 2.16662
0 0 0 0 0, 120.397480245418, 184.166469202193, 2.16662
0 0 0 0 0, -84.8106514196037, 57.5617009387858, 2.16662
0 0 0 0 0, -133.90857771279, -90.2196251558795, 2.16662
0 0 0 0 0, 48.9456146587955, 73.7635265956028, 2.16662
0 0 0 0 0, 84.83611875199, 193.991320967189, 2.16662
0 0 0 0 0, 75.1427264024395, -124.026328243153, 2.16662
0 0 0 0 0, -116.315868156636, 159.503830083327, 2.16662
0 0 0 0 0, -52.6980124129077, -64.0057724211724, 2.16662
0 0 0 0 0, -150.595465670209, 112.177872265218, 2.16662
0 0 0 0 0, 111.24468106332, -225.358409104554, 2.16662
0 0 0 0 0, 124.031802031666, -143.495660463534, 2.16662
0 0 0 0 0, -86.934485531645, 285.0333342415, 2.16662
0 0 0 0 0, 263.145252711226, 2.0550027936884, 2.16662
0 0 0 0 0, -270.750364217802, -54.9621211729958, 2.16662
0 0 0 0 0, 252.609608694117, -5.45776221505839, 2.16662
0 0 0 0 0, -220.742563383497, 117.972448755653, 2.16662
0 0 0 0 0, 243.751337681827, -200.850648276394, 2.16662
0 0 0 0 0, 123.73607217452, 216.125157015956, 2.16662
0 0 0 0 0, 48.8262469318542, -260.776340108114, 2.16662
0 0 0 0 0, -85.0796157577019, -280.446052335975, 2.16662
0 0 0 0 0, -140.049343858768, 151.792267937717, 2.16662
0 0 0 0 0, 166.445607475468, 278.043013680716, 2.16662
0 0 0 0 0, -0.798428377808779, -13.372316767895, 2.16662
0 0 0 0 0, -60.1932074553572, 77.4893276305369, 2.16662
0 0 0 0 0, 112.315436029791, 192.868909412182, 2.16662
0 0 0 0 0, 87.8592876367597, 43.8050242293496, 2.16662
0 0 0 0 0, -120.905084246035, -280.420319588107, 2.16662
0 0 0 0 0, 0.454638339629408, 42.0448462326842, 2.16662
0 0 0 0 0, 107.689101265461, -61.7425640362339, 2.16662
0 0 0 0 0, -304.432781234983, 106.248659095116, 2.16662
0 0 0 0 0, -26.1675320129372, -177.634550944533, 2.16662
0 0 0 0 0, -274.763226652604, -63.5736877901971, 2.16662
0 0 0 0 0, -19.5376621472593, -50.376390567966, 2.16662
0 0 0 0 0, -152.857544670908, -274.891330160881, 2.16662
0 0 0 0 0, -261.135019363824, 186.777474107865, 2.16662
0 0 0 0 0, 199.456920330059, 217.464542387989, 2.16662
0 0 0 0 0, -166.030764730645, 232.734089581182, 2.16662
0 0 0 0 0, -37.5237759890563, -29.0233871180333, 2.16662
0 0 0 0 0, -35.7574263552295, -89.5646765431789, 2.16662
0 0 0 0 0, 77.5909317648207, 297.50523969559, 2.16662
0 0 0 0 0, 15.0450338856115, -36.5750589977828, 2.16662
0 0 0 0 0, 134.550589422865, 140.897793253405, 2.16662
0 0 0 0 0, -112.012600830235, 149.112928471412, 2.16662
0 0 0 0 0, -89.0190917257881, -166.836698851904, 2.16662
0 0 0 0 0, -138.962717815261, 229.956634960866, 2.16662
0 0 0 0 0, -68.2944390298938, -168.175813588474, 2.16662
0 0 0 0 0, -156.637824339877, 282.428581985196, 2.16662
0 0 0 0 0, 7.9538729401744, 278.898406106646, 2.16662
0 0 0 0 0, -201.768623731538, -12.2758669648025, 2.16662
0 0 0 0 0, -248.370326089486, -81.9695266468857, 2.16662
0 0 0 0 0, 216.404813492815, 197.963108489042, 2.16662
0 0 0 0 0, 68.0538148836804, 177.851006482284, 2.16662
0 0 0 0 0, 102.810603798241, 112.358778333366, 2.16662
0 0 0 0 0, -222.735365732431, 88.9448494904411, 2.16662
0 0 0 0 0, 27.0063426998438, -73.5390885643205, 2.16662
0 0 0 0 0, -269.457917073194, 74.3366560098343, 2.16662
0 0 0 0 0, -114.818913064998, -126.936102012977, 2.16662
0 0 0 0 0, 306.07715352767, -99.7945112104025, 2.16662
0 0 0 0 0, -308.303455202586, -38.0303815668245, 2.16662
0 0 0 0 0, 264.732706295201, 105.439737333426, 2.16662
0 0 0 0 0, -135.794103747169, 73.391691216241, 2.16662
0 0 0 0 0, 66.3344449420878, 68.9043974236056, 2.16662
0 0 0 0 0, 174.285036530357, 90.5254314226886, 2.16662
0 0 0 0 0, -5.71400296349967, 285.347577070712, 2.16662
0 0 0 0 0, -73.6075558658777, -198.550070799833, 2.16662
0 0 0 0 0, -213.512536350284, -165.27571365418, 2.16662
0 0 0 0 0, 57.0987527612964, -308.98465305207, 2.16662
0 0 0 0 0, -2.20071728828172, 12.3029026039662, 2.16662
0 0 0 0 0, 246.163584146343, 154.434158309161, 2.16662
0 0 0 0 0, 55.8347552572646, 157.860421922587, 2.16662
0 0 0 0 0, -67.041636542362, 58.3364179926435, 2.16662
0 0 0 0 0, -281.028223638916, 158.069953643639, 2.16662
0 0 0 0 0, -7.82657929607623, -166.428841942754, 2.16662
0 0 0 0 0, -250.474481295326, 87.3550683532552, 2.16662
0 0 0 0 0, -76.8440776759484, 151.033485506312, 2.16662
0 0 0 0 0, 134.484396617985, -294.779046380216, 2.16662
0 0 0 0 0, 36.369131006874, 187.125087447035, 2.16662
0 0 0 0 0, -194.429876374728, -111.203052750137, 2.16662
0 0 0 0 0, -46.8724701210778, -71.0097712080024, 2.16662
0 0 0 0 0, 9.09678549265988, 168.438776528861, 2.16662
0 0 0 0 0, 249.553064179804, -104.823068344757, 2.16662
0 0 0 0 0, 162.469424681159, 104.176917071891, 2.16662
0 0 0 0 0, 28.3254178946748, 126.982257344446, 2.16662
0 0 0 0 0, -103.959716692292, 303.976092758225, 2.16662
0 0 0 0 0, -1.18693532864518, -96.6175967353468, 2.16662
0 0 0 0 0, -182.250168691162, 246.474483536089, 2.16662
0 0 0 0 0, 162.887367432516, 134.403937942599, 2.16662
0 0 0 0 0, -102.700526343769, 209.354034423697, 2.16662
0 0 0 0 0, 101.762890173749, 24.1148186773633, 2.16662
0 0 0 0 0, 277.349817687974, -133.202270906035, 2.16662
0 0 0 0 0, 51.3508676657346, -292.781886996626, 2.16662
0 0 0 0 0, 204.016165814268, 103.131356754461, 2.16662
0 0 0 0 0, -149.246865099607, 120.158975607003, 2.16662
0 0 0 0 0, -12.3859077971167, 53.0895305767414, 2.16662
0 0 0 0 0, 286.33329742105, -21.077566787563, 2.16662
0 0 0 0 0, -124.150927822918, -162.440637339453, 2.16662
0 0 0 0 0, -256.196954561227, -183.809412933775, 2.16662
0 0 0 0 0, -162.806086069833, 202.047979345676, 2.16662
0 0 0 0 0, -230.8765307882, 87.0942362500888, 2.16662
0 0 0 0 0, 36.6170517967821, 97.6066955614724, 2.16662
0 0 0 0 0, 89.2134198724092, -41.7058991981854, 2.16662
0 0 0 0 0, -185.009801716838, -45.251360359542, 2.16662
0 0 0 0 0, 52.4846271908817, 274.509917050205, 2.16662
0 0 0 0 0, -207.851744009592, 64.5702095635164, 2.16662
0 0 0 0 0, 3.90917257669072, 290.084005955531, 2.16662
0 0 0 0 0, -202.133782147576, 44.5751123762989, 2.16662
0 0 0 0 0, -210.655472039898, -108.432833620531, 2.16662
0 0 0 0 0, -78.9697467371921, 2.64272223109624, 2.16662
0 0 0 0 0, 195.467686935016, -205.322753634924, 2.16662
0 0 0 0 0, 91.769974785529, 106.105454600298, 2.16662
0 0 0 0 0, 36.2527037824832, 19.3234171450208, 2.16662
0 0 0 0 0, -227.782944072562, 113.488094835014, 2.16662
0 0 0 0 0, 1.05076067481436, 211.519853093375, 2.16662
0 0 0 0 0, -46.5575732785775, -167.580895253408, 2.16662
0 0 0 0 0, 115.457186601088, 206.181494326854, 2.16662
0 0 0 0 0, -44.5292742491977, -98.9699279076639, 2.16662
0 0 0 0 0, -71.9213662538483, 260.5408328011, 2.16662
0 0 0 0 0, -21.1057006172017, -70.4573159826241, 2.16662
0 0 0 0 0, 187.75870072157, 97.2081574028526, 2.16662
0 0 0 0 0, -148.611678714195, -222.988581084169, 2.16662
0 0 0 0 0, -130.015875230208, -68.3337175174298, 2.16662
0 0 0 0 0, -113.467420164009, 287.064164517009, 2.16662
0 0 0 0 0, -235.378089781961, 3.33391665173853, 2.16662
0 0 0 0 0, -45.7005083405982, 3.63062606401901, 2.16662
0 0 0 0 0, -30.8190945909281, -71.4439705027005, 2.16662
0 0 0 0 0, -178.887760988703, 201.871300841615, 2.16662
0 0 0 0 0, -106.898428080758, 141.71355922471, 2.16662
0 0 0 0 0, 301.667573576505, -56.012819506301, 2.16662
0 0 0 0 0, -123.095696377925, 140.22952521659, 2.16662
0 0 0 0 0, -320.177891130327, 0.802982133780237, 2.16662
0 0 0 0 0, 128.434335157769, 10.8590691988137, 2.16662
0 0 0 0 0, -244.294271406032, 194.285044531914, 2.16662
0 0 0 0 0, -134.808175863111, -77.1041967613325, 2.16662
0 0 0 0 0, -50.7966217265035, 191.59473649625, 2.16662
0 0 0 0 0, 204.663645631487, 54.1497567491461, 2.16662
0 0 0 0 0, -34.3309511558904, 179.945239015437, 2.16662
0 0 0 0 0, -285.402751832031, 65.9734616437594, 2.16662
0 0 0 0 0, -17.9817953170127, 290.572168652596, 2.16662
0 0 0 0 0, -147.201904724884, 2.76757153389446, 2.16662
0 0 0 0 0, 118.274868907136, -56.3058889194151, 2.16662
0 0 0 0 0, 156.149089309019, 283.807340654907, 2.16662
0 0 0 0 0, -247.635382980741, 149.858096819672, 2.16662
0 0 0 0 0, -211.425955614393, -1.9484265332947, 2.16662
0 0 0 0 0, 107.778065831585, 297.99855680044, 2.16662
0 0 0 0 0, -64.8008824648787, 255.370936167112, 2.16662
0 0 0 0 0, -132.761964283624, 295.137932963861, 2.16662
0 0 0 0 0, -21.3837110985587, 319.392848895568, 2.16662
0 0 0 0 0, -254.36540609595, 182.11940941866, 2.16662
0 0 0 0 0, -66.8766234927535, 154.645834551024, 2.16662
0 0 0 0 0, -235.126918818435, 211.959078338193, 2.16662
0 0 0 0 0, -317.086810115612, -9.92542022908845, 2.16662
0 0 0 0 0, -129.108137030869, 265.597988912622, 2.16662
0 0 0 0 0, -68.6086077909569, -270.858699808564, 2.16662
0 0 0 0 0, -35.148252588165, 141.784738988714, 2.16662
0 0 0 0 0, -84.5512490805766, 234.668446220767, 2.16662
0 0 0 0 0, -209.500113876688, 77.1000789638447, 2.16662
0 0 0 0 0, 249.547345337329, -89.869155704165, 2.16662
0 0 0 0 0, -255.581954483837, 55.5088448199519, 2.16662
0 0 0 0 0, 128.243553132948, -270.775676847264, 2.16662
0 0 0 0 0, -91.9956215782414, -67.5201700717139, 2.16662
0 0 0 0 0, -25.1500036165382, 270.680348472434, 2.16662
0 0 0 0 0, -86.8967628900053, 213.720924970646, 2.16662
0 0 0 0 0, -136.627873188629, -35.3133560776744, 2.16662
0 0 0 0 0, -279.442298051475, 97.0050480921025, 2.16662
0 0 0 0 0, -2.79835836696717, -111.659759506308, 2.16662
0 0 0 0 0, -207.847141660538, -125.493057824082, 2.16662
0 0 0 0 0, -274.576759033132, -161.961833020224, 2.16662
0 0 0 0 0, -286.776822644122, 25.0162812089128, 2.16662
0 0 0 0 0, -98.881958937338, 33.3656727347146, 2.16662
0 0 0 0 0, -56.489482582851, -186.693886658073, 2.16662
0 0 0 0 0, -47.7863243478599, -177.904635456567, 2.16662
0 0 0 0 0, 11.2842270115585, -218.771300492519, 2.16662
0 0 0 0 0, 74.1965567822921, -246.048675896541, 2.16662
0 0 0 0 0, 55.2952952062129, -282.383798781963, 2.16662
0 0 0 0 0, 176.378785825432, -194.993155851942, 2.16662
0 0 0 0 0, 146.133894777581, -147.299142164211, 2.16662
0 0 0 0 0, 187.614330794841, -227.904179922896, 2.16662
0 0 0 0 0, -241.110073860885, 208.915759405843, 2.16662
0 0 0 0 0, -218.764296504348, 124.267372692165, 2.16662
0 0 0 0 0, -299.955997029007, 101.629927099304, 2.16662
0 0 0 0 0, -122.340570184371, 144.718669233845, 2.16662
0 0 0 0 0, -144.272990632622, 169.077396204446, 2.16662
0 0 0 0 0, -136.534573006861, 255.414074537291, 2.16662
0 0 0 0 0, -37.7213186449036, 169.436639259546, 2.16662
0 0 0 0 0, 38.9204764382704, 219.588116428833, 2.16662
0 0 0 0 0, 11.1259552614068, 249.62564974327, 2.16662
0 0 0 0 0, 172.096776546071, 247.299975356794, 2.16662
0 0 0 0 0, 221.769061186867, 178.946680832688, 2.16662
0 0 0 0 0, 190.844586077713, 246.375274105942, 2.16662
0 0 0 0 0, 251.503424564973, 88.8058404891763, 2.16662
0 0 0 0 0, -142.844976369178, -246.8470925805, 2.16662
0 0 0 0 0, 35.70676154833, 197.578638652696, 2.16662
0 0 0 0 0, 204.967821326197, -141.973183516138, 2.16662
0 0 0 0 0, 125.99118755511, -112.173948862099, 2.16662
0 0 0 0 0, 91.902663510638, -52.2778253828748, 2.16662
0 0 0 0 0, -237.563608515376, 47.1828416836853, 2.16662
0 0 0 0 0, 242.612653512573, 32.8283229050056, 2.16662
0 0 0 0 0, -296.940461439092, 106.200264576389, 2.16662
0 0 0 0 0, 28.3347480159382, 167.421013809457, 2.16662
0 0 0 0 0, -53.6634746742337, 183.668015987981, 2.16662
0 0 0 0 0, 22.7957427459452, 210.011903692376, 2.16662
0 0 0 0 0, -167.284593776603, 248.977036496029, 2.16662
0 0 0 0 0, -14.5491010316816, -255.689433425744, 2.16662
0 0 0 0 0, -150.045279775915, -203.051371354582, 2.16662
0 0 0 0 0, -58.6144267537185, -141.609626658746, 2.16662
0 0 0 0 0, 101.660201828709, -87.6484031462852, 2.16662
0 0 0 0 0, 134.920820012368, -46.0951157588974, 2.16662
0 0 0 0 0, -209.58276340236, -38.0230507313675, 2.16662
0 0 0 0 0, -281.178216233175, 122.051262847696, 2.16662
0 0 0 0 0, -6.79938472446634, 123.77242783862, 2.16662
0 0 0 0 0, -143.513414679448, 288.751704393225, 2.16662
0 0 0 0 0, -70.011481423927, -288.646155181607, 2.16662
0 0 0 0 0, -205.618020102447, -227.874149424036, 2.16662
0 0 0 0 0, -140.277228058442, -226.800223901623, 2.16662
0 0 0 0 0, -244.583919350952, -155.205348242696, 2.16662
0 0 0 0 0, -172.04912825525, -259.936020372348, 2.16662
0 0 0 0 0, -105.965324445166, -259.350076979526, 2.16662
0 0 0 0 0, -78.9916619614133, -287.598622087033, 2.16662
0 0 0 0 0, -72.9162546350767, -283.527749604374, 2.16662
0 0 0 0 0, -59.6026566816408, -288.037734872481, 2.16662
0 0 0 0 0, 44.1832929911243, -300.380181063462, 2.16662
0 0 0 0 0, 46.1864500988995, -283.540127362879, 2.16662
0 0 0 0 0, 70.0144330320393, -311.233943503345, 2.16662
0 0 0 0 0, 122.070132062927, -256.301694491075, 2.16662
0 0 0 0 0, 125.107441350605, -290.589017864481, 2.16662
0 0 0 0 0, -194.871818025952, -218.744833290315, 2.16662
0 0 0 0 0, -135.866336587522, -216.277333285635, 2.16662
0 0 0 0 0, -161.597926250621, -234.985342482534, 2.16662
0 0 0 0 0, -120.993217650929, -229.873567153078, 2.16662
0 0 0 0 0, -3.15222918169047, -253.193027402674, 2.16662
0 0 0 0 0, 20.0843572545894, -218.166522078738, 2.16662
0 0 0 0 0, 60.3218975410058, -259.327267225371, 2.16662
0 0 0 0 0, 65.728750388069, -246.592362321119, 2.16662
0 0 0 0 0, 118.229174713112, -213.711777771902, 2.16662
0 0 0 0 0, 182.558065151936, -227.88834771138, 2.16662
0 0 0 0 0, -258.715681361783, -192.241937851206, 2.16662
0 0 0 0 0, -140.454252118199, -180.259462579432, 2.16662
0 0 0 0 0, -81.4512390449522, -197.183625591849, 2.16662
0 0 0 0 0, -65.8220889742752, -158.193502930102, 2.16662
0 0 0 0 0, -51.2765204271724, -197.655620948388, 2.16662
0 0 0 0 0, -40.4330568408659, -178.57145853526, 2.16662
0 0 0 0 0, -17.0401551780556, -175.05234185281, 2.16662
0 0 0 0 0, 167.751239965643, -180.402366366512, 2.16662
0 0 0 0 0, 202.965103302868, -211.155434599543, 2.16662
0 0 0 0 0, 239.392934305545, -189.817950738293, 2.16662
0 0 0 0 0, -257.930107152035, -173.056951377396, 2.16662
0 0 0 0 0, -245.986374147413, -161.068300601119, 2.16662
0 0 0 0 0, -224.052458843067, -172.417747150906, 2.16662
0 0 0 0 0, -137.179854584977, -161.214168653937, 2.16662
0 0 0 0 0, -101.90963921054, -157.069662246423, 2.16662
0 0 0 0 0, -48.8320108037587, -159.348114544101, 2.16662
0 0 0 0 0, -20.2655012853349, -165.3065209443, 2.16662
0 0 0 0 0, 134.691498582083, -137.688502548482, 2.16662
0 0 0 0 0, 133.997031751067, -152.231694698905, 2.16662
0 0 0 0 0, 200.846752714752, -157.186945067695, 2.16662
0 0 0 0 0, -201.020530029934, -121.443590811259, 2.16662
0 0 0 0 0, -192.925450824827, -123.797333064961, 2.16662
0 0 0 0 0, -187.494162235899, -106.384670741898, 2.16662
0 0 0 0 0, -116.877642570726, -117.244603535275, 2.16662
0 0 0 0 0, -57.1404565594807, -153.572983883009, 2.16662
0 0 0 0 0, 5.88355554019767, -101.68530537863, 2.16662
0 0 0 0 0, 73.5765732403437, -113.60902982739, 2.16662
0 0 0 0 0, 122.183662129956, -123.950493802989, 2.16662
0 0 0 0 0, 241.389128753864, -81.3199686855119, 2.16662
0 0 0 0 0, 260.384995215056, -160.22455827314, 2.16662
0 0 0 0 0, -245.799599018532, -91.4136673595723, 2.16662
0 0 0 0 0, -115.413366790549, -82.4172045516338, 2.16662
0 0 0 0 0, -154.957909047753, -92.0969049832628, 2.16662
0 0 0 0 0, -57.0386139640348, -95.5282078020595, 2.16662
0 0 0 0 0, -41.0484674153774, -78.513528258002, 2.16662
0 0 0 0 0, -9.76156141053084, -100.292328009763, 2.16662
0 0 0 0 0, 52.1155099191347, -69.3173389380523, 2.16662
0 0 0 0 0, 102.227134772578, -105.526264623297, 2.16662
0 0 0 0 0, 241.725147572518, -73.8595852278758, 2.16662
0 0 0 0 0, 310.064327705714, -78.9606745946681, 2.16662
0 0 0 0 0, -261.551502221924, -71.9231845025097, 2.16662
0 0 0 0 0, -276.763707908256, -46.8752745914797, 2.16662
0 0 0 0 0, -139.720224573001, -56.0013485387897, 2.16662
0 0 0 0 0, -93.4810557676519, -60.673990976654, 2.16662
0 0 0 0 0, -39.4471645200881, -63.2048765536549, 2.16662
0 0 0 0 0, -48.9949057108486, -82.0710002065638, 2.16662
0 0 0 0 0, -55.7986636398124, -79.5220063037245, 2.16662
0 0 0 0 0, -19.1491189563874, -95.8761434305098, 2.16662
0 0 0 0 0, 114.119204009121, -67.5960963590117, 2.16662
0 0 0 0 0, 306.889921469449, -40.7433881566045, 2.16662
0 0 0 0 0, -316.576088137461, -34.9742431857554, 2.16662
0 0 0 0 0, -215.763102300318, -46.3700785496893, 2.16662
0 0 0 0 0, -220.254438973386, -33.0408737550631, 2.16662
0 0 0 0 0, -126.427570616023, -35.9445778549599, 2.16662
0 0 0 0 0, -9.99284261477518, -24.9258678106461, 2.16662
0 0 0 0 0, 42.5018389892587, -24.2672201887367, 2.16662
0 0 0 0 0, 94.8912809447878, -63.7111711943459, 2.16662
0 0 0 0 0, 77.6556505797166, -66.1736842877042, 2.16662
0 0 0 0 0, 118.447578165789, -51.7318964930378, 2.16662
0 0 0 0 0, 123.567460430346, -40.5622256328314, 2.16662
0 0 0 0 0, -303.342744415793, 18.5856807919846, 2.16662
0 0 0 0 0, -289.747730367797, -32.7777477579378, 2.16662
0 0 0 0 0, -243.391659537562, 28.2933565583732, 2.16662
0 0 0 0 0, -200.005227530607, 7.44070127231755, 2.16662
0 0 0 0 0, -175.831799267874, -5.79982131688093, 2.16662
0 0 0 0 0, -10.459887139114, -5.83814286332585, 2.16662
0 0 0 0 0, 5.01369959826043, -4.32539340908562, 2.16662
0 0 0 0 0, 241.019219394568, -9.265187606063, 2.16662
0 0 0 0 0, 243.677043111332, 19.6495128904905, 2.16662
0 0 0 0 0, 274.039579768055, -38.5276346545607, 2.16662
0 0 0 0 0, -286.370663763154, 15.3344062022134, 2.16662
0 0 0 0 0, -137.960510213568, -4.94804216553706, 2.16662
0 0 0 0 0, -101.898651365586, 24.3125157618118, 2.16662
0 0 0 0 0, -95.2297192404392, 18.2178874759947, 2.16662
0 0 0 0 0, -19.3331108204858, 7.05644459206778, 2.16662
0 0 0 0 0, 5.17724366056489, 12.9992290447155, 2.16662
0 0 0 0 0, 49.1705565859178, 15.8904806616349, 2.16662
0 0 0 0 0, 93.1266298040048, 14.0904576281128, 2.16662
0 0 0 0 0, 120.804064253668, 3.1133621761053, 2.16662
0 0 0 0 0, 233.191148577404, 22.5288889724723, 2.16662
0 0 0 0 0, -253.987430795306, 48.6129913143631, 2.16662
0 0 0 0 0, -242.609199729333, 59.3800525651971, 2.16662
0 0 0 0 0, -197.333500900144, 61.7626533835304, 2.16662
0 0 0 0 0, -195.032272848447, 42.9333157484297, 2.16662
0 0 0 0 0, -69.7586866236007, 52.494667968371, 2.16662
0 0 0 0 0, -56.3727802986743, 60.9979409066757, 2.16662
0 0 0 0 0, -44.4190443091249, 45.9558666724699, 2.16662
0 0 0 0 0, 15.5816916585951, 20.4346233985484, 2.16662
0 0 0 0 0, 56.1746283179254, 50.3911458462631, 2.16662
0 0 0 0 0, 191.356146446991, 42.6586037520116, 2.16662
0 0 0 0 0, -280.754334159517, 38.582592534519, 2.16662
0 0 0 0 0, -236.102635163723, 72.6957610233483, 2.16662
0 0 0 0 0, -219.855897107274, 61.0290803769642, 2.16662
0 0 0 0 0, -199.510350434664, 75.1196299213822, 2.16662
0 0 0 0 0, -199.682618231608, 53.7963634587094, 2.16662
0 0 0 0 0, -137.950628237213, 56.2897915740044, 2.16662
0 0 0 0 0, -55.8098151873601, 74.8032857778666, 2.16662
0 0 0 0 0, 38.1772029560229, 77.9531353470574, 2.16662
0 0 0 0 0, 54.8120628433909, 63.3489980379025, 2.16662
0 0 0 0 0, 272.106102131044, 102.58686436113, 2.16662
0 0 0 0 0, -300.601676881475, 117.419558296768, 2.16662
0 0 0 0 0, -281.416952491975, 137.424146054258, 2.16662
0 0 0 0 0, -221.149528659586, 132.502608672325, 2.16662
0 0 0 0 0, -179.411322295919, 81.6875941014915, 2.16662
0 0 0 0 0, 17.1097878991899, 96.4891775787349, 2.16662
0 0 0 0 0, 176.857472317577, 125.441054795896, 2.16662
0 0 0 0 0, 169.758633563998, 66.5147273386116, 2.16662
0 0 0 0 0, 211.83446437293, 95.2748533752738, 2.16662
0 0 0 0 0, 200.287694723483, 73.6189066543802, 2.16662
0 0 0 0 0, 251.037968037603, 118.93346069669, 2.16662
0 0 0 0 0, -262.212068286538, 177.016214952371, 2.16662
0 0 0 0 0, -253.747434074072, 196.910496026853, 2.16662
0 0 0 0 0, -188.267431677472, 154.202592456886, 2.16662
0 0 0 0 0, -162.539121473133, 165.058866877875, 2.16662
0 0 0 0 0, -231.6912351365, 202.538320848422, 2.16662
0 0 0 0 0, -138.03595248726, 99.0059503826135, 2.16662
0 0 0 0 0, -131.494752436146, 123.553052514504, 2.16662
0 0 0 0 0, -10.0677086628296, 133.095051443053, 2.16662
0 0 0 0 0, 99.9286804711823, 101.786650039655, 2.16662
0 0 0 0 0, 108.016368408563, 126.822315333918, 2.16662
0 0 0 0 0, -164.265891723481, 194.887729798628, 2.16662
0 0 0 0 0, -125.636590086574, 129.567515767627, 2.16662
0 0 0 0 0, -112.891281056671, 130.864388614227, 2.16662
0 0 0 0 0, -140.550737903845, 141.23642354403, 2.16662
0 0 0 0 0, -112.112523639742, 116.906105353888, 2.16662
0 0 0 0 0, -59.2262649155958, 154.038492831453, 2.16662
0 0 0 0 0, -24.101533148826, 131.846646325012, 2.16662
0 0 0 0 0, 6.81954783681716, 120.437698306288, 2.16662
0 0 0 0 0, 123.415798106799, 131.469216805767, 2.16662
0 0 0 0 0, 174.953837766503, 153.842523919725, 2.16662
0 0 0 0 0, -204.44714268356, 240.103297564759, 2.16662
0 0 0 0 0, -141.313969557356, 173.271262589874, 2.16662
0 0 0 0 0, -124.144232684579, 201.409078327906, 2.16662
0 0 0 0 0, -78.1099767448299, 172.396648958613, 2.16662
0 0 0 0 0, -58.2246188715537, 168.271626876012, 2.16662
0 0 0 0 0, -46.213831714488, 164.453481699173, 2.16662
0 0 0 0 0, 1.1260433627919, 182.177742201956, 2.16662
0 0 0 0 0, 24.2238836216702, 177.681990061859, 2.16662
0 0 0 0 0, 40.8091046272418, 154.52385597176, 2.16662
0 0 0 0 0, 235.134071656062, 153.530997360841, 2.16662
0 0 0 0 0, -167.609073630764, 211.22631679445, 2.16662
0 0 0 0 0, -158.041571500318, 226.039467252728, 2.16662
0 0 0 0 0, -59.8428577268227, 176.740748542491, 2.16662
0 0 0 0 0, -53.6731036586102, 212.031195977203, 2.16662
0 0 0 0 0, -24.32975009686, 189.88563415303, 2.16662
0 0 0 0 0, 24.8453236008321, 193.597555538935, 2.16662
0 0 0 0 0, 64.3343417728303, 188.434738826143, 2.16662
0 0 0 0 0, 119.856724116777, 171.533214080432, 2.16662
0 0 0 0 0, 116.008478036783, 217.66139695441, 2.16662
0 0 0 0 0, 239.892105490461, 189.196134523094, 2.16662
0 0 0 0 0, -126.533460499464, 226.851266538985, 2.16662
0 0 0 0 0, -133.238411010084, 258.523810415322, 2.16662
0 0 0 0 0, -118.78087241268, 227.604833549498, 2.16662
0 0 0 0 0, -117.600851423187, 238.348499773559, 2.16662
0 0 0 0 0, -108.815826163292, 240.196678685499, 2.16662
0 0 0 0 0, 23.2154928229418, 202.651227870694, 2.16662
0 0 0 0 0, 19.1588868882565, 183.383025380263, 2.16662
0 0 0 0 0, 74.104482711355, 200.095415961212, 2.16662
0 0 0 0 0, 114.285509031258, 224.897999127635, 2.16662
0 0 0 0 0, 238.149962069106, 199.672339903121, 2.16662
0 0 0 0 0, -77.7970397956833, 240.10480851937, 2.16662
0 0 0 0 0, -95.5366360699026, 298.256255107975, 2.16662
0 0 0 0 0, -69.4762305083688, 216.149656958849, 2.16662
0 0 0 0 0, -58.2621681519862, 240.986193586447, 2.16662
0 0 0 0 0, -44.9737911313037, 249.425343595561, 2.16662
0 0 0 0 0, 1.85210238041467, 223.54906463554, 2.16662
0 0 0 0 0, 23.1717321542669, 224.707600413301, 2.16662
0 0 0 0 0, 115.90909093656, 240.743573197244, 2.16662
0 0 0 0 0, 181.873479810451, 245.533493726355, 2.16662
0 0 0 0 0, 183.456387586843, 214.804500423187, 2.16662
0 0 0 0 0, -79.6387286526788, 298.80755776707, 2.16662
0 0 0 0 0, -65.6297696131844, 289.745653927165, 2.16662
0 0 0 0 0, -41.3757043124052, 227.453510510684, 2.16662
0 0 0 0 0, -35.831752623958, 257.256988893269, 2.16662
0 0 0 0 0, -36.1623314355123, 242.682192200262, 2.16662
0 0 0 0 0, -13.077641515682, 272.19646412826, 2.16662
0 0 0 0 0, -10.0105450166093, 235.688784823462, 2.16662
0 0 0 0 0, 9.47180457641545, 242.616999218956, 2.16662
0 0 0 0 0, 64.8826433224227, 279.971294699229, 2.16662
0 0 0 0 0, 164.307956258487, 251.451333273971, 2.16662
0 0 0 0 0, -12.4715148119278, 311.746205868919, 2.16662
0 0 0 0 0, -23.3409001693265, 213.225695914279, 2.16662
0 0 0 0 0, -0.384263819802822, 319.586209162269, 2.16662
0 0 0 0 0, 5.44819230675682, 300.524900539589, 2.16662
0 0 0 0 0, 17.6299921957691, 287.249570008308, 2.16662
0 0 0 0 0, 24.3915023047259, 283.001562627742, 2.16662
0 0 0 0 0, 24.0425883618563, 293.771036566863, 2.16662
0 0 0 0 0, 19.954427145035, 304.80707534208, 2.16662
0 0 0 0 0, 137.029949844086, 275.675757771237, 2.16662
0 0 0 0 0, 151.355854193009, 255.651392418179, 2.16662
0 0 0 0 0, -39.1767477716842, -318.292367991218, 2.16662
0 0 0 0 0, -67.512073249554, -311.236371083733, 2.16662
0 0 0 0 0, -22.4605594041062, -315.60328159047, 2.16662
0 0 0 0 0, -78.7857783387697, -302.990984396132, 2.16662
0 0 0 0 0, 20.8459357107967, -315.990430821005, 2.16662
0 0 0 0 0, 1.00223363824181, -308.182471233973, 2.16662
0 0 0 0 0, -60.0022727125115, -296.962456234544, 2.16662
0 0 0 0 0, -189.408515474382, -260.383418321823, 2.16662
0 0 0 0 0, -35.5112458489458, -282.779271796218, 2.16662
0 0 0 0 0, 20.4000560422193, -283.430032214958, 2.16662
0 0 0 0 0, 116.991369936862, -300.811564355383, 2.16662
0 0 0 0 0, -14.4688691235386, -274.973264143536, 2.16662
0 0 0 0 0, -5.22545421172769, -276.404571037836, 2.16662
0 0 0 0 0, 107.068573859696, -296.64256569849, 2.16662
0 0 0 0 0, 66.6375015908259, -286.868488596525, 2.16662
0 0 0 0 0, 100.601424538591, -289.425845190291, 2.16662
0 0 0 0 0, 11.9455131431891, -271.066070465335, 2.16662
0 0 0 0 0, 70.6501631449182, -280.253808968347, 2.16662
0 0 0 0 0, 111.349085627099, -287.732331857705, 2.16662
0 0 0 0 0, 46.7129522032911, -272.271646443655, 2.16662
0 0 0 0 0, 141.327976771962, -285.709139183576, 2.16662
0 0 0 0 0, -105.964674209018, -240.946654744912, 2.16662
0 0 0 0 0, 98.4023363140488, -276.098427729245, 2.16662
0 0 0 0 0, -178.681007459072, -227.97249442404, 2.16662
0 0 0 0 0, -163.278998022858, -225.323259865078, 2.16662
0 0 0 0 0, -183.67366232915, -216.31252601368, 2.16662
0 0 0 0 0, -116.657785704993, -217.137084209606, 2.16662
0 0 0 0 0, -96.9000972999508, -219.653160138801, 2.16662
0 0 0 0 0, -24.9617043950274, -231.624542344559, 2.16662
0 0 0 0 0, -251.866644401242, -195.357988552192, 2.16662
0 0 0 0 0, 36.5952599175273, -241.452056805556, 2.16662
0 0 0 0 0, -103.073509839408, -213.500493080586, 2.16662
0 0 0 0 0, -25.2453565093695, -222.759705539095, 2.16662
0 0 0 0 0, 155.534046668148, -256.317108493334, 2.16662
0 0 0 0 0, -24.6088426047577, -214.253178440452, 2.16662
0 0 0 0 0, 124.129160475884, -240.70917821196, 2.16662
0 0 0 0 0, 133.435889942004, -241.829456151764, 2.16662
0 0 0 0 0, -15.8536444210951, -210.732851762837, 2.16662
0 0 0 0 0, 50.7673562110253, -221.360918544464, 2.16662
0 0 0 0 0, -126.89708950014, -190.743497197888, 2.16662
0 0 0 0 0, 2.42423514922977, -212.122235201461, 2.16662
0 0 0 0 0, -4.8036304667358, -210.305917605879, 2.16662
0 0 0 0 0, 125.312053744086, -232.795596876578, 2.16662
0 0 0 0 0, -231.724880265439, -170.991915745007, 2.16662
0 0 0 0 0, 167.399745481746, -238.571497077383, 2.16662
0 0 0 0 0, 95.8047106240201, -223.858237433952, 2.16662
0 0 0 0 0, 197.015299432502, -243.4371980839, 2.16662
0 0 0 0 0, 140.054811241241, -228.607131126551, 2.16662
0 0 0 0 0, -231.376837093644, -162.533083399912, 2.16662
0 0 0 0 0, 188.297685598581, -234.899057350951, 2.16662
0 0 0 0 0, 166.163968892745, -228.953350831858, 2.16662
0 0 0 0 0, -115.086880914083, -175.454223983157, 2.16662
0 0 0 0 0, 22.9525585294395, -195.644833131753, 2.16662
0 0 0 0 0, 163.350431080559, -219.971445233476, 2.16662
0 0 0 0 0, -143.53956319228, -164.98895969047, 2.16662
0 0 0 0 0, 2.41376875517939, -188.716132420673, 2.16662
0 0 0 0 0, -219.837145100026, -152.358833570086, 2.16662
0 0 0 0 0, 22.6306702714884, -183.726930317971, 2.16662
0 0 0 0 0, 0.334448054673469, -177.856740155777, 2.16662
0 0 0 0 0, -137.006053950357, -153.328128313239, 2.16662
0 0 0 0 0, 155.834841844741, -200.283344797643, 2.16662
0 0 0 0 0, 101.24903123859, -187.547446874706, 2.16662
0 0 0 0 0, 130.336091999703, -193.044502727991, 2.16662
0 0 0 0 0, -281.680680724359, -122.758251535292, 2.16662
0 0 0 0 0, 114.008250060321, -186.659021931847, 2.16662
0 0 0 0 0, -298.34558772502, -119.556145008848, 2.16662
0 0 0 0 0, -157.128283070472, -139.040875935152, 2.16662
0 0 0 0 0, -39.5794446405128, -156.738744296956, 2.16662
0 0 0 0 0, -261.668543971473, -122.295132815261, 2.16662
0 0 0 0 0, -248.419659913468, -122.499779318707, 2.16662
0 0 0 0 0, 126.063068333717, -183.307508826057, 2.16662
0 0 0 0 0, -283.411648637913, -114.762568660117, 2.16662
0 0 0 0 0, -240.719441092489, -120.573739786511, 2.16662
0 0 0 0 0, 155.607765368362, -187.012044900896, 2.16662
0 0 0 0 0, -120.878520986927, -136.720130449051, 2.16662
0 0 0 0 0, 200.112012091295, -194.461460728037, 2.16662
0 0 0 0 0, 12.0812415515562, -158.715379868315, 2.16662
0 0 0 0 0, -10.381460646812, -153.948728428379, 2.16662
0 0 0 0 0, -80.627089573085, -138.017950277213, 2.16662
0 0 0 0 0, -239.875229089098, -113.349971208599, 2.16662
0 0 0 0 0, -102.23055419033, -132.660177615781, 2.16662
0 0 0 0 0, -304.522070089976, -102.403797376273, 2.16662
0 0 0 0 0, -178.447460507384, -117.587372232081, 2.16662
0 0 0 0 0, -282.483345983765, -101.778426078569, 2.16662
0 0 0 0 0, -94.1051238329061, -127.252104057409, 2.16662
0 0 0 0 0, 117.466894079285, -164.054403074532, 2.16662
0 0 0 0 0, -171.695994633544, -114.702143795226, 2.16662
0 0 0 0 0, -304.534917349678, -94.9019720347592, 2.16662
0 0 0 0 0, 98.9310623113765, -156.208160685776, 2.16662
0 0 0 0 0, 245.700622751975, -184.556259448989, 2.16662
0 0 0 0 0, -52.340940163721, -128.32372300404, 2.16662
0 0 0 0 0, -284.727670943792, -91.9575782395588, 2.16662
0 0 0 0 0, 105.790988223135, -153.7567936581, 2.16662
0 0 0 0 0, -67.2521020087103, -121.549278194037, 2.16662
0 0 0 0 0, 219.10016778952, -173.448098323737, 2.16662
0 0 0 0 0, -235.365369953618, -94.1071683665297, 2.16662
0 0 0 0 0, -75.8983686088308, -118.286726610457, 2.16662
0 0 0 0 0, -265.467874433746, -89.3924730063566, 2.16662
0 0 0 0 0, -92.6520515607065, -114.954146625101, 2.16662
0 0 0 0 0, 201.405729225796, -167.395856785583, 2.16662
0 0 0 0 0, 254.383090750446, -177.682866418785, 2.16662
0 0 0 0 0, -21.087520427064, -123.943255768413, 2.16662
0 0 0 0 0, 236.986657781363, -172.318876917976, 2.16662
0 0 0 0 0, 183.524507265957, -160.791485304522, 2.16662
0 0 0 0 0, -2.81918396334312, -125.451869082141, 2.16662
0 0 0 0 0, 66.6504250932236, -136.72260652272, 2.16662
0 0 0 0 0, 57.5193068545031, -134.00851572858, 2.16662
0 0 0 0 0, 223.702978003168, -165.079400216962, 2.16662
0 0 0 0 0, 8.084163959395, -123.498717735423, 2.16662
0 0 0 0 0, 83.7956518693211, -135.439995505924, 2.16662
0 0 0 0 0, -58.8395822836252, -109.294243114701, 2.16662
0 0 0 0 0, 47.4192092605103, -126.782299593627, 2.16662
0 0 0 0 0, 246.568091667785, -164.532985009593, 2.16662
0 0 0 0 0, -68.1702346334593, -103.817428091766, 2.16662
0 0 0 0 0, -236.77364123166, -75.9228748149507, 2.16662
0 0 0 0 0, -110.233149565523, -93.6491447152106, 2.16662
0 0 0 0 0, 104.482749153104, -130.189627147437, 2.16662
0 0 0 0 0, -100.355797347625, -91.9492312534632, 2.16662
0 0 0 0 0, -294.591751976213, -63.2797409302723, 2.16662
0 0 0 0 0, -92.9690092637319, -91.1226802641738, 2.16662
0 0 0 0 0, -64.3075345940346, -95.183006390997, 2.16662
0 0 0 0 0, -313.878322274331, -57.5165890896216, 2.16662
0 0 0 0 0, -257.655561930945, -63.93426528298, 2.16662
0 0 0 0 0, 17.3864827841701, -104.760012012933, 2.16662
0 0 0 0 0, 55.8840853023893, -109.764129231236, 2.16662
0 0 0 0 0, 34.3406003757991, -105.107050937988, 2.16662
0 0 0 0 0, -318.970592807902, -47.1496345480122, 2.16662
0 0 0 0 0, -237.430269009512, -55.3401609766166, 2.16662
0 0 0 0 0, 78.0528020718365, -105.068385909039, 2.16662
0 0 0 0 0, -101.981069373738, -71.3001911119262, 2.16662
0 0 0 0 0, 111.289961768084, -107.323888000815, 2.16662
0 0 0 0 0, -108.309699276749, -67.4354423096315, 2.16662
0 0 0 0 0, 142.708063629432, -108.515280745433, 2.16662
0 0 0 0 0, -282.011028385547, -32.6928235001216, 2.16662
0 0 0 0 0, -241.409385034813, -37.5314484668849, 2.16662
0 0 0 0 0, -68.2151423888323, -60.9786876121335, 2.16662
0 0 0 0 0, 55.6237735659053, -81.8592976613282, 2.16662
0 0 0 0 0, -64.7463417718941, -54.5908379456248, 2.16662
0 0 0 0 0, -98.8233599897827, -47.1804003474254, 2.16662
0 0 0 0 0, -79.0748485616162, -49.7182795228432, 2.16662
0 0 0 0 0, 82.2892347134165, -75.6507458711767, 2.16662
0 0 0 0 0, 122.450466682783, -69.5622173026846, 2.16662
0 0 0 0 0, -264.992347559661, -3.5023999766645, 2.16662
0 0 0 0 0, 185.171015233013, -78.0642685277162, 2.16662
0 0 0 0 0, 137.522718305332, -67.7712205411931, 2.16662
0 0 0 0 0, 157.274609128934, -70.2261344618812, 2.16662
0 0 0 0 0, 176.100064343278, -70.4467326340262, 2.16662
0 0 0 0 0, 184.023360517928, -68.6486041740439, 2.16662
0 0 0 0 0, 52.4817791743763, -43.8577581919687, 2.16662
0 0 0 0 0, 165.145091906131, -64.0918643336278, 2.16662
0 0 0 0 0, 212.966848508622, -72.7098594428066, 2.16662
0 0 0 0 0, -132.33472598114, -11.0516127991203, 2.16662
0 0 0 0 0, -167.098059399562, -5.27904508815938, 2.16662
0 0 0 0 0, -115.83031916783, -11.6663322607636, 2.16662
0 0 0 0 0, -158.065958656117, -4.14450494395681, 2.16662
0 0 0 0 0, 63.5468512011355, -40.2585586873131, 2.16662
0 0 0 0 0, -263.139203377369, 11.9677885722525, 2.16662
0 0 0 0 0, 45.6075249370657, -35.3890708780049, 2.16662
0 0 0 0 0, -161.987717666695, 1.98126032489262, 2.16662
0 0 0 0 0, -120.498329830938, 0.919456966242543, 2.16662
0 0 0 0 0, -168.855852630012, 9.17551393294431, 2.16662
0 0 0 0 0, 115.58744695569, -37.4744766031226, 2.16662
0 0 0 0 0, 293.521009531769, -72.7222514269748, 2.16662
0 0 0 0 0, -195.087112071966, 15.4332612837871, 2.16662
0 0 0 0 0, 75.2595390823202, -22.9907087093045, 2.16662
0 0 0 0 0, -181.088046205111, 20.3449878637436, 2.16662
0 0 0 0 0, 190.620456677118, -42.855373496521, 2.16662
0 0 0 0 0, 163.63754144371, -35.2768643185166, 2.16662
0 0 0 0 0, 231.844858279547, -46.1632079463636, 2.16662
0 0 0 0 0, 242.140889833755, -47.8202639740585, 2.16662
0 0 0 0 0, 274.009220970758, -50.107031290405, 2.16662
0 0 0 0 0, 220.264726463125, -39.0834645067612, 2.16662
0 0 0 0 0, 57.067053850806, -7.13424760595728, 2.16662
0 0 0 0 0, 284.199723132921, -51.0122495464118, 2.16662
0 0 0 0 0, 143.461837283435, -21.7273881118267, 2.16662
0 0 0 0 0, 228.364539593051, -36.425774696456, 2.16662
0 0 0 0 0, 49.5081823335309, -2.29055277973517, 2.16662
0 0 0 0 0, 119.550253780273, -14.972360217199, 2.16662
0 0 0 0 0, -110.942450885223, 24.5840412644537, 2.16662
0 0 0 0 0, 133.058827355691, -15.3707517901825, 2.16662
0 0 0 0 0, 174.916970990882, -21.3559509351934, 2.16662
0 0 0 0 0, 119.377570784791, -5.51118650347977, 2.16662
0 0 0 0 0, -178.204163662943, 45.8616765826886, 2.16662
0 0 0 0 0, -136.36852572946, 41.7710197640219, 2.16662
0 0 0 0 0, 76.4059439209056, 9.42606364951098, 2.16662
0 0 0 0 0, -118.166056733024, 42.1433393262636, 2.16662
0 0 0 0 0, 314.92189559294, -37.050226348703, 2.16662
0 0 0 0 0, 98.7579606906448, 7.74589766271266, 2.16662
0 0 0 0 0, 224.038042907136, -15.6202702282663, 2.16662
0 0 0 0 0, 59.9693771037241, 16.1350128306528, 2.16662
0 0 0 0 0, 174.339387178699, -3.52657627623436, 2.16662
0 0 0 0 0, 22.6724174340992, 24.4179035936023, 2.16662
0 0 0 0 0, -108.881924563888, 47.2462034403081, 2.16662
0 0 0 0 0, 155.942400796514, 1.69925472598054, 2.16662
0 0 0 0 0, 217.741900093421, -10.2680709542294, 2.16662
0 0 0 0 0, 181.601702467672, -2.64656244314706, 2.16662
0 0 0 0 0, 168.12123013645, 0.311605191856353, 2.16662
0 0 0 0 0, -98.5683747247109, 47.9631047453165, 2.16662
0 0 0 0 0, -116.198800896779, 51.1398020902802, 2.16662
0 0 0 0 0, 51.5870185856735, 23.3006954114358, 2.16662
0 0 0 0 0, -161.76758189276, 61.4606307318108, 2.16662
0 0 0 0 0, -59.7521579157228, 47.8380430816271, 2.16662
0 0 0 0 0, -52.53650088626, 46.693258918866, 2.16662
0 0 0 0 0, -117.469555671755, 60.2802110213968, 2.16662
0 0 0 0 0, 236.218750422936, -1.33447595299023, 2.16662
0 0 0 0 0, 215.248791658957, 3.73948971843221, 2.16662
0 0 0 0 0, 172.154073175346, 16.0556876394958, 2.16662
0 0 0 0 0, 189.991478352996, 22.0647673322025, 2.16662
0 0 0 0 0, 48.915700012938, 50.2432051863039, 2.16662
0 0 0 0 0, 38.1309399457203, 54.015341969024, 2.16662
0 0 0 0 0, -110.728839290083, 83.1388069593306, 2.16662
0 0 0 0 0, -98.1294520729452, 106.385958215954, 2.16662
0 0 0 0 0, -69.4358961526303, 81.8687052531312, 2.16662
0 0 0 0 0, 47.019320911857, 61.2606946447021, 2.16662
0 0 0 0 0, 152.080487584539, 35.9476536719636, 2.16662
-1 0 0 0 0, 0, 0, 3.175
