0 0 0 0 0, 23.0575865716461, 228.074100119538, 3.175
0 0 0 0 0, -68.0627199223758, -235.009451889004, 3.175
0 0 0 0 0, 116.604687845851, -179.715943890837, 3.175
0 0 0 0 0, 194.207783132361, -134.896982935885, 2.16662
0 0 0 0 0, 194.285482312379, -137.436753635963, 2.16662
0 0 0 0 0, 93.817873777939, -263.536302863004, 2.16662
0 0 0 0 0, 93.8262821930783, -266.077263439486, 2.16662
0 0 0 0 0, -114.749001514528, -272.080411064405, 2.16662
0 0 0 0 0, -114.566503575504, -274.615166910754, 2.16662
0 0 0 0 0, -230.53070533441, -129.356857525699, 2.16662
0 0 0 0 0, -230.565228967472, -131.897671825637, 2.16662
0 0 0 0 0, -196.361950067516, 133.966561072612, 2.16662
0 0 0 0 0, -196.420700779351, 136.506850449837, 2.16662
0 0 0 0 0, -85.4309024721302, 260.852398610072, 2.16662
0 0 0 0 0, -85.3845421849609, 263.392849722545, 2.16662
0 0 0 0 0, 124.773617015642, 259.95325586972, 2.16662
0 0 0 0 0, 124.83819438421, 262.493591438343, 2.16662
0 0 0 0 0, 218.334841430236, 127.737484534041, 2.16662
0 0 0 0 0, 218.402326514408, 130.277599827598, 2.16662
0 0 0 0 0, 11.6058538944252, 69.1790031738524, 2.16662
0 0 0 0 0, 12.817317367065, 71.4135475296554, 2.16662
0 0 0 0 0, -12.802107562878, -68.4512737729054, 2.16662
0 0 0 0 0, -14.0265946610649, -70.6787113975344, 2.16662
0 0 0 0 0, 88.0798168829256, -133.738327777582, 2.16662
0 0 0 0 0, 88.1335583598777, -136.278780856501, 2.16662
0 0 0 0 0, -233.245438823733, 130.303927915587, 2.16662
0 0 0 0 0, -108.116970582664, -132.398118525748, 2.16662
0 0 0 0 0, 248.160620810029, -143.008997108309, 2.16662
0 0 0 0 0, -282.436232509985, -111.056920500765, 2.16662
0 0 0 0 0, 215.91749449388, -176.275640198974, 2.16662
0 0 0 0 0, 247.086106461531, -55.7506951369693, 2.16662
0 0 0 0 0, -293.58043354827, -71.8001168616628, 2.16662
0 0 0 0 0, -20.3346663498615, -310.080019336126, 2.16662
0 0 0 0 0, -39.5469509926779, -15.3599529959835, 2.16662
0 0 0 0 0, 19.8223500336735, 192.485459594706, 2.16662
0 0 0 0 0, -162.538987411083, 125.349881997419, 2.16662
0 0 0 0 0, 38.3625676744288, -27.2523073776661, 2.16662
0 0 0 0 0, -108.302725882708, -304.431783995894, 2.16662
0 0 0 0 0, 26.2094677155625, 312.065894484986, 2.16662
0 0 0 0 0, -4.03816517593224, -135.119523722656, 2.16662
0 0 0 0 0, -49.8128860389852, -42.1449285617648, 2.16662
0 0 0 0 0, -115.701392553881, 24.3185912968157, 2.16662
0 0 0 0 0, -141.59517067835, 37.4927352593099, 2.16662
0 0 0 0 0, 71.354532718238, 20.551458674606, 2.16662
0 0 0 0 0, -109.141508009019, -245.092004317275, 2.16662
0 0 0 0 0, 60.2856589410456, 256.522885275168, 2.16662
0 0 0 0 0, 44.3141437689374, -178.447758842421, 2.16662
0 0 0 0 0, -204.391496272114, -226.771509129085, 2.16662
0 0 0 0 0, 6.71284090344817, -144.496667886952, 2.16662
0 0 0 0 0, -74.9893668144906, 308.916838123258, 2.16662
0 0 0 0 0, -117.378066639144, 285.531352742466, 2.16662
0 0 0 0 0, -140.297748027944, -197.753777403428, 2.16662
0 0 0 0 0, -27.3527443666583, 220.75664052158, 2.16662
0 0 0 0 0, -228.473503973888, 27.8822853355896, 2.16662
0 0 0 0 0, 165.125207719224, -158.200681016397, 2.16662
0 0 0 0 0, 97.8770593398674, -156.372209108318, 2.16662
0 0 0 0 0, 97.704698658, -113.708063400986, 2.16662
0 0 0 0 0, -152.462257681883, -111.77393783308, 2.16662
0 0 0 0 0, -86.2918311146151, -192.84368134564, 2.16662
0 0 0 0 0, 101.178531754576, 36.3443254877353, 2.16662
0 0 0 0 0, 151.670029119002, -181.73983518416, 2.16662
0 0 0 0 0, -52.5369371680511, -180.305740719913, 2.16662
0 0 0 0 0, 80.9416879633626, 81.2706122349858, 2.16662
0 0 0 0 0, 164.476531301638, 219.84787312359, 2.16662
0 0 0 0 0, 210.097314794755, -152.888128659475, 2.16662
0 0 0 0 0, -62.2707654443699, 38.7009265252879, 2.16662
0 0 0 0 0, 112.528670552318, 56.1658135751044, 2.16662
0 0 0 0 0, -43.3150618606954, 118.883708559513, 2.16662
0 0 0 0 0, -4.74582073806681, -115.328847508897, 2.16662
0 0 0 0 0, -91.3583477750119, -200.932112447105, 2.16662
0 0 0 0 0, 119.510819101183, -41.8574269016833, 2.16662
0 0 0 0 0, 209.973888076217, -5.41262620529155, 2.16662
0 0 0 0 0, 298.100652496219, -41.1302610028941, 2.16662
0 0 0 0 0, 102.521712677227, 4.76017247923284, 2.16662
0 0 0 0 0, 22.5022144834534, 114.309089651594, 2.16662
0 0 0 0 0, 293.161768608406, 130.204243262977, 2.16662
0 0 0 0 0, 34.4857015961067, -174.116294519464, 2.16662
0 0 0 0 0, -276.014279969112, 134.301121577212, 2.16662
0 0 0 0 0, 14.5782061505531, -0.716503192183378, 2.16662
0 0 0 0 0, -32.2451892259794, -271.396994561853, 2.16662
0 0 0 0 0, -309.160558658826, 81.8362226335123, 2.16662
0 0 0 0 0, 129.388217777007, 231.230617302956, 2.16662
0 0 0 0 0, 299.610331747122, -18.3668252796445, 2.16662
0 0 0 0 0, 58.4933418719095, 70.0268313786595, 2.16662
0 0 0 0 0, 65.5787636314937, -180.90011747349, 2.16662
0 0 0 0 0, -204.51210160573, 40.0008906678449, 2.16662
0 0 0 0 0, -226.945247155192, 91.8820893072007, 2.16662
0 0 0 0 0, 20.3294324377631, -66.2984230039957, 2.16662
0 0 0 0 0, 33.0763599091932, 32.2190503851503, 2.16662
0 0 0 0 0, 103.854678644287, 208.274662506606, 2.16662
0 0 0 0 0, 177.468712941339, 239.423121871361, 2.16662
0 0 0 0 0, -54.9602276620999, -118.719527144083, 2.16662
0 0 0 0 0, 44.9854806128563, 138.76276478856, 2.16662
0 0 0 0 0, 200.47658308121, -42.2959729395281, 2.16662
0 0 0 0 0, -53.2709083065061, -160.153192983383, 2.16662
0 0 0 0 0, 135.177209673854, 50.1283085667816, 2.16662
0 0 0 0 0, -118.722688402833, -125.006876563502, 2.16662
0 0 0 0 0, 94.409067343292, 72.4342664867279, 2.16662
0 0 0 0 0, -204.844798225438, 3.64645660136868, 2.16662
0 0 0 0 0, -59.2304405017718, -76.2023725865341, 2.16662
0 0 0 0 0, 237.641867621965, -115.425731839104, 2.16662
0 0 0 0 0, 109.402352304901, 242.185274402396, 2.16662
0 0 0 0 0, 21.0128134480346, -119.374160729372, 2.16662
0 0 0 0 0, 259.282015482709, -159.949616090753, 2.16662
0 0 0 0 0, -66.6715118198807, -101.958110517362, 2.16662
0 0 0 0 0, -36.5180356724222, -138.271064807679, 2.16662
0 0 0 0 0, -19.545111637468, -180.370597745228, 2.16662
0 0 0 0 0, 43.5314975173263, 169.690376721781, 2.16662
0 0 0 0 0, -129.320002205059, -269.450627652109, 2.16662
0 0 0 0 0, 169.347955237709, 251.414048149855, 2.16662
0 0 0 0 0, -159.505924262983, -13.9779321758684, 2.16662
0 0 0 0 0, -280.665085819704, -65.50100405877, 2.16662
0 0 0 0 0, -172.267420486419, -156.63063339998, 2.16662
0 0 0 0 0, -236.426342320727, -91.7816985086973, 2.16662
0 0 0 0 0, 50.2627885306107, -11.7706485354503, 2.16662
0 0 0 0 0, 52.19802142026, 123.526102586708, 2.16662
0 0 0 0 0, 169.434279679819, -113.0178906421, 2.16662
0 0 0 0 0, 70.5924390682826, -86.1313227703696, 2.16662
0 0 0 0 0, -90.8498513544899, -173.255476803845, 2.16662
0 0 0 0 0, -292.652160164171, -127.052622555888, 2.16662
0 0 0 0 0, 11.6517076947339, -63.9520174173806, 2.16662
0 0 0 0 0, 299.72246575134, 22.9708340214154, 2.16662
0 0 0 0 0, -232.978442477408, 170.95630196461, 2.16662
0 0 0 0 0, 131.187339456857, 276.058023412106, 2.16662
0 0 0 0 0, -157.539942332602, -6.42171450606175, 2.16662
0 0 0 0 0, 3.44638245582115, 318.720544349772, 2.16662
0 0 0 0 0, -64.0547452337688, 151.958179800884, 2.16662
0 0 0 0 0, -80.1983547863766, -85.2862846523518, 2.16662
0 0 0 0 0, 240.446180150146, -1.2576718608554, 2.16662
0 0 0 0 0, -155.586653712461, -100.859767355436, 2.16662
0 0 0 0 0, -78.3823479131131, 123.429785512203, 2.16662
0 0 0 0 0, -145.256378523044, -147.356909730231, 2.16662
0 0 0 0 0, 13.6445899463457, -10.0853078029986, 2.16662
0 0 0 0 0, -80.9272546902231, -35.8278117734481, 2.16662
0 0 0 0 0, -156.877445047525, -64.510311836192, 2.16662
0 0 0 0 0, -25.9989068723045, 42.3159957996257, 2.16662
0 0 0 0 0, 207.151525273177, 238.328910759902, 2.16662
0 0 0 0 0, 248.692639752275, -26.9934733057992, 2.16662
0 0 0 0 0, -168.428577470808, -119.747894845799, 2.16662
0 0 0 0 0, -235.751136796773, -204.067777410059, 2.16662
0 0 0 0 0, -184.865010906325, -139.311511316807, 2.16662
0 0 0 0 0, -72.3863914935223, -186.152295889198, 2.16662
0 0 0 0 0, -90.4207334385298, -206.457088067348, 2.16662
0 0 0 0 0, -106.159675111327, -293.378340209506, 2.16662
0 0 0 0 0, 30.6038836590562, -170.306311895932, 2.16662
0 0 0 0 0, -11.5131096348817, -114.838744047282, 2.16662
0 0 0 0 0, -11.3241383820856, -237.630678434244, 2.16662
0 0 0 0 0, 218.255642150428, -114.194862958959, 2.16662
0 0 0 0 0, 271.592786222464, -139.984670633539, 2.16662
0 0 0 0 0, 229.896298484686, -168.687687247268, 2.16662
0 0 0 0 0, -174.08609565742, 267.6750623364, 2.16662
0 0 0 0 0, -267.255400364254, 56.9928256872562, 2.16662
0 0 0 0 0, -224.337559235467, 180.30343997749, 2.16662
0 0 0 0 0, -7.06598213950083, 64.5108322866887, 2.16662
0 0 0 0 0, -45.7827152982934, 255.291231867698, 2.16662
0 0 0 0 0, -73.2663283351124, 101.616082708363, 2.16662
0 0 0 0 0, 86.3200997439455, 225.945271509711, 2.16662
0 0 0 0 0, 60.4537131546721, 97.17850145794, 2.16662
0 0 0 0 0, 70.9998038104178, 201.957845651567, 2.16662
0 0 0 0 0, 232.988277964869, -2.34098067450587, 2.16662
0 0 0 0 0, 207.596346800867, 88.6829448919796, 2.16662
0 0 0 0 0, 239.61287221616, 72.0713668927567, 2.16662
0 0 0 0 0, 96.0512411860287, -194.360944203963, 2.16662
0 0 0 0 0, 315.753569438787, -69.2283898562539, 2.16662
0 0 0 0 0, 207.826300999778, 220.345808822867, 2.16662
0 0 0 0 0, -113.920994368697, -89.0602243249375, 2.16662
0 0 0 0 0, -127.178164681433, -36.6211062348697, 2.16662
0 0 0 0 0, 138.836107657194, 69.4837945715328, 2.16662
0 0 0 0 0, 228.45305029579, 42.2806445563192, 2.16662
0 0 0 0 0, -219.675380541261, -118.873392888294, 2.16662
0 0 0 0 0, -196.544830534689, 103.518665183191, 2.16662
0 0 0 0 0, 145.674021736581, 211.509893476172, 2.16662
0 0 0 0 0, -43.5054374636941, -274.260129869474, 2.16662
0 0 0 0 0, -129.856918758431, -192.511729226829, 2.16662
0 0 0 0 0, -243.474514135929, -128.52105389226, 2.16662
0 0 0 0 0, 128.975288278754, -74.2204265523565, 2.16662
0 0 0 0 0, 170.30886237315, -163.7647546251, 2.16662
0 0 0 0 0, -72.0876410211637, -93.6589675828519, 2.16662
0 0 0 0 0, -322.225094170432, 9.2576504972927, 2.16662
0 0 0 0 0, 319.394336787588, 10.9834708004591, 2.16662
0 0 0 0 0, 253.402057933991, 24.4152871724115, 2.16662
0 0 0 0 0, 217.87439922355, 60.5458533057769, 2.16662
0 0 0 0 0, 263.24601317289, 63.6979844544235, 2.16662
0 0 0 0 0, 187.19505161122, 251.153191332444, 2.16662
0 0 0 0 0, 139.626999103355, -183.285760439361, 2.16662
0 0 0 0 0, -317.104235228348, -62.0474608372339, 2.16662
0 0 0 0 0, 143.465194374574, -41.2127967362504, 2.16662
0 0 0 0 0, 267.541885942585, -6.35756575535244, 2.16662
0 0 0 0 0, -127.484307921638, -256.296102271249, 2.16662
0 0 0 0 0, -101.720290499559, -252.452887806848, 2.16662
0 0 0 0 0, -84.3544215027906, -299.622849561276, 2.16662
0 0 0 0 0, -71.5699364404999, -282.520467033318, 2.16662
0 0 0 0 0, -48.3691668302256, -277.426716921152, 2.16662
0 0 0 0 0, -15.5995372582768, -292.72114232963, 2.16662
0 0 0 0 0, -24.0331581912673, -318.281651784106, 2.16662
0 0 0 0 0, -252.020422852354, -194.545595618813, 2.16662
0 0 0 0 0, -201.452510840047, -237.56917653957, 2.16662
0 0 0 0 0, -126.991788876576, -195.996260951561, 2.16662
0 0 0 0 0, -105.478708751544, -195.423607857697, 2.16662
0 0 0 0 0, -74.9984183639597, -192.160009997816, 2.16662
0 0 0 0 0, -7.0611121880654, -243.087436458555, 2.16662
0 0 0 0 0, 79.9529534849465, -193.250616107244, 2.16662
0 0 0 0 0, -116.039213435121, -190.268601060918, 2.16662
0 0 0 0 0, -82.7332396865605, -180.102436446161, 2.16662
0 0 0 0 0, -76.899895882411, -165.87037049211, 2.16662
0 0 0 0 0, -64.9166484373446, -161.185630867848, 2.16662
0 0 0 0 0, 76.1328392199194, -168.54483087988, 2.16662
0 0 0 0 0, 130.35887786065, -193.746795004853, 2.16662
0 0 0 0 0, 160.186843942262, -181.423619445451, 2.16662
0 0 0 0 0, -83.4875228537949, -160.907109093652, 2.16662
0 0 0 0 0, -20.2999579724663, -169.812849538162, 2.16662
0 0 0 0 0, 24.624886793362, -179.693132439809, 2.16662
0 0 0 0 0, 37.9263969211972, -188.752668645904, 2.16662
0 0 0 0 0, 45.6272608160475, -185.957682707815, 2.16662
0 0 0 0 0, 219.623633338057, -161.460493890484, 2.16662
0 0 0 0 0, 232.042914739975, -172.385123978434, 2.16662
0 0 0 0 0, -168.577011533502, -139.959706943907, 2.16662
0 0 0 0 0, -36.6936783104346, -159.588774966084, 2.16662
0 0 0 0 0, 96.3246394005429, -141.269081156958, 2.16662
0 0 0 0 0, 168.802532883242, -168.81428871252, 2.16662
0 0 0 0 0, 178.677753620019, -166.765457160808, 2.16662
0 0 0 0 0, 189.952498532669, -152.823940368917, 2.16662
0 0 0 0 0, 258.445734895314, -151.977996336876, 2.16662
0 0 0 0 0, -199.191648709385, -136.946027482661, 2.16662
0 0 0 0 0, -143.041181477982, -158.555218238624, 2.16662
0 0 0 0 0, -15.8452810898457, -141.926497174975, 2.16662
0 0 0 0 0, -12.2763922024614, -130.714714735585, 2.16662
0 0 0 0 0, 24.4027017654291, -142.163576447778, 2.16662
0 0 0 0 0, 262.200407576393, -177.001264390208, 2.16662
0 0 0 0 0, 235.38186224206, -182.813831142449, 2.16662
0 0 0 0 0, -289.613857523779, -118.162159011985, 2.16662
0 0 0 0 0, -261.73144183119, -122.422770695013, 2.16662
0 0 0 0 0, -217.29150471495, -114.042460647602, 2.16662
0 0 0 0 0, -159.229532996585, -114.925080677071, 2.16662
0 0 0 0 0, -123.855487393315, -112.279989836661, 2.16662
0 0 0 0 0, -101.651587903883, -128.511775765093, 2.16662
0 0 0 0 0, 23.755290471224, -124.741959291977, 2.16662
0 0 0 0 0, -285.233007565629, -103.042220397125, 2.16662
0 0 0 0 0, -53.3723669138269, -109.815290840723, 2.16662
0 0 0 0 0, -18.4287284632912, -122.573627483422, 2.16662
0 0 0 0 0, 4.10243910602621, -120.603177701468, 2.16662
0 0 0 0 0, 143.650234400189, -110.404197537847, 2.16662
0 0 0 0 0, 230.254127595754, -65.3495225252528, 2.16662
0 0 0 0 0, 241.616886060586, -60.2427966103174, 2.16662
0 0 0 0 0, -230.534771402035, -101.061799123539, 2.16662
0 0 0 0 0, -159.759576978781, -107.316894461352, 2.16662
0 0 0 0 0, -143.415010764308, -113.894397115493, 2.16662
0 0 0 0 0, -96.8116463216022, -96.3813026901048, 2.16662
0 0 0 0 0, -77.114870824499, -103.4202122281, 2.16662
0 0 0 0 0, -59.9421624661697, -98.1343012928788, 2.16662
0 0 0 0 0, 103.247855712068, -120.630894241763, 2.16662
0 0 0 0 0, -300.689035606928, -75.9373884712144, 2.16662
0 0 0 0 0, -276.690346833289, -72.4764040674122, 2.16662
0 0 0 0 0, -70.5055404194718, -76.8703299813683, 2.16662
0 0 0 0 0, -61.7425793168678, -61.9873110398605, 2.16662
0 0 0 0 0, 63.2464011954854, -83.9580983994225, 2.16662
0 0 0 0 0, 135.999207776915, -76.4306618113955, 2.16662
0 0 0 0 0, 306.609470277485, -71.0274316498839, 2.16662
0 0 0 0 0, -294.775360772433, -58.2658729549513, 2.16662
0 0 0 0 0, -141.236646071657, -47.9995358057452, 2.16662
0 0 0 0 0, 39.2409322362724, -45.3169544203257, 2.16662
0 0 0 0 0, 46.854737343435, -57.17493159238, 2.16662
0 0 0 0 0, 203.31514175718, -49.5689699198803, 2.16662
0 0 0 0 0, 248.508945324042, -42.7760156321755, 2.16662
0 0 0 0 0, 306.187213201558, -51.5350688416975, 2.16662
0 0 0 0 0, -119.179832186835, -51.3815895193511, 2.16662
0 0 0 0 0, -83.5627118305576, -42.7183751553139, 2.16662
0 0 0 0 0, -71.6183269684009, -54.6436553011741, 2.16662
0 0 0 0 0, 58.8302346804447, -47.5590233085169, 2.16662
0 0 0 0 0, 139.424994153872, -47.1774037070683, 2.16662
0 0 0 0 0, 161.554895081727, -55.3453133628799, 2.16662
0 0 0 0 0, 246.619807849692, -15.923763910433, 2.16662
0 0 0 0 0, -187.176818423119, -18.6168219308764, 2.16662
0 0 0 0 0, -20.8792559415086, -7.75407001979843, 2.16662
0 0 0 0 0, 1.11831241239005, -21.5858510665862, 2.16662
0 0 0 0 0, 57.2142996476801, 7.10494791739547, 2.16662
0 0 0 0 0, 218.144411372202, -3.62637164289583, 2.16662
0 0 0 0 0, 250.489508145407, -5.81227030429793, 2.16662
0 0 0 0 0, 285.966416354787, -31.3103929629343, 2.16662
0 0 0 0 0, -303.90105104921, 2.19381083883097, 2.16662
0 0 0 0 0, -212.624261371022, -3.18812705554193, 2.16662
0 0 0 0 0, -135.806067737013, 2.5344130549188, 2.16662
0 0 0 0 0, 10.8668072790472, 9.86737303804787, 2.16662
0 0 0 0 0, 238.552090920861, 8.2731431536154, 2.16662
0 0 0 0 0, 244.250516933415, 14.4948594636445, 2.16662
0 0 0 0 0, 311.064902877487, 45.1803477482719, 2.16662
0 0 0 0 0, -241.557535212783, 25.9023516581977, 2.16662
0 0 0 0 0, -117.203234962252, 16.9577768702645, 2.16662
0 0 0 0 0, 34.5797845169812, 45.1945273841775, 2.16662
0 0 0 0 0, 72.7238887339119, 9.88124815425367, 2.16662
0 0 0 0 0, 96.5103993644251, 0.6949273647904, 2.16662
0 0 0 0 0, 244.421749617123, 25.2213471196157, 2.16662
0 0 0 0 0, 295.902708602768, 50.820982246268, 2.16662
0 0 0 0 0, -212.522242475974, 47.7445925146842, 2.16662
0 0 0 0 0, -132.428169705398, 42.5062989009527, 2.16662
0 0 0 0 0, -54.1375301404065, 47.5686082267043, 2.16662
0 0 0 0 0, -34.4282815155087, 46.8484268630099, 2.16662
0 0 0 0 0, 104.963932261013, 24.0218705012138, 2.16662
0 0 0 0 0, 160.005783416537, 72.5131499285578, 2.16662
0 0 0 0 0, 236.466856587301, 22.977649829458, 2.16662
0 0 0 0 0, -256.549322045611, 60.7007901530552, 2.16662
0 0 0 0 0, -40.7397909729267, 71.4625997139605, 2.16662
0 0 0 0 0, 78.0043699147079, 51.6041266547242, 2.16662
0 0 0 0 0, 132.585744266676, 96.7185763751061, 2.16662
0 0 0 0 0, 199.046526939143, 62.5593404803879, 2.16662
0 0 0 0 0, 224.200706720123, 108.222916807235, 2.16662
0 0 0 0 0, 278.025291524271, 105.455946939738, 2.16662
0 0 0 0 0, -299.513357708851, 111.121901990406, 2.16662
0 0 0 0 0, -232.828832672639, 84.8247360970434, 2.16662
0 0 0 0 0, 54.758355973319, 58.6619946202735, 2.16662
0 0 0 0 0, 40.1375215861921, 73.0938547948074, 2.16662
0 0 0 0 0, 91.3638370371336, 103.494278406278, 2.16662
0 0 0 0 0, 75.8515971080363, 43.3675258135798, 2.16662
0 0 0 0 0, 194.618913201415, 83.2130575859041, 2.16662
0 0 0 0 0, -212.424431229758, 104.794278789053, 2.16662
0 0 0 0 0, -163.217838960112, 155.867749981853, 2.16662
0 0 0 0 0, -101.145405951392, 132.012256255189, 2.16662
0 0 0 0 0, -45.364355166076, 81.9158036004877, 2.16662
0 0 0 0 0, -8.53772200964512, 101.623398258179, 2.16662
0 0 0 0 0, 5.09978991351318, 119.312491871313, 2.16662
0 0 0 0 0, 20.8823807432068, 139.142802004987, 2.16662
0 0 0 0 0, -265.695390757697, 136.480674724615, 2.16662
0 0 0 0 0, -234.89644443909, 162.586125776417, 2.16662
0 0 0 0 0, -224.201844162806, 129.217184078915, 2.16662
0 0 0 0 0, -96.5976349032077, 163.767259039242, 2.16662
0 0 0 0 0, 51.1771349588869, 179.189822396268, 2.16662
0 0 0 0 0, 68.6646834133705, 158.256487599186, 2.16662
0 0 0 0 0, 283.856530269738, 126.760466926433, 2.16662
0 0 0 0 0, -214.804170591029, 166.229819955053, 2.16662
0 0 0 0 0, 20.0332084611732, 182.850009287548, 2.16662
0 0 0 0 0, 52.1064275925227, 186.706492755756, 2.16662
0 0 0 0 0, 109.779552352434, 213.204513148675, 2.16662
0 0 0 0 0, 151.496194077447, 203.028542558477, 2.16662
0 0 0 0 0, 155.667172828408, 222.253799202614, 2.16662
0 0 0 0 0, 194.906323439493, 221.666657202555, 2.16662
0 0 0 0 0, -6.06538890494766, 211.653222514005, 2.16662
0 0 0 0 0, 98.7731347789122, 244.714151867468, 2.16662
0 0 0 0 0, 94.3049343493024, 256.156773594455, 2.16662
0 0 0 0 0, 130.53632951756, 213.975008940731, 2.16662
0 0 0 0 0, 178.831441677823, 230.694187207639, 2.16662
0 0 0 0 0, 196.31249507423, 244.168670025803, 2.16662
0 0 0 0 0, 188.612483309819, 239.325817573931, 2.16662
0 0 0 0 0, -253.811869935684, 198.130972486056, 2.16662
0 0 0 0 0, -250.701285481717, 185.466193261, 2.16662
0 0 0 0 0, -267.106990863766, 147.921062890008, 2.16662
0 0 0 0 0, -283.374176728875, 114.032209585812, 2.16662
0 0 0 0 0, -241.472937845358, 177.991475678988, 2.16662
0 0 0 0 0, -224.634932602437, 204.926756266412, 2.16662
0 0 0 0 0, -243.793918441521, 168.202703918178, 2.16662
0 0 0 0 0, -267.149743228736, 111.689718635938, 2.16662
0 0 0 0 0, -247.595631097332, 141.725522779117, 2.16662
0 0 0 0 0, -267.788903453272, 104.014605125244, 2.16662
0 0 0 0 0, -195.374573056808, 216.513286619252, 2.16662
0 0 0 0 0, -246.308411439808, 131.992972901112, 2.16662
0 0 0 0 0, -180.810321660347, 239.942840314054, 2.16662
0 0 0 0 0, -168.390542657785, 254.199693029171, 2.16662
0 0 0 0 0, -249.021569694824, 112.354167192775, 2.16662
0 0 0 0 0, -227.741003390422, 145.983890866265, 2.16662
0 0 0 0 0, -297.95528817705, 23.4729369108347, 2.16662
0 0 0 0 0, -178.263435996715, 218.730374268872, 2.16662
0 0 0 0 0, -194.804695367841, 189.047393851368, 2.16662
0 0 0 0 0, -247.917761519545, 101.121502849284, 2.16662
0 0 0 0 0, -171.823301974842, 226.269773114647, 2.16662
0 0 0 0 0, -257.875803355776, 79.0393188920206, 2.16662
0 0 0 0 0, -154.79084368507, 248.376580764445, 2.16662
0 0 0 0 0, -310.831437959895, -10.4207183725513, 2.16662
0 0 0 0 0, -306.134165928041, -4.81683506431412, 2.16662
0 0 0 0 0, -195.485190986265, 177.450538710671, 2.16662
0 0 0 0 0, -289.595494218985, 20.9457151691316, 2.16662
0 0 0 0 0, -124.438314192844, 293.203183705456, 2.16662
0 0 0 0 0, -131.932984881744, 274.466864668903, 2.16662
0 0 0 0 0, -312.981796011655, -27.8423117032793, 2.16662
0 0 0 0 0, -170.26466657988, 202.176799475916, 2.16662
0 0 0 0 0, -312.820025552963, -35.7941692369045, 2.16662
0 0 0 0 0, -132.505623366999, 257.776463260919, 2.16662
0 0 0 0 0, -107.422539198309, 296.969545003353, 2.16662
0 0 0 0 0, -170.211728312779, 189.145960744203, 2.16662
0 0 0 0 0, -248.659982733201, 53.9554371222538, 2.16662
0 0 0 0 0, -103.885696198125, 287.212311341773, 2.16662
0 0 0 0 0, -147.566054988655, 214.191101492223, 2.16662
0 0 0 0 0, -217.446680991128, 98.6385694230882, 2.16662
0 0 0 0 0, -134.17932919755, 233.791677352026, 2.16662
0 0 0 0 0, -165.650221264566, 180.106604579506, 2.16662
0 0 0 0 0, -122.479307112562, 251.026466352677, 2.16662
0 0 0 0 0, -280.891824537577, -18.0146262408547, 2.16662
0 0 0 0 0, -273.581653653321, -8.11324988266094, 2.16662
0 0 0 0 0, -172.871623206607, 157.363602781766, 2.16662
0 0 0 0 0, -92.9201909930079, 287.112908723618, 2.16662
0 0 0 0 0, -292.643646922639, -45.2448687225784, 2.16662
0 0 0 0 0, -224.417345065613, 64.7599764887466, 2.16662
0 0 0 0 0, -210.876044439435, 83.2923891289066, 2.16662
0 0 0 0 0, -280.265002422141, -34.0207810787681, 2.16662
0 0 0 0 0, -124.07125624679, 213.138047924247, 2.16662
0 0 0 0 0, -247.522777235291, 9.17891750972694, 2.16662
0 0 0 0 0, -209.487263154646, 72.1089818180035, 2.16662
0 0 0 0 0, -242.063694109766, 16.4956666146774, 2.16662
0 0 0 0 0, -277.777582479463, -45.1497825297823, 2.16662
0 0 0 0 0, -249.986240234566, 0.87652373763811, 2.16662
0 0 0 0 0, -135.579924125527, 189.229177821095, 2.16662
0 0 0 0 0, -149.641305359602, 165.177565448354, 2.16662
0 0 0 0 0, -239.141362518005, 8.7296115981508, 2.16662
0 0 0 0 0, -253.509024628422, -15.7223606170978, 2.16662
0 0 0 0 0, -299.415385013608, -92.7575732331118, 2.16662
0 0 0 0 0, -111.5659089342, 217.506771596908, 2.16662
0 0 0 0 0, -68.4047055787988, 288.30849764466, 2.16662
0 0 0 0 0, -132.658419354883, 182.32986143567, 2.16662
0 0 0 0 0, -58.7476000272058, 302.718681231693, 2.16662
0 0 0 0 0, -194.580828513418, 77.5894444289584, 2.16662
0 0 0 0 0, -299.962804390265, -104.083037869316, 2.16662
0 0 0 0 0, -90.2035526904539, 240.773146307302, 2.16662
0 0 0 0 0, -78.699131089208, 257.143070507664, 2.16662
0 0 0 0 0, -101.610796364137, 217.197002168833, 2.16662
0 0 0 0 0, -300.750263886718, -113.085974188812, 2.16662
0 0 0 0 0, -125.58707234515, 173.836119945463, 2.16662
0 0 0 0 0, -93.297049194115, 218.907484257096, 2.16662
0 0 0 0 0, -79.5621400985182, 237.812365251792, 2.16662
0 0 0 0 0, -119.426766254838, 169.004204851814, 2.16662
0 0 0 0 0, -192.615582738185, 47.4611314023721, 2.16662
0 0 0 0 0, -80.4909335837357, 230.560706818787, 2.16662
0 0 0 0 0, -241.619870618277, -36.9559306897898, 2.16662
0 0 0 0 0, -39.011609911653, 294.817970435571, 2.16662
0 0 0 0 0, -132.474264510728, 139.922477897352, 2.16662
0 0 0 0 0, -246.798765204486, -49.5867358747482, 2.16662
0 0 0 0 0, -249.324481958654, -56.4249113150534, 2.16662
0 0 0 0 0, -199.322300934029, 26.1203355476005, 2.16662
0 0 0 0 0, -116.976238422783, 161.806656936204, 2.16662
0 0 0 0 0, -172.285365729276, 68.3044488272585, 2.16662
0 0 0 0 0, -183.449228506497, 47.6846713623503, 2.16662
0 0 0 0 0, -71.4270856350846, 231.018695220271, 2.16662
0 0 0 0 0, -222.744631710143, -19.8385192743279, 2.16662
0 0 0 0 0, -53.6512400914116, 256.509143753476, 2.16662
0 0 0 0 0, -175.000086070614, 51.4546193800997, 2.16662
0 0 0 0 0, -111.082808243805, 155.265220489547, 2.16662
0 0 0 0 0, -284.83131249906, -134.328482041336, 2.16662
0 0 0 0 0, -70.1629154990458, 220.138338651916, 2.16662
0 0 0 0 0, -133.914897580136, 111.210558852054, 2.16662
0 0 0 0 0, -195.684550496495, 8.88734300759246, 2.16662
0 0 0 0 0, -117.57178724465, 136.703068556354, 2.16662
0 0 0 0 0, -184.836632445808, 24.7396333044353, 2.16662
0 0 0 0 0, -154.980883497518, 73.9971648411171, 2.16662
0 0 0 0 0, -276.432020878925, -129.362502187656, 2.16662
0 0 0 0 0, -162.346658555955, 59.6409464146961, 2.16662
0 0 0 0 0, -135.576515596184, 101.318720531644, 2.16662
0 0 0 0 0, -118.313799505954, 129.433997947869, 2.16662
0 0 0 0 0, -225.137468729831, -48.8104659813949, 2.16662
0 0 0 0 0, -191.540458491625, 1.73133712066944, 2.16662
0 0 0 0 0, -59.2471105871038, 219.427084314509, 2.16662
0 0 0 0 0, -249.192066569688, -94.9790768694252, 2.16662
0 0 0 0 0, -256.390119996628, -108.822507006284, 2.16662
0 0 0 0 0, -61.8823239885152, 212.365881731359, 2.16662
0 0 0 0 0, -200.504729966722, -19.257755429666, 2.16662
0 0 0 0 0, -5.49378425519443, 301.294353917821, 2.16662
0 0 0 0 0, -212.647928760922, -40.7280613739303, 2.16662
0 0 0 0 0, -160.359454456006, 43.4896332782119, 2.16662
0 0 0 0 0, -263.356761088332, -129.581512537849, 2.16662
0 0 0 0 0, -220.089055294676, -59.4245501881853, 2.16662
0 0 0 0 0, -14.122999435896, 279.567112940553, 2.16662
0 0 0 0 0, -245.541437800763, -103.481786896838, 2.16662
0 0 0 0 0, -176.425332646879, 10.4886343698702, 2.16662
0 0 0 0 0, -135.990546009113, 74.073247594553, 2.16662
0 0 0 0 0, -103.90345737434, 124.26015692602, 2.16662
0 0 0 0 0, -5.50691288888653, 282.808268155935, 2.16662
0 0 0 0 0, -266.271913719332, -151.440862082539, 2.16662
0 0 0 0 0, 17.4578534861881, 315.770068144412, 2.16662
0 0 0 0 0, -213.865757263943, -66.5821115950304, 2.16662
0 0 0 0 0, -159.286874488354, 23.3302462650657, 2.16662
0 0 0 0 0, -107.535442667826, 100.260743384284, 2.16662
0 0 0 0 0, 17.0609129419238, 303.135489778059, 2.16662
0 0 0 0 0, -128.37616545757, 60.2236652877715, 2.16662
0 0 0 0 0, -222.26439399874, -96.9218357692712, 2.16662
0 0 0 0 0, 16.8132573112371, 292.92340510013, 2.16662
0 0 0 0 0, 6.62066331083324, 274.846133241802, 2.16662
0 0 0 0 0, -106.652456309986, 83.1650226452596, 2.16662
0 0 0 0 0, -251.819291270356, -160.59367978418, 2.16662
0 0 0 0 0, 1.02365041907688, 255.831271128978, 2.16662
0 0 0 0 0, -125.038619650498, 46.4475618047681, 2.16662
0 0 0 0 0, 16.22335455233, 278.318272869308, 2.16662
0 0 0 0 0, -249.199629877958, -172.864257014651, 2.16662
0 0 0 0 0, 0.584479541164013, 231.722165099792, 2.16662
0 0 0 0 0, -230.573852909035, -150.517023248302, 2.16662
0 0 0 0 0, -96.1118626803481, 70.8677655326319, 2.16662
0 0 0 0 0, 12.4823286890998, 248.118145094904, 2.16662
0 0 0 0 0, -193.898221853037, -92.3108423254516, 2.16662
0 0 0 0 0, -230.787715947019, -162.235334152841, 2.16662
0 0 0 0 0, 35.7763477607851, 276.457712312265, 2.16662
0 0 0 0 0, 21.7157113030909, 253.290220051631, 2.16662
0 0 0 0 0, -104.378774038444, 45.0562454615707, 2.16662
0 0 0 0 0, -218.672329772724, -148.568972335432, 2.16662
0 0 0 0 0, -128.907629623316, -2.06031678677726, 2.16662
0 0 0 0 0, 53.263423084954, 294.29252021774, 2.16662
0 0 0 0 0, -186.15538793677, -101.674354344162, 2.16662
0 0 0 0 0, -118.681954971369, 9.51418222234413, 2.16662
0 0 0 0 0, -94.115049742836, 46.310338344398, 2.16662
0 0 0 0 0, 49.475223325858, 281.648804501654, 2.16662
0 0 0 0 0, 25.2725352215041, 241.767723115855, 2.16662
0 0 0 0 0, -3.5606253984905, 191.140977913832, 2.16662
0 0 0 0 0, -179.180441068869, -98.8780466674907, 2.16662
0 0 0 0 0, 64.0911330766123, 301.24624525803, 2.16662
0 0 0 0 0, 56.4819461985756, 284.221068066766, 2.16662
0 0 0 0 0, -223.597416832912, -183.943040245107, 2.16662
0 0 0 0 0, 4.97496824370543, 192.879805904421, 2.16662
0 0 0 0 0, 16.2805021142276, 211.07206464047, 2.16662
0 0 0 0 0, -122.703126610739, -17.9462996543547, 2.16662
0 0 0 0 0, 70.1634935724432, 296.714350398274, 2.16662
0 0 0 0 0, -172.836302811691, -104.633794942376, 2.16662
0 0 0 0 0, 23.9924113407492, 211.399271995213, 2.16662
0 0 0 0 0, -114.021949225832, -15.8895438584064, 2.16662
0 0 0 0 0, -93.9884272094468, 16.4118898616989, 2.16662
0 0 0 0 0, -65.4134572654545, 60.1715415658123, 2.16662
0 0 0 0 0, -60.6438235621794, 66.5691016686677, 2.16662
0 0 0 0 0, 11.0818640332029, 183.346699574389, 2.16662
0 0 0 0 0, 69.9090147579436, 278.449046884089, 2.16662
0 0 0 0 0, -99.8317605737781, -7.25373082146629, 2.16662
0 0 0 0 0, 9.96573527251352, 173.018303082219, 2.16662
0 0 0 0 0, -128.608330280978, -58.8938413037715, 2.16662
0 0 0 0 0, -0.0802048836325072, 152.500673342112, 2.16662
0 0 0 0 0, 80.2200134607216, 282.59780223518, 2.16662
0 0 0 0 0, 89.3812484657862, 295.419891190064, 2.16662
0 0 0 0 0, -131.195596889369, -68.1108266432495, 2.16662
0 0 0 0 0, -136.482713433061, -82.0271343605744, 2.16662
0 0 0 0 0, 20.624011639233, 173.029348255474, 2.16662
0 0 0 0 0, -129.87491898145, -78.7406712613021, 2.16662
0 0 0 0 0, 40.2167480330223, 197.60845646772, 2.16662
0 0 0 0 0, 100.665853772166, 295.887528974247, 2.16662
0 0 0 0 0, -142.647738220558, -105.275973063149, 2.16662
0 0 0 0 0, 13.4100770671401, 151.677964005886, 2.16662
0 0 0 0 0, -110.142407085231, -53.9211522893026, 2.16662
0 0 0 0 0, -4.48892319830117, 115.299934466794, 2.16662
0 0 0 0 0, -41.0115964575978, 51.3806053669162, 2.16662
0 0 0 0 0, -98.7005145610277, -46.1279462527816, 2.16662
0 0 0 0 0, 99.1787683453452, 277.833855503957, 2.16662
0 0 0 0 0, 12.7331754166239, 132.425558303363, 2.16662
0 0 0 0 0, 108.462327276071, 288.158555334973, 2.16662
0 0 0 0 0, -132.833615310587, -110.064404937706, 2.16662
0 0 0 0 0, -137.990514046977, -120.380984282153, 2.16662
0 0 0 0 0, -190.604833394748, -214.851187234663, 2.16662
0 0 0 0 0, 5.07874476032974, 106.481476539232, 2.16662
0 0 0 0 0, 113.555204653765, 282.372898624904, 2.16662
0 0 0 0 0, -34.2624694719826, 35.2545778093338, 2.16662
0 0 0 0 0, 9.2115727755245, 96.3324576963987, 2.16662
0 0 0 0 0, -77.7726624305851, -48.3448818861685, 2.16662
0 0 0 0 0, 58.406095548619, 171.139747395678, 2.16662
0 0 0 0 0, 128.994960746938, 285.597731484394, 2.16662
0 0 0 0 0, 136.374963444428, 292.382642298385, 2.16662
0 0 0 0 0, -191.849552633342, -252.925937390215, 2.16662
0 0 0 0 0, -77.7468323394878, -65.0115795198335, 2.16662
0 0 0 0 0, -139.713525554469, -173.414233073592, 2.16662
0 0 0 0 0, -20.0986254671407, 23.04820948248, 2.16662
0 0 0 0 0, -70.2294652823028, -62.0331181992097, 2.16662
0 0 0 0 0, -98.7980230632439, -109.818703200189, 2.16662
0 0 0 0 0, -180.154299555355, -257.14846878624, 2.16662
0 0 0 0 0, -122.514812653129, -161.77152837278, 2.16662
0 0 0 0 0, 132.18582488064, 254.738089705231, 2.16662
0 0 0 0 0, 81.0254123190138, 171.070749955691, 2.16662
0 0 0 0 0, -83.8888064346081, -100.720765125506, 2.16662
0 0 0 0 0, 113.954786489411, 221.988098813604, 2.16662
0 0 0 0 0, -115.664571300851, -158.911718415271, 2.16662
0 0 0 0 0, 82.0498205802906, 163.857235239453, 2.16662
0 0 0 0 0, -12.9871126638597, 6.80719915469714, 2.16662
0 0 0 0 0, -169.476215837422, -255.840720610444, 2.16662
0 0 0 0 0, 136.850506807805, 247.022836848487, 2.16662
0 0 0 0 0, -159.625134277159, -246.066524774362, 2.16662
0 0 0 0 0, -17.2439092008968, -15.3910856558318, 2.16662
0 0 0 0 0, -158.866473026566, -254.233320376099, 2.16662
0 0 0 0 0, 39.3883802481288, 63.8766407462502, 2.16662
0 0 0 0 0, -68.4672210508723, -114.799601299711, 2.16662
0 0 0 0 0, -42.2978923430251, -75.8216461445691, 2.16662
0 0 0 0 0, -132.717413005016, -229.32297885921, 2.16662
0 0 0 0 0, -122.154753016673, -212.079232541807, 2.16662
0 0 0 0 0, -72.5319896963727, -130.00635522858, 2.16662
0 0 0 0 0, -138.836175488085, -248.132197433191, 2.16662
0 0 0 0 0, -47.6740148736814, -99.4997873303562, 2.16662
0 0 0 0 0, -79.3775983620554, -153.029478223364, 2.16662
0 0 0 0 0, -41.9828037429583, -93.890323352195, 2.16662
0 0 0 0 0, 24.294664274915, 14.780168576319, 2.16662
0 0 0 0 0, 159.850020837113, 234.060377893829, 2.16662
0 0 0 0 0, 23.3662606318524, 6.60832338043615, 2.16662
0 0 0 0 0, -111.064307421131, -226.046572871184, 2.16662
0 0 0 0 0, -113.520674745758, -234.31078124917, 2.16662
0 0 0 0 0, 132.194415193288, 169.295142315881, 2.16662
0 0 0 0 0, 39.9616102333801, 17.8755524031302, 2.16662
0 0 0 0 0, 35.900288344419, 2.58482242216998, 2.16662
0 0 0 0 0, -23.26994190518, -98.9781519740616, 2.16662
0 0 0 0 0, 42.8731810460889, 7.07223397224893, 2.16662
0 0 0 0 0, 57.4209401192295, 21.5640921622794, 2.16662
0 0 0 0 0, 150.885770219284, 174.414466598233, 2.16662
0 0 0 0 0, 68.4564481474223, 39.1689740236401, 2.16662
0 0 0 0 0, 129.491125556235, 138.633816839416, 2.16662
0 0 0 0 0, -108.640276348312, -255.633690480066, 2.16662
0 0 0 0 0, 163.661465814773, 185.833072787992, 2.16662
0 0 0 0 0, 75.1650696282509, 35.3125986263796, 2.16662
0 0 0 0 0, 188.231627275522, 217.112857623619, 2.16662
0 0 0 0 0, 132.215537514263, 125.798808139771, 2.16662
0 0 0 0 0, 181.645069128323, 202.890209600319, 2.16662
0 0 0 0 0, 122.70687237006, 106.261994660901, 2.16662
0 0 0 0 0, 140.169299243112, 131.469517440959, 2.16662
0 0 0 0 0, 132.809506344829, 117.122288262532, 2.16662
0 0 0 0 0, 125.07159404755, 97.278863653157, 2.16662
0 0 0 0 0, 190.374234597032, 203.649704050381, 2.16662
0 0 0 0 0, 186.717786978442, 179.147452313468, 2.16662
0 0 0 0 0, 16.3995518969619, -102.665476087417, 2.16662
0 0 0 0 0, 150.370827416806, 117.190323100746, 2.16662
0 0 0 0 0, 180.078003483512, 163.744977079308, 2.16662
0 0 0 0 0, 72.6865099519306, -14.9523697147708, 2.16662
0 0 0 0 0, 206.982957186502, 204.622189159814, 2.16662
0 0 0 0 0, -37.6856362195078, -200.05864226695, 2.16662
0 0 0 0 0, 78.9232235033391, -8.8027111921149, 2.16662
0 0 0 0 0, 155.825740682777, 115.085173060687, 2.16662
0 0 0 0 0, 49.2856836272866, -66.0323877841139, 2.16662
0 0 0 0 0, 187.123331776474, 158.178481292999, 2.16662
0 0 0 0 0, -5.44152038957493, -159.755600862886, 2.16662
0 0 0 0 0, 68.5427700161313, -42.9431857585009, 2.16662
0 0 0 0 0, 105.876842409492, 13.6163186784488, 2.16662
0 0 0 0 0, 162.159779513319, 103.530418713254, 2.16662
0 0 0 0 0, 207.377998687198, 177.068098660011, 2.16662
0 0 0 0 0, -13.7472162588844, -194.017201059546, 2.16662
0 0 0 0 0, 187.27260833753, 133.860884118273, 2.16662
0 0 0 0 0, -69.9575187421198, -295.007221385128, 2.16662
0 0 0 0 0, 116.203058278722, 13.658857463257, 2.16662
0 0 0 0 0, -21.5670438924617, -221.770211946284, 2.16662
0 0 0 0 0, -69.4935235808309, -302.523386363711, 2.16662
0 0 0 0 0, 43.8995085063605, -115.545775571161, 2.16662
0 0 0 0 0, -2.38120236020341, -193.326773036748, 2.16662
0 0 0 0 0, 83.2474472929499, -53.4775369608426, 2.16662
0 0 0 0 0, 38.9996500792094, -128.123465634934, 2.16662
0 0 0 0 0, 15.6060204799682, -169.612093277572, 2.16662
0 0 0 0 0, 23.5684653368192, -159.635334693309, 2.16662
0 0 0 0 0, 236.278479379432, 185.905975316546, 2.16662
0 0 0 0 0, -59.9470948706752, -305.27667901505, 2.16662
0 0 0 0 0, 3.84073498519253, -198.903655419686, 2.16662
0 0 0 0 0, 38.1876668225429, -142.852195577852, 2.16662
0 0 0 0 0, 178.239981669686, 84.3977725268893, 2.16662
0 0 0 0 0, 233.21769122324, 172.976243938619, 2.16662
0 0 0 0 0, 229.820674075234, 166.056375471371, 2.16662
0 0 0 0 0, 122.154929623141, -11.5630577056969, 2.16662
0 0 0 0 0, 81.5108428828273, -78.9963695213601, 2.16662
0 0 0 0 0, 195.659433040303, 108.064868867339, 2.16662
0 0 0 0 0, 74.3330801843906, -94.4207191728122, 2.16662
0 0 0 0 0, 252.875935560412, 197.723734221839, 2.16662
0 0 0 0 0, 49.171936814325, -137.23675917474, 2.16662
0 0 0 0 0, 140.77089667457, 12.8819606755802, 2.16662
0 0 0 0 0, 69.5587253212255, -105.09973294624, 2.16662
0 0 0 0 0, -56.7529644607618, -316.971950682341, 2.16662
0 0 0 0 0, 61.7867036765679, -120.417295533578, 2.16662
0 0 0 0 0, 43.6515255968297, -154.652785979872, 2.16662
0 0 0 0 0, 141.859995682014, 5.55336944391712, 2.16662
0 0 0 0 0, 227.898729265174, 145.571288106881, 2.16662
0 0 0 0 0, 129.053555835546, -17.1325342789566, 2.16662
0 0 0 0 0, -11.232634729141, -253.271930640173, 2.16662
0 0 0 0 0, 98.3010704923683, -71.3301340588284, 2.16662
0 0 0 0 0, 108.185426716881, -64.0474038105466, 2.16662
0 0 0 0 0, 39.2582220020473, -197.681631024182, 2.16662
0 0 0 0 0, 6.88310404663414, -235.163159304557, 2.16662
0 0 0 0 0, 15.704226830514, -220.319848750496, 2.16662
0 0 0 0 0, 81.0353944331341, -111.483483797085, 2.16662
0 0 0 0 0, 45.1462499644231, -212.603269421567, 2.16662
0 0 0 0 0, 185.765544995171, 70.0319801740189, 2.16662
0 0 0 0 0, 105.447037826699, -73.6684390293083, 2.16662
0 0 0 0 0, 98.7166244182754, -131.557998031231, 2.16662
0 0 0 0 0, 187.310425514367, 62.6997856098959, 2.16662
0 0 0 0 0, 229.874398465402, 114.241364261626, 2.16662
0 0 0 0 0, 253.288106687771, 172.389665574045, 2.16662
0 0 0 0 0, 176.343422409718, 20.7085015368754, 2.16662
0 0 0 0 0, -4.82480622237038, -258.029009699004, 2.16662
0 0 0 0 0, 265.789762625347, 111.508300152092, 2.16662
-1 0 0 0 0, 0, 0, 3.175
