0 0 0 0 0, 223.942199508994, -192.01427446609, 3.175
0 0 0 0 0, -215.569873897835, 30.2603951777072, 3.175
0 0 0 0 0, 196.355358536609, -130.072789957764, 2.16662
0 0 0 0 0, 196.33472430178, -132.613715401989, 2.16662
0 0 0 0 0, 97.3173643909082, -274.336934316058, 2.16662
0 0 0 0 0, 97.5458157695845, -276.86787550076, 2.16662
0 0 0 0 0, -119.815690160699, -264.581062828819, 2.16662
0 0 0 0 0, -119.785915682357, -267.122095744989, 2.16662
0 0 0 0 0, -227.110976649655, -132.330059637809, 2.16662
0 0 0 0 0, -227.084866684453, -134.870978921578, 2.16662
0 0 0 0 0, -192.011993185874, 136.352548189397, 2.16662
0 0 0 0 0, -192.119344733399, 138.891226242105, 2.16662
0 0 0 0 0, -92.3619237294978, 259.625075087771, 2.16662
0 0 0 0 0, -92.2905447466196, 262.164970500897, 2.16662
0 0 0 0 0, 115.791386741448, 259.414287310574, 2.16662
0 0 0 0 0, 115.866908254075, 261.954221254344, 2.16662
0 0 0 0 0, 224.23566325717, 130.452217611405, 2.16662
0 0 0 0 0, 224.247832225618, 132.99322766893, 2.16662
0 0 0 0 0, 12.5397918822358, 66.8621717212007, 2.16662
0 0 0 0 0, 13.792582491964, 69.0738304980344, 2.16662
0 0 0 0 0, -16.8267522289552, -68.3243264717492, 2.16662
0 0 0 0 0, -18.0534919445991, -70.5505092930203, 2.16662
0 0 0 0 0, 87.3495480214166, -124.903459106691, 2.16662
0 0 0 0 0, 87.2231709944796, -127.44147917842, 2.16662
0 0 0 0 0, 115.032948814253, -152.499667530876, 2.16662
0 0 0 0 0, 105.266601571231, 303.465065800318, 2.16662
0 0 0 0 0, 35.9944129549525, -239.12442752992, 2.16662
0 0 0 0 0, -120.003550995623, 153.821200856493, 2.16662
0 0 0 0 0, 35.9624842366478, 191.372198313295, 2.16662
0 0 0 0 0, -1.42205197032101, 133.052687338408, 2.16662
0 0 0 0 0, 247.405450958736, 96.2562173107628, 2.16662
0 0 0 0 0, 223.133870777692, -204.43299263154, 2.16662
0 0 0 0 0, -143.505664317077, 176.798049162595, 2.16662
0 0 0 0 0, -65.6327464534809, -123.828376853783, 2.16662
0 0 0 0 0, 23.9273278459731, -46.6346770058839, 2.16662
0 0 0 0 0, 40.2235317036193, 11.3347607807162, 2.16662
0 0 0 0 0, 137.43646278511, 121.190516768217, 2.16662
0 0 0 0 0, -172.325703439946, -7.41950521387709, 2.16662
0 0 0 0 0, 61.4065903812863, 261.09392845182, 2.16662
0 0 0 0 0, -249.791450685209, 111.979621182684, 2.16662
0 0 0 0 0, -197.339896976171, -20.7859149689406, 2.16662
0 0 0 0 0, 247.210305240328, -37.1253068558499, 2.16662
0 0 0 0 0, -53.8425074211826, -33.9132661528868, 2.16662
0 0 0 0 0, -74.399001505979, -172.50468893673, 2.16662
0 0 0 0 0, -148.476775766026, -192.509599520425, 2.16662
0 0 0 0 0, 127.116609598737, 155.974302289248, 2.16662
0 0 0 0 0, 194.426703058629, 83.8531844779657, 2.16662
0 0 0 0 0, 260.126077682139, 101.465705878226, 2.16662
0 0 0 0 0, -245.672969963607, 64.8913883132812, 2.16662
0 0 0 0 0, -122.989892515696, -78.8352603798315, 2.16662
0 0 0 0 0, 299.425490071515, -85.2260169252008, 2.16662
0 0 0 0 0, -203.022911019804, 179.867733697907, 2.16662
0 0 0 0 0, 229.131027991, 20.6112650648371, 2.16662
0 0 0 0 0, 8.15947166310258, 277.738037608008, 2.16662
0 0 0 0 0, 112.437927626693, 193.436518767421, 2.16662
0 0 0 0 0, 261.750382097168, 56.8031465347561, 2.16662
0 0 0 0 0, -63.6543766331377, -310.349980279068, 2.16662
0 0 0 0 0, -124.465414301225, -105.285374412455, 2.16662
0 0 0 0 0, -174.730609730996, 250.393491503082, 2.16662
0 0 0 0 0, 116.543458944072, -23.578540074147, 2.16662
0 0 0 0 0, 53.5210776522381, 144.528967452577, 2.16662
0 0 0 0 0, 190.520216235201, 165.06685179555, 2.16662
0 0 0 0 0, -166.777178279358, 125.404676537828, 2.16662
0 0 0 0 0, -8.39307468216195, 156.010255683286, 2.16662
0 0 0 0 0, -139.686997700505, -225.779950026534, 2.16662
0 0 0 0 0, -54.0244869104752, -47.9638517462051, 2.16662
0 0 0 0 0, 106.207540455065, 205.231398564571, 2.16662
0 0 0 0 0, -77.7448343096599, -214.419876659459, 2.16662
0 0 0 0 0, 4.1066445934195, 7.39481865981587, 2.16662
0 0 0 0 0, 298.972739990467, 68.3453207302377, 2.16662
0 0 0 0 0, 218.302323030744, 187.57221938637, 2.16662
0 0 0 0 0, 162.656807423679, 16.9655180649429, 2.16662
0 0 0 0 0, -191.470301794269, -249.061796779718, 2.16662
0 0 0 0 0, -263.358782448678, 90.5057302109656, 2.16662
0 0 0 0 0, 72.6494964133448, 137.39540477376, 2.16662
0 0 0 0 0, -172.456098895493, -34.7252982013757, 2.16662
0 0 0 0 0, -7.32210348928408, 49.6241627787107, 2.16662
0 0 0 0 0, 21.7416817900259, 292.557096091287, 2.16662
0 0 0 0 0, 245.738219786683, -149.060406580224, 2.16662
0 0 0 0 0, 5.08002520415734, 269.089812650202, 2.16662
0 0 0 0 0, -154.575151599908, 42.1910586926407, 2.16662
0 0 0 0 0, -205.576341137466, -172.99760242919, 2.16662
0 0 0 0 0, 77.926016215505, 239.039018015769, 2.16662
0 0 0 0 0, 251.96145129306, -70.8539776466007, 2.16662
0 0 0 0 0, 16.5942463581015, 122.043576317795, 2.16662
0 0 0 0 0, 79.3611538138298, -227.171021891033, 2.16662
0 0 0 0 0, 128.824001985798, -25.2130407279146, 2.16662
0 0 0 0 0, 252.477355386599, -17.7915667495438, 2.16662
0 0 0 0 0, 131.289075438571, 52.55553421561, 2.16662
0 0 0 0 0, -168.974679089248, -146.666448876545, 2.16662
0 0 0 0 0, 68.018980170939, 306.552830133419, 2.16662
0 0 0 0 0, -173.770827711743, 170.283820081215, 2.16662
0 0 0 0 0, -19.1479334921992, -237.821093137879, 2.16662
0 0 0 0 0, -172.738280159222, -159.584801158618, 2.16662
0 0 0 0 0, -8.05843591930934, -84.5007228069947, 2.16662
0 0 0 0 0, -63.7018888072551, -144.91713298265, 2.16662
0 0 0 0 0, -78.2890854566939, -122.209250423873, 2.16662
0 0 0 0 0, 211.312959428944, -160.567958823293, 2.16662
0 0 0 0 0, -99.8977011225726, -294.093935155248, 2.16662
0 0 0 0 0, -210.448174728007, 238.458623387173, 2.16662
0 0 0 0 0, 44.7617489392948, -196.392593593205, 2.16662
0 0 0 0 0, 16.8261528796834, 109.058725942466, 2.16662
0 0 0 0 0, 73.9618456075102, -108.86455590304, 2.16662
0 0 0 0 0, 28.887979037733, 309.741862165344, 2.16662
0 0 0 0 0, -135.984006545244, 233.927006832426, 2.16662
0 0 0 0 0, 60.9858065054607, -75.4804799429082, 2.16662
0 0 0 0 0, -172.226395667045, -189.766650987132, 2.16662
0 0 0 0 0, -67.6478578673363, -71.5336409525247, 2.16662
0 0 0 0 0, -195.775492135476, 10.7751989079753, 2.16662
0 0 0 0 0, 122.625197209067, 300.26027618513, 2.16662
0 0 0 0 0, -135.146459933974, 255.621840829592, 2.16662
0 0 0 0 0, -126.61607097471, -86.267220971511, 2.16662
0 0 0 0 0, -48.541963629542, -40.5930130665942, 2.16662
0 0 0 0 0, 300.624805359203, -113.847950673167, 2.16662
0 0 0 0 0, 4.97521125801529, -214.779188709845, 2.16662
0 0 0 0 0, 272.381790827228, -63.0921336690205, 2.16662
0 0 0 0 0, -78.9862178883762, 214.969650563947, 2.16662
0 0 0 0 0, -195.996284768038, -71.4642952252942, 2.16662
0 0 0 0 0, -288.612999482323, 40.6097600598648, 2.16662
0 0 0 0 0, -62.6048182346084, 251.236334627577, 2.16662
0 0 0 0 0, -271.458710590144, 53.4858897834239, 2.16662
0 0 0 0 0, -8.64338474754089, -58.7462931301587, 2.16662
0 0 0 0 0, -85.6632641469697, 146.462960782078, 2.16662
0 0 0 0 0, 111.198529624485, 72.1765940837749, 2.16662
0 0 0 0 0, -199.057902334909, -39.4071998423407, 2.16662
0 0 0 0 0, 15.0370292666133, -4.22340540275552, 2.16662
0 0 0 0 0, -228.729236335119, 100.313414244229, 2.16662
0 0 0 0 0, 275.417517352248, 167.390299446329, 2.16662
0 0 0 0 0, -123.536226387759, 65.9321671579772, 2.16662
0 0 0 0 0, -209.229438966004, 119.884250709974, 2.16662
0 0 0 0 0, -125.309424617998, 257.349523984013, 2.16662
0 0 0 0 0, -243.533560822042, 206.996761988488, 2.16662
0 0 0 0 0, 119.142802863514, 226.674952612697, 2.16662
0 0 0 0 0, -290.053261927016, 48.350055906266, 2.16662
0 0 0 0 0, -234.906762370927, -153.262950790628, 2.16662
0 0 0 0 0, 6.93247606207762, 140.092416239137, 2.16662
0 0 0 0 0, -45.1934400933264, 240.242739992203, 2.16662
0 0 0 0 0, -40.026703171829, 43.8106714897985, 2.16662
0 0 0 0 0, 41.2970927869027, 289.630371054916, 2.16662
0 0 0 0 0, 305.629500422649, -64.9263609229327, 2.16662
0 0 0 0 0, 232.130403673384, 61.0148249100518, 2.16662
0 0 0 0 0, 297.053264815596, 124.364103953556, 2.16662
0 0 0 0 0, -164.596264470284, 103.108547740767, 2.16662
0 0 0 0 0, -149.899825510782, 53.9548659601667, 2.16662
0 0 0 0 0, -165.156994454246, 7.45929355055379, 2.16662
0 0 0 0 0, -162.909147377654, -70.9624934394573, 2.16662
0 0 0 0 0, 81.8156063563883, 102.552291384989, 2.16662
0 0 0 0 0, -13.5532350808415, -24.1733533988495, 2.16662
0 0 0 0 0, -230.530258713055, -216.518264597309, 2.16662
0 0 0 0 0, -278.782055784338, 165.946681078036, 2.16662
0 0 0 0 0, -241.628209049496, 216.549190241468, 2.16662
0 0 0 0 0, -32.5800728683125, -56.000269358589, 2.16662
0 0 0 0 0, -48.7929740920064, 78.4859180079619, 2.16662
0 0 0 0 0, 162.634761632394, -244.219964806432, 2.16662
0 0 0 0 0, -163.054158888166, 268.858286300319, 2.16662
0 0 0 0 0, -58.9658137247462, -83.0804907977413, 2.16662
0 0 0 0 0, 40.2813008435568, -288.570308407528, 2.16662
0 0 0 0 0, -112.726883234102, -229.963557737499, 2.16662
0 0 0 0 0, -57.9665079435581, 260.205581562468, 2.16662
0 0 0 0 0, 266.789860925525, 85.3393229764086, 2.16662
0 0 0 0 0, 94.5272203288972, -134.070152083904, 2.16662
0 0 0 0 0, -95.234562230192, 71.5240585444505, 2.16662
0 0 0 0 0, -88.5993771658058, 121.213299450559, 2.16662
0 0 0 0 0, -238.202058258723, -208.675629440352, 2.16662
0 0 0 0 0, -82.5060074020207, 8.92300293275411, 2.16662
0 0 0 0 0, -284.411926713302, -3.00202494694163, 2.16662
0 0 0 0 0, -98.5663922017572, 214.389148910214, 2.16662
0 0 0 0 0, -272.314924652293, 79.6803044250602, 2.16662
0 0 0 0 0, 6.30432717106765, 168.963927897549, 2.16662
0 0 0 0 0, -242.950605354063, -36.5287322250528, 2.16662
0 0 0 0 0, 115.661637311794, -183.882078573103, 2.16662
0 0 0 0 0, -70.3804478955668, -193.711965292452, 2.16662
0 0 0 0 0, 148.91463053894, -120.967192975533, 2.16662
0 0 0 0 0, -17.0405978149625, -269.032658709894, 2.16662
0 0 0 0 0, 230.398373218235, -64.7901188026682, 2.16662
0 0 0 0 0, 129.061115998787, 98.4292837842835, 2.16662
0 0 0 0 0, 97.4153008989709, 151.619480121359, 2.16662
0 0 0 0 0, 290.354245827476, -47.3470376075364, 2.16662
0 0 0 0 0, -146.776971805993, -118.238904229364, 2.16662
0 0 0 0 0, -216.615783578368, -143.981386954133, 2.16662
0 0 0 0 0, 263.252753543017, -162.191913514726, 2.16662
0 0 0 0 0, 187.866324862142, 17.5433877486854, 2.16662
0 0 0 0 0, -40.3656964173666, -226.79620418043, 2.16662
0 0 0 0 0, -202.853196311844, 207.766139647565, 2.16662
0 0 0 0 0, 92.2731595488056, 170.895751448942, 2.16662
0 0 0 0 0, 199.54056700529, -86.1253351675109, 2.16662
0 0 0 0 0, -139.731375861328, -90.7478591763082, 2.16662
0 0 0 0 0, 206.701982226144, 146.253266899956, 2.16662
0 0 0 0 0, 248.563086702404, -53.3212688267904, 2.16662
0 0 0 0 0, 54.7654960099443, -125.501927587457, 2.16662
0 0 0 0 0, -168.318415006173, -18.6576306094083, 2.16662
0 0 0 0 0, -39.0378347656177, 124.237268778878, 2.16662
0 0 0 0 0, 195.551896189164, -143.485557536667, 2.16662
0 0 0 0 0, -181.493596138771, 209.004337298769, 2.16662
0 0 0 0 0, -28.9248336973647, -228.224259015875, 2.16662
0 0 0 0 0, -20.6628996134249, -313.782258413882, 2.16662
0 0 0 0 0, 135.584718440242, 84.9465315459756, 2.16662
0 0 0 0 0, 225.711286218276, 6.05420962714354, 2.16662
0 0 0 0 0, 94.4657405204989, -250.374899141323, 2.16662
0 0 0 0 0, 61.6775616658771, 291.806089347667, 2.16662
0 0 0 0 0, -202.957242298491, 188.171417961186, 2.16662
0 0 0 0 0, -199.431733119996, 123.972424777276, 2.16662
0 0 0 0 0, -69.4992899960253, 11.9759553524309, 2.16662
0 0 0 0 0, -146.913065479672, 267.376204202238, 2.16662
0 0 0 0 0, 4.57520094008995, -111.317012834876, 2.16662
0 0 0 0 0, -319.066508106547, 10.0216859255876, 2.16662
0 0 0 0 0, 156.992745617176, -163.594517723093, 2.16662
0 0 0 0 0, 197.310937230092, 47.5551032816431, 2.16662
0 0 0 0 0, -226.126890445614, 202.069211564658, 2.16662
0 0 0 0 0, 181.651763321945, -4.22339800645822, 2.16662
0 0 0 0 0, -299.392104106465, 3.60645261073594, 2.16662
0 0 0 0 0, 55.4115644645508, 279.133516078858, 2.16662
0 0 0 0 0, 199.925463911338, 12.6468530232465, 2.16662
0 0 0 0 0, -251.267967571095, 194.810720745349, 2.16662
0 0 0 0 0, -215.249421062873, 39.5807795646658, 2.16662
0 0 0 0 0, 37.5885240417123, -256.472685461922, 2.16662
0 0 0 0 0, 47.3618180088106, 211.756931212233, 2.16662
0 0 0 0 0, 132.321271724231, -98.4337767267389, 2.16662
0 0 0 0 0, 293.222595074219, -78.4667481535429, 2.16662
0 0 0 0 0, 166.602174275288, 179.171387479027, 2.16662
0 0 0 0 0, 160.134063194438, -43.7264657931372, 2.16662
0 0 0 0 0, -184.225318620755, 156.312046841969, 2.16662
0 0 0 0 0, 186.230566296556, 2.96789166687218, 2.16662
0 0 0 0 0, -45.9424324150252, -312.028718034026, 2.16662
0 0 0 0 0, 278.208155783216, -72.7225949172735, 2.16662
0 0 0 0 0, -15.3865737106182, -300.157248985243, 2.16662
0 0 0 0 0, -46.876184129764, -284.78330094989, 2.16662
0 0 0 0 0, -222.120064816478, -63.7048302007766, 2.16662
0 0 0 0 0, -65.9268580186712, -154.420405911745, 2.16662
0 0 0 0 0, -248.972066820662, 79.7032673116307, 2.16662
0 0 0 0 0, -22.0490772699709, -105.927021644791, 2.16662
0 0 0 0 0, 199.189264582728, 232.282293451283, 2.16662
0 0 0 0 0, 166.683872825268, -183.104495118442, 2.16662
0 0 0 0 0, -317.47993491368, 44.6670146855901, 2.16662
0 0 0 0 0, -169.680362345879, -202.488007363161, 2.16662
0 0 0 0 0, 198.494303399606, -175.939749904271, 2.16662
0 0 0 0 0, 76.0664666299647, 259.53051825511, 2.16662
0 0 0 0 0, 2.05391944279954, -226.027620390109, 2.16662
0 0 0 0 0, -256.122001559766, -99.5294664143707, 2.16662
0 0 0 0 0, -271.565015640526, 106.039184932089, 2.16662
0 0 0 0 0, 128.351894570077, 29.3839050225867, 2.16662
0 0 0 0 0, 76.8907065309546, -38.9720599029595, 2.16662
0 0 0 0 0, -15.3608321573066, 268.558911668522, 2.16662
0 0 0 0 0, -77.1999274660495, 58.2269697632432, 2.16662
0 0 0 0 0, -241.77398737916, -158.716942372467, 2.16662
0 0 0 0 0, -263.25185733297, -110.460362511533, 2.16662
0 0 0 0 0, -229.221207740526, -84.4729608430395, 2.16662
0 0 0 0 0, -75.6553547275935, -257.577202484927, 2.16662
0 0 0 0 0, -34.2959294910172, -251.471325588197, 2.16662
0 0 0 0 0, -111.06786829144, -303.280389827005, 2.16662
0 0 0 0 0, 61.4227098261157, -53.668737005263, 2.16662
0 0 0 0 0, -16.8510503045931, -250.71412981331, 2.16662
0 0 0 0 0, 64.3522708576132, -248.412590453173, 2.16662
0 0 0 0 0, 267.251355692778, -155.197769153885, 2.16662
0 0 0 0 0, 189.799671408523, -223.719868105704, 2.16662
0 0 0 0 0, 194.997726245698, -167.046253330922, 2.16662
0 0 0 0 0, -245.951996747322, 73.7157599103761, 2.16662
0 0 0 0 0, -180.492755036707, 230.473365056819, 2.16662
0 0 0 0 0, -251.195715205348, 55.0287671490439, 2.16662
0 0 0 0 0, -146.406038891814, 184.044613109464, 2.16662
0 0 0 0 0, -160.788400089449, 32.0447775920604, 2.16662
0 0 0 0 0, -63.7457294435232, 228.817487264362, 2.16662
0 0 0 0 0, 56.5867294351635, 74.07290975449, 2.16662
0 0 0 0 0, 71.9379963370509, 257.228448315936, 2.16662
0 0 0 0 0, 0.216118412357598, 191.395161937879, 2.16662
0 0 0 0 0, 155.119299316274, 202.85267964335, 2.16662
0 0 0 0 0, 115.128653172706, 23.3931901327127, 2.16662
0 0 0 0 0, 129.098262323653, 225.661628936701, 2.16662
0 0 0 0 0, 111.886610209851, 51.160651421427, 2.16662
0 0 0 0 0, 301.871985620371, 16.2847787678499, 2.16662
0 0 0 0 0, 137.403602044372, -262.564684036037, 2.16662
0 0 0 0 0, -122.106888358475, 88.4269297716238, 2.16662
0 0 0 0 0, -62.3637773038717, 78.0335374217393, 2.16662
0 0 0 0 0, 229.720689357574, 157.802608506035, 2.16662
0 0 0 0 0, -144.430233877686, -200.715234649889, 2.16662
0 0 0 0 0, 237.048683186894, -46.0631849906228, 2.16662
0 0 0 0 0, -25.9797717697292, -30.5293007549706, 2.16662
0 0 0 0 0, -228.61557487042, 39.1798709418305, 2.16662
0 0 0 0 0, -95.4180019699366, 61.9284358309081, 2.16662
0 0 0 0 0, 182.986603158626, 127.563235084656, 2.16662
0 0 0 0 0, 175.23844936974, 162.273652448357, 2.16662
0 0 0 0 0, 223.401753161285, 179.101306074478, 2.16662
0 0 0 0 0, 43.8821979567609, 319.374068243449, 2.16662
0 0 0 0 0, 266.066655969435, -182.64379148772, 2.16662
0 0 0 0 0, -121.38257652534, -154.916233591054, 2.16662
0 0 0 0 0, -98.6378071467113, -16.6635329085569, 2.16662
0 0 0 0 0, -23.875768534417, -5.80451024076653, 2.16662
0 0 0 0 0, -24.3736102395856, 24.5370083045157, 2.16662
0 0 0 0 0, -93.5995048976643, 96.2063346273706, 2.16662
0 0 0 0 0, -16.3125330727483, 107.582732683015, 2.16662
0 0 0 0 0, -71.8936287496848, 143.188304070641, 2.16662
0 0 0 0 0, 222.608686913236, 141.391553330369, 2.16662
0 0 0 0 0, 249.852483383224, 138.195694811903, 2.16662
0 0 0 0 0, 149.619800394272, 170.960470359737, 2.16662
0 0 0 0 0, -81.7573324900676, -297.213905817051, 2.16662
0 0 0 0 0, -76.6174286145093, -302.996905278242, 2.16662
0 0 0 0 0, -74.9593386372367, -275.799558091684, 2.16662
0 0 0 0 0, -67.1433625123722, -303.463475705913, 2.16662
0 0 0 0 0, -41.9497633204262, -295.963490039872, 2.16662
0 0 0 0 0, -70.8071147057244, -293.554875349934, 2.16662
0 0 0 0 0, -16.7698594748733, -256.324356327057, 2.16662
0 0 0 0 0, -8.14942161982033, -311.424906849389, 2.16662
0 0 0 0 0, -12.020526996656, -282.498803932804, 2.16662
0 0 0 0 0, -5.21661047714581, -237.653913320998, 2.16662
0 0 0 0 0, -16.228588634805, -291.512994674004, 2.16662
0 0 0 0 0, 45.2497010494158, -271.724474405762, 2.16662
0 0 0 0 0, 52.5072028120834, -293.033800955759, 2.16662
0 0 0 0 0, 136.784589955207, -246.030452687147, 2.16662
0 0 0 0 0, -228.286294679954, -199.252379971447, 2.16662
0 0 0 0 0, -186.097498555973, -232.877190110771, 2.16662
0 0 0 0 0, -142.399897390323, -236.913932942107, 2.16662
0 0 0 0 0, -103.837337911221, -249.703731723068, 2.16662
0 0 0 0 0, -36.3020930891693, -201.113271494775, 2.16662
0 0 0 0 0, -23.8150959393251, -199.005300451116, 2.16662
0 0 0 0 0, 0.0865814074106473, -246.066613410733, 2.16662
0 0 0 0 0, 15.2988980109065, -228.79172252726, 2.16662
0 0 0 0 0, 19.7989756450294, -243.752742820807, 2.16662
0 0 0 0 0, 70.2734541982133, -249.956950073789, 2.16662
0 0 0 0 0, 80.4139446441536, -240.72315641239, 2.16662
0 0 0 0 0, 116.633245599745, -241.087465346704, 2.16662
0 0 0 0 0, 174.203197075022, -237.473133692942, 2.16662
0 0 0 0 0, 181.72981986209, -214.629763982085, 2.16662
0 0 0 0 0, -221.439582673304, -191.711973225898, 2.16662
0 0 0 0 0, -135.590490589372, -191.413503104524, 2.16662
0 0 0 0 0, -159.616596418191, -226.280875560544, 2.16662
0 0 0 0 0, -136.223869035973, -166.001839486306, 2.16662
0 0 0 0 0, -123.838567482282, -174.582685357585, 2.16662
0 0 0 0 0, -77.8565597453536, -185.837690334992, 2.16662
0 0 0 0 0, -81.8353167598292, -163.064436634387, 2.16662
0 0 0 0 0, -2.8686630135734, -199.373817620461, 2.16662
0 0 0 0 0, 18.782046763415, -185.313214047192, 2.16662
0 0 0 0 0, 104.796013198236, -176.678797301771, 2.16662
0 0 0 0 0, 168.095680182387, -197.335184100178, 2.16662
0 0 0 0 0, 186.621098787092, -179.759250964572, 2.16662
0 0 0 0 0, 212.731969258995, -201.568039402896, 2.16662
0 0 0 0 0, 242.633558277199, -177.411352178387, 2.16662
0 0 0 0 0, -231.356133698199, -163.323368039331, 2.16662
0 0 0 0 0, -224.360101776344, -152.501595150648, 2.16662
0 0 0 0 0, -212.878927996072, -159.633218893382, 2.16662
0 0 0 0 0, -163.334332493538, -141.62676621177, 2.16662
0 0 0 0 0, -118.983370812584, -168.32673476312, 2.16662
0 0 0 0 0, -73.4006675729588, -153.722690232273, 2.16662
0 0 0 0 0, -79.2831934314663, -136.902197918488, 2.16662
0 0 0 0 0, 126.590880713892, -165.45435932573, 2.16662
0 0 0 0 0, 159.217441912197, -195.41669516445, 2.16662
0 0 0 0 0, 198.184377402097, -154.908738437014, 2.16662
0 0 0 0 0, 215.478155239207, -170.388612017492, 2.16662
0 0 0 0 0, 231.653302929885, -170.518103311192, 2.16662
0 0 0 0 0, 244.821293429602, -199.9183111597, 2.16662
0 0 0 0 0, 235.173410309822, -201.209984081152, 2.16662
0 0 0 0 0, -258.082974415247, -132.770765049772, 2.16662
0 0 0 0 0, -219.702130290288, -115.737951034068, 2.16662
0 0 0 0 0, -184.04931361547, -142.243233194704, 2.16662
0 0 0 0 0, -130.293541878649, -110.73187519134, 2.16662
0 0 0 0 0, -96.142273440532, -122.361997797166, 2.16662
0 0 0 0 0, -53.8166422198649, -127.087740217042, 2.16662
0 0 0 0 0, -52.3779956145021, -134.178333424086, 2.16662
0 0 0 0 0, -2.68723815391504, -106.355100783116, 2.16662
0 0 0 0 0, 67.2126271768769, -120.80679801635, 2.16662
0 0 0 0 0, 66.6073935464288, -112.985103351752, 2.16662
0 0 0 0 0, 99.9662221142164, -126.672448857116, 2.16662
0 0 0 0 0, 142.995000554701, -130.243205356061, 2.16662
0 0 0 0 0, 214.198432366481, -179.022992393363, 2.16662
0 0 0 0 0, 299.43008924137, -74.1049480590447, 2.16662
0 0 0 0 0, -238.959523153489, -96.4350040735218, 2.16662
0 0 0 0 0, -230.285670331203, -93.7497181425611, 2.16662
0 0 0 0 0, -139.409547914554, -73.8428205540643, 2.16662
0 0 0 0 0, -98.9863577677109, -80.8518230328131, 2.16662
0 0 0 0 0, -107.66628102379, -115.043403123248, 2.16662
0 0 0 0 0, -133.424558807818, -52.1877868245879, 2.16662
0 0 0 0 0, -50.9847366009817, -99.3318655189774, 2.16662
0 0 0 0 0, -14.5422821116951, -113.755494004341, 2.16662
0 0 0 0 0, -40.1122140069484, -66.6655183957562, 2.16662
0 0 0 0 0, 76.3775600444461, -63.9038151330942, 2.16662
0 0 0 0 0, 114.666423385415, -114.317451178762, 2.16662
0 0 0 0 0, 213.83730219314, -77.928465904314, 2.16662
0 0 0 0 0, 284.469020774729, -64.3154504583519, 2.16662
0 0 0 0 0, 311.298693591102, -54.0560437888884, 2.16662
0 0 0 0 0, -238.595828122923, -61.310221630652, 2.16662
0 0 0 0 0, -195.586838957076, -101.937190633554, 2.16662
0 0 0 0 0, -157.984776385714, -94.7971435462224, 2.16662
0 0 0 0 0, -66.7698689261883, -58.3448004022518, 2.16662
0 0 0 0 0, -36.8004415347729, -48.9454797889771, 2.16662
0 0 0 0 0, -2.02888571272762, -19.5717931941935, 2.16662
0 0 0 0 0, 71.7325741498848, -53.7942668967856, 2.16662
0 0 0 0 0, 230.815586093581, -55.2369744244339, 2.16662
0 0 0 0 0, 240.183406710584, -56.5943265705528, 2.16662
0 0 0 0 0, 260.32306929938, -46.9608076289987, 2.16662
0 0 0 0 0, 274.992334132516, -51.2864133879631, 2.16662
0 0 0 0 0, 294.48841027586, -37.8583740122605, 2.16662
0 0 0 0 0, 314.376728398356, -44.6834413727292, 2.16662
0 0 0 0 0, 241.851415914714, -18.722349238127, 2.16662
0 0 0 0 0, -240.550931942607, -51.4871114752273, 2.16662
0 0 0 0 0, -192.758337296063, -8.98037017819951, 2.16662
0 0 0 0 0, -161.727532273847, -15.3889109772444, 2.16662
0 0 0 0 0, -73.5274498800996, -51.0008349869046, 2.16662
0 0 0 0 0, -81.8130030718931, -43.5445036132597, 2.16662
0 0 0 0 0, -20.1071621884463, -15.4674169903909, 2.16662
0 0 0 0 0, -9.31216667726282, -15.4050294617823, 2.16662
0 0 0 0 0, -2.2241904167714, 12.0823047719306, 2.16662
0 0 0 0 0, 40.9056869469144, -52.7987346596762, 2.16662
0 0 0 0 0, 63.1264067754881, -22.7875641385137, 2.16662
0 0 0 0 0, 141.424542941992, -24.1771496202601, 2.16662
0 0 0 0 0, 173.957964453017, -41.930861264742, 2.16662
0 0 0 0 0, 231.243117675404, -35.5630718269021, 2.16662
0 0 0 0 0, 219.028374920926, -47.7839695268431, 2.16662
0 0 0 0 0, -307.865098336473, -3.97291972048304, 2.16662
0 0 0 0 0, -288.837947060248, -16.263023902431, 2.16662
0 0 0 0 0, -182.669135707491, -9.55863710597756, 2.16662
0 0 0 0 0, -175.843574120111, 3.45566613779956, 2.16662
0 0 0 0 0, -137.987585370045, 7.17689547321869, 2.16662
0 0 0 0 0, -153.654154499204, 22.3915223018448, 2.16662
0 0 0 0 0, -97.4142079772542, -22.9175969135685, 2.16662
0 0 0 0 0, -20.531414077878, 13.7464269793948, 2.16662
0 0 0 0 0, 7.1529119410878, 14.5150259647334, 2.16662
0 0 0 0 0, 100.913163829264, -24.3938810486369, 2.16662
0 0 0 0 0, 174.921652561784, 2.77262361555841, 2.16662
0 0 0 0 0, 192.812609398879, -5.28926253896877, 2.16662
0 0 0 0 0, 233.168345512612, 2.49587758690387, 2.16662
0 0 0 0 0, 249.10428221443, 7.22520277274263, 2.16662
0 0 0 0 0, -292.729048230029, 23.7658416396658, 2.16662
0 0 0 0 0, -195.847306778021, 15.4905921372099, 2.16662
0 0 0 0 0, -94.0363358832916, -6.05429380509201, 2.16662
0 0 0 0 0, -61.5144596829731, 35.2660275302356, 2.16662
0 0 0 0 0, -52.6718658712006, 36.3526738106318, 2.16662
0 0 0 0 0, 37.6274765679726, -14.2050405416829, 2.16662
0 0 0 0 0, 45.0635087287914, 17.8312449853365, 2.16662
0 0 0 0 0, 115.901054715868, 12.6577685734597, 2.16662
0 0 0 0 0, 141.47069191649, 7.02235103505377, 2.16662
0 0 0 0 0, 179.095862747008, 20.2580817849267, 2.16662
0 0 0 0 0, 194.179721709321, 35.9082777954188, 2.16662
0 0 0 0 0, 214.410427616585, 10.3946848500075, 2.16662
0 0 0 0 0, 214.73001864821, 18.3372086911368, 2.16662
0 0 0 0 0, 289.690076109886, 40.3441131970471, 2.16662
0 0 0 0 0, -287.48899958841, 12.8964915299205, 2.16662
0 0 0 0 0, -258.430933635026, 58.9599044813643, 2.16662
0 0 0 0 0, -252.387701286858, 44.0238085982028, 2.16662
0 0 0 0 0, -258.653685564105, 73.0748938224945, 2.16662
0 0 0 0 0, -225.786332393504, 45.947389906673, 2.16662
0 0 0 0 0, -196.400903998093, 46.5632241145897, 2.16662
0 0 0 0 0, -172.088131886601, 39.6182035625601, 2.16662
0 0 0 0 0, -165.057682462668, 48.6961877967935, 2.16662
0 0 0 0 0, -136.736654702901, 70.0626294204754, 2.16662
0 0 0 0 0, -56.3942636539042, 54.9453147686235, 2.16662
0 0 0 0 0, -49.6836999309396, 64.6875376635112, 2.16662
0 0 0 0 0, 78.0357464985473, 37.9392698753132, 2.16662
0 0 0 0 0, 162.314570465128, 60.1540507467612, 2.16662
0 0 0 0 0, 188.498319569601, 56.2764309691683, 2.16662
0 0 0 0 0, -225.46380558137, 61.7700956148609, 2.16662
0 0 0 0 0, -222.965840580282, 71.5422306323036, 2.16662
0 0 0 0 0, -253.395471600603, 101.45104148435, 2.16662
0 0 0 0 0, -111.942143281288, 72.0890591070893, 2.16662
0 0 0 0 0, -98.7777714238915, 48.5677593119421, 2.16662
0 0 0 0 0, -102.291543982442, 80.7754108474729, 2.16662
0 0 0 0 0, -58.6525415834484, 82.4675563829128, 2.16662
0 0 0 0 0, -40.0243052965511, 80.7366075042554, 2.16662
0 0 0 0 0, -19.3545219363678, 102.419457989382, 2.16662
0 0 0 0 0, 68.3915682620578, 69.3787477608168, 2.16662
0 0 0 0 0, 93.8465361524444, 92.9346037782561, 2.16662
0 0 0 0 0, 243.694229512426, 22.8592742668342, 2.16662
0 0 0 0 0, 283.490657713797, 63.4149345743274, 2.16662
0 0 0 0 0, 310.512947149196, 65.3758667319293, 2.16662
0 0 0 0 0, -255.837225591273, 123.330805307226, 2.16662
0 0 0 0 0, -240.252414233767, 129.270477111643, 2.16662
0 0 0 0 0, -200.234915619529, 53.2597935997602, 2.16662
0 0 0 0 0, -234.037746259726, 133.55525843437, 2.16662
0 0 0 0 0, -140.217892425157, 79.8378961315231, 2.16662
0 0 0 0 0, -114.540699259593, 105.781005568524, 2.16662
0 0 0 0 0, -104.187006089121, 119.337950338954, 2.16662
0 0 0 0 0, 95.5692695078894, 123.737438780463, 2.16662
0 0 0 0 0, 128.949455053496, 108.853166695534, 2.16662
0 0 0 0 0, 175.063437732408, 99.680830008141, 2.16662
0 0 0 0 0, 197.917889052567, 100.917355391019, 2.16662
0 0 0 0 0, 241.398403990435, 111.43345830139, 2.16662
0 0 0 0 0, 281.579244536401, 95.8049598750155, 2.16662
0 0 0 0 0, 275.638317081711, 76.290006564599, 2.16662
0 0 0 0 0, -223.622184405945, 140.782497582388, 2.16662
0 0 0 0 0, -216.235143564142, 142.670477649878, 2.16662
0 0 0 0 0, -218.791609490185, 167.997817747111, 2.16662
0 0 0 0 0, -189.740879125859, 175.498059651844, 2.16662
0 0 0 0 0, -137.528147285137, 125.574401026048, 2.16662
0 0 0 0 0, -103.019204747975, 126.667978201689, 2.16662
0 0 0 0 0, -12.8563132192574, 127.554142933473, 2.16662
0 0 0 0 0, -12.1015885748107, 103.987638299329, 2.16662
0 0 0 0 0, 5.77131471185289, 125.354529291638, 2.16662
0 0 0 0 0, 18.4991399748302, 140.525786390889, 2.16662
0 0 0 0 0, -10.2551478901247, 111.207491113508, 2.16662
0 0 0 0 0, 110.766102253972, 126.39825154256, 2.16662
0 0 0 0 0, 169.793902072495, 134.598037265184, 2.16662
0 0 0 0 0, 283.939639772677, 124.28266797027, 2.16662
0 0 0 0 0, -163.009692366723, 164.977497586806, 2.16662
0 0 0 0 0, -129.631706434202, 132.460163996341, 2.16662
0 0 0 0 0, -104.728194867677, 177.203969561386, 2.16662
0 0 0 0 0, -92.4716930428627, 182.47642934737, 2.16662
0 0 0 0 0, -9.92286556143, 167.640083596939, 2.16662
0 0 0 0 0, 18.5345452576982, 157.448508970475, 2.16662
0 0 0 0 0, 60.3076738415365, 154.233056873997, 2.16662
0 0 0 0 0, 92.5920900679918, 142.662994910845, 2.16662
0 0 0 0 0, 93.4404816084424, 133.012574056429, 2.16662
0 0 0 0 0, 139.165911990765, 163.962378585215, 2.16662
0 0 0 0 0, 209.017423261289, 136.99685143754, 2.16662
0 0 0 0 0, 216.002836522684, 163.635282841414, 2.16662
0 0 0 0 0, 211.629135214864, 169.477700825807, 2.16662
0 0 0 0 0, 255.134831692467, 159.216114473506, 2.16662
0 0 0 0 0, -247.417904039295, 182.702056413517, 2.16662
0 0 0 0 0, -223.947353785551, 185.893566825103, 2.16662
0 0 0 0 0, -165.149901584681, 173.175474845225, 2.16662
0 0 0 0 0, -138.846358171552, 178.247743374563, 2.16662
0 0 0 0 0, -136.631944437202, 187.211767336464, 2.16662
0 0 0 0 0, 3.21074022943488, 186.457554297332, 2.16662
0 0 0 0 0, 113.538532014691, 168.389202895386, 2.16662
0 0 0 0 0, 156.840244740434, 158.709446103187, 2.16662
0 0 0 0 0, 172.473255070854, 184.669299932064, 2.16662
0 0 0 0 0, 181.371960371034, 166.748886492009, 2.16662
0 0 0 0 0, 198.663807593546, 170.594042380158, 2.16662
0 0 0 0 0, 210.925130200819, 177.793522073646, 2.16662
0 0 0 0 0, 233.565337963211, 189.837726713859, 2.16662
0 0 0 0 0, 259.082060143946, 188.511679399659, 2.16662
0 0 0 0 0, -193.524850350419, 234.826446598324, 2.16662
0 0 0 0 0, -186.197961898084, 244.871305758179, 2.16662
0 0 0 0 0, -169.448546354524, 188.629104468111, 2.16662
0 0 0 0 0, -166.77695758953, 214.832068081022, 2.16662
0 0 0 0 0, -174.040909491356, 230.995535763062, 2.16662
0 0 0 0 0, -139.157897898492, 227.138811916, 2.16662
0 0 0 0 0, -107.584789575893, 220.774707587656, 2.16662
0 0 0 0 0, -79.1019220784219, 233.209106489389, 2.16662
0 0 0 0 0, 11.0008779744687, 200.824163026296, 2.16662
0 0 0 0 0, 45.9429863063756, 187.277688347851, 2.16662
0 0 0 0 0, 42.260567925147, 200.399241331847, 2.16662
0 0 0 0 0, 101.486030278658, 192.582175929123, 2.16662
0 0 0 0 0, 94.2876994286402, 222.040872735055, 2.16662
0 0 0 0 0, 179.001587249741, 187.893919885291, 2.16662
0 0 0 0 0, -173.288606730027, 264.099874315704, 2.16662
0 0 0 0 0, -134.564029217617, 248.661265459333, 2.16662
0 0 0 0 0, -132.738263021605, 202.393609265414, 2.16662
0 0 0 0 0, -128.745648789944, 279.212227546832, 2.16662
0 0 0 0 0, -117.468313772504, 233.84369439057, 2.16662
0 0 0 0 0, -102.446261251915, 248.549157557485, 2.16662
0 0 0 0 0, -105.281357498737, 286.496306822578, 2.16662
0 0 0 0 0, -56.0010021932013, 224.292761137693, 2.16662
0 0 0 0 0, -41.8326396014613, 231.935183508256, 2.16662
0 0 0 0 0, -25.326016404263, 234.467087952736, 2.16662
0 0 0 0 0, 118.995456734724, 238.462513055925, 2.16662
0 0 0 0 0, 124.26500433793, 255.29948370043, 2.16662
0 0 0 0 0, 121.583824334645, 267.496775184529, 2.16662
0 0 0 0 0, 174.5966233961, 263.56320997625, 2.16662
0 0 0 0 0, -91.9519190365484, 242.90250756671, 2.16662
0 0 0 0 0, -71.2063262544276, 292.706347362527, 2.16662
0 0 0 0 0, -19.9487502250796, 251.745732393277, 2.16662
0 0 0 0 0, -16.4874170006234, 286.223809198591, 2.16662
0 0 0 0 0, -3.4949792963315, 291.252051418948, 2.16662
0 0 0 0 0, -14.0997062714961, 300.049128202452, 2.16662
0 0 0 0 0, 37.1675119430973, 306.614140010973, 2.16662
0 0 0 0 0, 47.8234748376154, 298.986900456021, 2.16662
0 0 0 0 0, 78.1017291299468, 290.10680378295, 2.16662
0 0 0 0 0, 17.0675193761159, 242.868011406788, 2.16662
0 0 0 0 0, 105.885591906839, 292.62317970579, 2.16662
0 0 0 0 0, 26.8556602776703, 227.775046496998, 2.16662
0 0 0 0 0, 119.359278840917, 290.800732115883, 2.16662
0 0 0 0 0, -1.84168916314422, 309.585394929048, 2.16662
0 0 0 0 0, 187.814721078578, -256.517172483114, 2.16662
0 0 0 0 0, 178.51258438286, -259.842770146353, 2.16662
0 0 0 0 0, 177.824902862311, -252.110710582752, 2.16662
0 0 0 0 0, 182.131099631132, -240.698204910379, 2.16662
0 0 0 0 0, 186.027620018393, -200.497462271333, 2.16662
0 0 0 0 0, 138.416430380864, -284.007024415009, 2.16662
0 0 0 0 0, 189.320265698182, -189.170015862345, 2.16662
0 0 0 0 0, 171.431829964928, -220.147481339942, 2.16662
0 0 0 0 0, 130.649498087921, -286.391835384524, 2.16662
0 0 0 0 0, 316.456093017215, 44.7853247029372, 2.16662
0 0 0 0 0, 104.283708642715, -303.541381847707, 2.16662
0 0 0 0 0, 302.202156062272, 48.3728102194008, 2.16662
0 0 0 0 0, 105.748168504399, -289.549305537556, 2.16662
0 0 0 0 0, 100.57532088061, -296.688677615012, 2.16662
0 0 0 0 0, 139.166286288281, -221.088832899908, 2.16662
0 0 0 0 0, 102.48022485861, -282.898580608355, 2.16662
0 0 0 0 0, 129.506071998312, -220.581744626753, 2.16662
0 0 0 0 0, 80.5286649491307, -298.159125672705, 2.16662
0 0 0 0 0, 73.9015386335061, -310.116773951433, 2.16662
0 0 0 0 0, 77.9309943409099, -289.045716587941, 2.16662
0 0 0 0 0, 126.715196306186, -193.877015248124, 2.16662
0 0 0 0 0, 201.47634940852, -63.5302604877281, 2.16662
0 0 0 0 0, 280.27008729878, 70.0997510412426, 2.16662
0 0 0 0 0, 119.537982035084, -200.204587809309, 2.16662
0 0 0 0 0, 299.334953457026, 105.835493419116, 2.16662
0 0 0 0 0, 103.256328141305, -224.07179906872, 2.16662
0 0 0 0 0, 124.930156485061, -173.888172492316, 2.16662
0 0 0 0 0, 179.130062450367, -76.963517038842, 2.16662
0 0 0 0 0, 201.622951431783, -38.118558246428, 2.16662
0 0 0 0 0, 181.959427285409, -70.1684627452848, 2.16662
0 0 0 0 0, 290.447297787783, 111.173145193273, 2.16662
0 0 0 0 0, 97.6831931551179, -212.600844039306, 2.16662
0 0 0 0 0, 100.992530978938, -193.090441465688, 2.16662
0 0 0 0 0, 199.567818916206, -19.2659830063846, 2.16662
0 0 0 0 0, 54.6667481293023, -271.974891609379, 2.16662
0 0 0 0 0, 184.566585340755, -37.3893439090915, 2.16662
0 0 0 0 0, 190.700042826668, -18.5813592347928, 2.16662
0 0 0 0 0, 281.824170302234, 131.858419990506, 2.16662
0 0 0 0 0, 275.336694974758, 122.062798098787, 2.16662
0 0 0 0 0, 58.9846218231292, -242.485150588375, 2.16662
0 0 0 0 0, 54.058026420485, -236.208628128413, 2.16662
0 0 0 0 0, 15.6126276970536, -297.548391211204, 2.16662
0 0 0 0 0, 105.09526617897, -117.175908507948, 2.16662
0 0 0 0 0, 129.925777255577, -72.7123477118778, 2.16662
0 0 0 0 0, 1.60876962094354, -291.899419713388, 2.16662
0 0 0 0 0, 157.850798862101, -4.08898414968224, 2.16662
0 0 0 0 0, 107.931591002838, -82.5929920487177, 2.16662
0 0 0 0 0, 181.48476670489, 42.9814237879844, 2.16662
0 0 0 0 0, -3.83507290565286, -282.428812950074, 2.16662
0 0 0 0 0, 130.280437484106, -42.6660025492733, 2.16662
0 0 0 0 0, 95.288403630186, -102.745261351118, 2.16662
0 0 0 0 0, 74.476189331509, -138.980173619652, 2.16662
0 0 0 0 0, 96.0288574678763, -94.6780029202644, 2.16662
0 0 0 0 0, 13.7679469867458, -236.322922723917, 2.16662
0 0 0 0 0, 184.9163900999, 62.6080960127419, 2.16662
0 0 0 0 0, 210.951179763511, 107.122731611249, 2.16662
0 0 0 0 0, 99.7890312837902, -79.3449551624236, 2.16662
0 0 0 0 0, 108.821418675517, -50.0434368342772, 2.16662
0 0 0 0 0, 134.160131448509, -5.83989644080369, 2.16662
0 0 0 0 0, 77.9813250480211, -96.5578129563106, 2.16662
0 0 0 0 0, 174.434622103984, 67.7384620650896, 2.16662
0 0 0 0 0, 63.7086917602929, -98.6468135184985, 2.16662
0 0 0 0 0, 99.2674894561826, -36.7239886488997, 2.16662
0 0 0 0 0, 56.7693327155877, -101.577553535227, 2.16662
0 0 0 0 0, 13.9610983709999, -175.865175544448, 2.16662
0 0 0 0 0, -41.283365350762, -273.786215775866, 2.16662
0 0 0 0 0, 36.8208784186866, -121.924816396866, 2.16662
0 0 0 0 0, -1.20451371333816, -172.523820476399, 2.16662
0 0 0 0 0, 98.7076966916162, 6.59634234514322, 2.16662
0 0 0 0 0, -0.455362690234227, -164.576698028151, 2.16662
0 0 0 0 0, 193.80134054206, 176.494241037499, 2.16662
0 0 0 0 0, -7.13177603543553, -161.091761504362, 2.16662
0 0 0 0 0, 50.4334178446336, -53.907523903572, 2.16662
0 0 0 0 0, -1.13016406342808, -142.394047115439, 2.16662
0 0 0 0 0, 68.9346241755597, -14.5794886903345, 2.16662
0 0 0 0 0, 52.9091643812389, -40.010665585364, 2.16662
0 0 0 0 0, 4.00524887130416, -122.936619446478, 2.16662
0 0 0 0 0, -9.18726137808748, -141.530791730704, 2.16662
0 0 0 0 0, -9.3591965988452, -133.280546045418, 2.16662
0 0 0 0 0, -35.270644161877, -179.59004907264, 2.16662
0 0 0 0 0, 70.9135169055367, 10.6196837963115, 2.16662
0 0 0 0 0, 54.6730306201265, 1.93482170221558, 2.16662
0 0 0 0 0, 46.994413146145, -9.57735360473759, 2.16662
0 0 0 0 0, -45.1186826157602, -166.262752874971, 2.16662
0 0 0 0 0, -113.149740186283, -257.415458081831, 2.16662
0 0 0 0 0, 57.0924268169653, 49.1650898545913, 2.16662
0 0 0 0 0, 61.6694986027492, 59.8746365608576, 2.16662
0 0 0 0 0, -130.005817040494, -260.551300519186, 2.16662
0 0 0 0 0, -43.8691063602613, -96.0239343165551, 2.16662
0 0 0 0 0, 38.6353603577653, 53.7540083462108, 2.16662
0 0 0 0 0, -134.555860021714, -241.487022059335, 2.16662
0 0 0 0 0, -140.342157459725, -245.969967824525, 2.16662
0 0 0 0 0, -64.553442847309, -107.307983938244, 2.16662
0 0 0 0 0, 34.2983284700818, 75.276890260012, 2.16662
0 0 0 0 0, -99.3617743076132, -151.74630176807, 2.16662
0 0 0 0 0, -104.300124205551, 4.07663721868811, 2.16662
0 0 0 0 0, 59.8939227431426, 162.360124016484, 2.16662
0 0 0 0 0, -100.533708612924, -35.0729365830239, 2.16662
0 0 0 0 0, -237.53092312163, 25.3649432323118, 2.16662
0 0 0 0 0, -246.416009162303, -135.798033803026, 2.16662
0 0 0 0 0, -128.804021672544, 189.10332784813, 2.16662
0 0 0 0 0, 60.3906969698183, 171.409838314089, 2.16662
0 0 0 0 0, -97.9281980844121, -108.932681488795, 2.16662
0 0 0 0 0, -108.66489993426, -132.829222365732, 2.16662
-1 0 0 0 0, 0, 0, 3.175
