0 0 0 0 0, -30.1616597164491, 199.125611479806, 3.175
0 0 0 0 0, 260.277858518507, 185.195324354143, 3.175
0 0 0 0 0, -298.726591491279, -50.2506104554405, 3.175
0 0 0 0 0, 45.8064668791099, -204.481552442674, 3.175
0 0 0 0 0, -128.719497523426, 95.2416744810453, 3.175
0 0 0 0 0, 201.468571864373, -131.670058081071, 2.16662
0 0 0 0 0, 201.480537145446, -134.211027716413, 2.16662
0 0 0 0 0, 92.3203316004878, -265.559730147479, 2.16662
0 0 0 0 0, 92.3700130094863, -268.100237021326, 2.16662
0 0 0 0 0, -123.197996363526, -265.73039460631, 2.16662
0 0 0 0 0, -123.144817327747, -268.271103783007, 2.16662
0 0 0 0 0, -227.151403893684, -126.32875507115, 2.16662
0 0 0 0 0, -227.247626657211, -128.867966757375, 2.16662
0 0 0 0 0, -199.799253982418, 127.445628717295, 2.16662
0 0 0 0 0, -199.725076698071, 129.985583414939, 2.16662
0 0 0 0 0, -93.4984847249389, 259.773569782153, 2.16662
0 0 0 0 0, -93.4301377126231, 262.313554977176, 2.16662
0 0 0 0 0, 121.362565305716, 263.019517222067, 2.16662
0 0 0 0 0, 121.364627661982, 265.560702528023, 2.16662
0 0 0 0 0, 230.947919268115, 136.761562560099, 2.16662
0 0 0 0 0, 230.831518346651, 139.299978260803, 2.16662
0 0 0 0 0, 12.0673792904569, 63.7204919980237, 2.16662
0 0 0 0 0, 13.3755237679773, 65.8999001247243, 2.16662
0 0 0 0 0, -9.28514284008037, -64.864837723928, 2.16662
0 0 0 0 0, -10.5732291317854, -67.056159433595, 2.16662
0 0 0 0 0, 95.5042405380367, -130.573810079127, 2.16662
0 0 0 0 0, 95.4934496169504, -133.114856737754, 2.16662
0 0 0 0 0, 24.0899812771691, 227.851857563441, 2.16662
0 0 0 0 0, -280.970645231444, -147.37706372909, 2.16662
0 0 0 0 0, -100.973820347165, -256.497875093224, 2.16662
0 0 0 0 0, -76.4278650465737, -124.322340421724, 2.16662
0 0 0 0 0, 130.559183965837, 184.611941193822, 2.16662
0 0 0 0 0, -129.278281934734, -37.8591462155197, 2.16662
0 0 0 0 0, 185.615771045718, 150.124291933136, 2.16662
0 0 0 0 0, 92.9956732416416, 47.6897258279086, 2.16662
0 0 0 0 0, 79.049375424426, -148.878325763878, 2.16662
0 0 0 0 0, -7.91146502655982, -302.227972274655, 2.16662
0 0 0 0 0, 273.029064034462, -162.880849890137, 2.16662
0 0 0 0 0, -2.53381864981726, 195.743561803577, 2.16662
0 0 0 0 0, -234.787886927987, 145.322810330363, 2.16662
0 0 0 0 0, -70.6636775819094, -81.4273319878764, 2.16662
0 0 0 0 0, 258.245060948816, -91.6084302883699, 2.16662
0 0 0 0 0, 174.391759995294, -6.55381243179432, 2.16662
0 0 0 0 0, 123.362614976902, -158.728205854477, 2.16662
0 0 0 0 0, -72.6580140031077, 175.262807663014, 2.16662
0 0 0 0 0, 134.247209810408, -1.4847981142806, 2.16662
0 0 0 0 0, -153.607223347382, 77.473765668725, 2.16662
0 0 0 0 0, 80.4641359570634, 85.0938840927518, 2.16662
0 0 0 0 0, -13.1598464917529, -80.8324473003811, 2.16662
0 0 0 0 0, 6.52059676908013, 113.924450718487, 2.16662
0 0 0 0 0, 28.4859425872301, -251.94234848826, 2.16662
0 0 0 0 0, 1.7312494173336, 163.035490328572, 2.16662
0 0 0 0 0, 209.936362805913, -244.687082460146, 2.16662
0 0 0 0 0, -90.4530723038391, 128.198667765861, 2.16662
0 0 0 0 0, -73.285229940396, -93.8473480929146, 2.16662
0 0 0 0 0, -186.841265975157, -169.418791634854, 2.16662
0 0 0 0 0, 150.494140893046, -242.305765798396, 2.16662
0 0 0 0 0, -76.5808390739386, 93.5081726027592, 2.16662
0 0 0 0 0, 209.053850564266, 50.2389755739722, 2.16662
0 0 0 0 0, -292.035553479784, 19.4465636335082, 2.16662
0 0 0 0 0, -7.45520059266668, 188.008843521064, 2.16662
0 0 0 0 0, 141.363510796539, -281.770982728583, 2.16662
0 0 0 0 0, -7.43870567490632, -123.198421049597, 2.16662
0 0 0 0 0, -94.8847418447867, 1.51148669621102, 2.16662
0 0 0 0 0, -119.926982683971, 237.102372512839, 2.16662
0 0 0 0 0, 204.163998184976, -60.5830986872186, 2.16662
0 0 0 0 0, -192.197528988539, 201.587577082132, 2.16662
0 0 0 0 0, -179.363834918544, -184.899805155464, 2.16662
0 0 0 0 0, -244.229246110304, 173.346593088904, 2.16662
0 0 0 0 0, -49.1610246536768, -140.418784490114, 2.16662
0 0 0 0 0, -256.875268927556, -186.111472161619, 2.16662
0 0 0 0 0, -115.189570814818, -5.17892694262261, 2.16662
0 0 0 0 0, 38.1448138004109, 144.29070667589, 2.16662
0 0 0 0 0, 100.948746611309, 270.317666187239, 2.16662
0 0 0 0 0, -178.321015240721, 25.2936325528031, 2.16662
0 0 0 0 0, -45.1543695493619, -294.393715693477, 2.16662
0 0 0 0 0, 173.233675153502, -124.14792498303, 2.16662
0 0 0 0 0, 105.539530640012, -208.76823950034, 2.16662
0 0 0 0 0, 245.7072503267, -13.7913016270828, 2.16662
0 0 0 0 0, -133.114275588593, 50.2630511743992, 2.16662
0 0 0 0 0, 320.426970339992, 22.3391981997054, 2.16662
0 0 0 0 0, -37.0954926340904, 56.2658623754688, 2.16662
0 0 0 0 0, -247.810486319485, 143.251090849571, 2.16662
0 0 0 0 0, 152.385659827852, -114.415335409193, 2.16662
0 0 0 0 0, 219.209842092676, -237.227744359291, 2.16662
0 0 0 0 0, -6.90756371303085, -210.51250886048, 2.16662
0 0 0 0 0, 13.6244112577011, -263.388748580431, 2.16662
0 0 0 0 0, -189.423211206068, -44.8093210808602, 2.16662
0 0 0 0 0, -87.1774309528004, -32.2058222094497, 2.16662
0 0 0 0 0, -274.471935000342, -129.934331408938, 2.16662
0 0 0 0 0, 266.169014603565, -46.4500355687533, 2.16662
0 0 0 0 0, -51.32769950615, 110.716056917762, 2.16662
0 0 0 0 0, 55.525360111252, 90.5549273430211, 2.16662
0 0 0 0 0, -202.184637173275, 250.817639639279, 2.16662
0 0 0 0 0, 46.1403422723384, -0.075936538907052, 2.16662
0 0 0 0 0, 24.1550817024355, -262.461351530663, 2.16662
0 0 0 0 0, -37.7177229147754, -107.622773330213, 2.16662
0 0 0 0 0, -67.2546017118638, -199.040979687375, 2.16662
0 0 0 0 0, 226.134550846753, -145.829125317501, 2.16662
0 0 0 0 0, -241.828392872936, -18.2719796407341, 2.16662
0 0 0 0 0, 243.276624790218, 104.416470176609, 2.16662
0 0 0 0 0, 131.939955677685, -84.7790303708677, 2.16662
0 0 0 0 0, -187.567965705317, 89.3485088705714, 2.16662
0 0 0 0 0, 153.284094360786, -172.958098994492, 2.16662
0 0 0 0 0, 34.5136764182362, -14.9828775062034, 2.16662
0 0 0 0 0, 187.763070677336, 108.40949528345, 2.16662
0 0 0 0 0, 119.184080722736, -56.2762220342709, 2.16662
0 0 0 0 0, 198.064742570769, -252.443536143499, 2.16662
0 0 0 0 0, 56.6382509188209, -213.585122012769, 2.16662
0 0 0 0 0, -311.210257565333, 62.419060041938, 2.16662
0 0 0 0 0, -124.019984897366, 137.198935058638, 2.16662
0 0 0 0 0, -131.513849803504, 185.605079354977, 2.16662
0 0 0 0 0, 122.947810036572, 102.215784097754, 2.16662
0 0 0 0 0, -153.981923827986, -110.626928851743, 2.16662
0 0 0 0 0, -240.907303721675, -186.206749151115, 2.16662
0 0 0 0 0, -109.132530199988, -152.596889905085, 2.16662
0 0 0 0 0, 56.2228733214464, 47.391938471689, 2.16662
0 0 0 0 0, -280.667061907778, -109.245873869746, 2.16662
0 0 0 0 0, 225.649706134428, 230.135440824018, 2.16662
0 0 0 0 0, 76.7937902896633, -41.3250873931152, 2.16662
0 0 0 0 0, -206.622775507906, 235.905304920139, 2.16662
0 0 0 0 0, 141.825884181928, -246.786928597019, 2.16662
0 0 0 0 0, 73.2849660506588, 158.543015318018, 2.16662
0 0 0 0 0, -242.052478662653, 83.2865225017519, 2.16662
0 0 0 0 0, 234.319129805434, -17.3655432815555, 2.16662
0 0 0 0 0, 101.006824556226, -243.693404246008, 2.16662
0 0 0 0 0, -113.650289177084, 189.50115925493, 2.16662
0 0 0 0 0, -58.5902119000028, 43.2265898860908, 2.16662
0 0 0 0 0, -40.7111487955313, -275.041369788131, 2.16662
0 0 0 0 0, 149.738908024062, 275.886642193896, 2.16662
0 0 0 0 0, -285.554403069932, 77.7568806835252, 2.16662
0 0 0 0 0, -67.8851260579556, -235.61925905994, 2.16662
0 0 0 0 0, 232.845824496902, 223.594554674393, 2.16662
0 0 0 0 0, 120.864014964289, -297.92576756489, 2.16662
0 0 0 0 0, -199.018562440258, 44.0168676478617, 2.16662
0 0 0 0 0, -243.950976807835, -131.78116715716, 2.16662
0 0 0 0 0, -2.00031076765505, 34.9224573621044, 2.16662
0 0 0 0 0, 115.31185781582, -117.942726891101, 2.16662
0 0 0 0 0, -98.4995836805508, 103.168883570154, 2.16662
0 0 0 0 0, -206.715944070094, -128.282753336156, 2.16662
0 0 0 0 0, -31.02173257839, -219.675652778244, 2.16662
0 0 0 0 0, -294.081618085611, 83.0170375529302, 2.16662
0 0 0 0 0, 168.574544681562, -262.169885075897, 2.16662
0 0 0 0 0, 207.181819755939, -177.407968355233, 2.16662
0 0 0 0 0, -12.4603326601813, -241.170018420489, 2.16662
0 0 0 0 0, -161.083444056916, -24.5647684037552, 2.16662
0 0 0 0 0, 193.970617004973, 99.9464058171373, 2.16662
0 0 0 0 0, -120.905181145134, -278.164339558416, 2.16662
0 0 0 0 0, 101.41353193015, -274.466526102616, 2.16662
0 0 0 0 0, -43.6410054526454, 271.250723310746, 2.16662
0 0 0 0 0, -302.014523257162, 27.2299181585122, 2.16662
0 0 0 0 0, -179.805867956073, -235.838641944072, 2.16662
0 0 0 0 0, -161.164629466312, 200.007152613467, 2.16662
0 0 0 0 0, 1.75147418988366, 246.727921070802, 2.16662
0 0 0 0 0, 301.318504311354, -58.1739978288516, 2.16662
0 0 0 0 0, 132.1079428281, -252.59847654436, 2.16662
0 0 0 0 0, -153.45983689218, -212.485809392471, 2.16662
0 0 0 0 0, 115.094122927175, -269.206888869335, 2.16662
0 0 0 0 0, -68.6893812144665, -153.261727964279, 2.16662
0 0 0 0 0, -78.2154635270114, -289.789445651546, 2.16662
0 0 0 0 0, -254.640999947916, 166.154139049314, 2.16662
0 0 0 0 0, 5.59412430153084, -280.599289151179, 2.16662
0 0 0 0 0, -114.504199781941, -202.561344157361, 2.16662
0 0 0 0 0, 240.053532621884, -70.9938710419322, 2.16662
0 0 0 0 0, -102.339889339778, -287.871823257114, 2.16662
0 0 0 0 0, -276.638419068331, -121.936894864012, 2.16662
0 0 0 0 0, 206.310056533868, -18.7316505559766, 2.16662
0 0 0 0 0, 66.4189720065376, -312.064953748008, 2.16662
0 0 0 0 0, 90.6621985140607, -292.92738663101, 2.16662
0 0 0 0 0, 16.5421844691841, -208.025055660544, 2.16662
0 0 0 0 0, -105.602624728078, -149.901746076345, 2.16662
0 0 0 0 0, -182.53181729967, -177.298843762301, 2.16662
0 0 0 0 0, -157.25591239122, -218.490828121552, 2.16662
0 0 0 0 0, -10.4120117373154, -166.389952987937, 2.16662
0 0 0 0 0, -42.6856345474181, -252.193266488397, 2.16662
0 0 0 0 0, -38.6272121767753, -253.001961025602, 2.16662
0 0 0 0 0, 76.1171033229833, -189.884950538545, 2.16662
0 0 0 0 0, 121.551474717332, -256.557340935552, 2.16662
0 0 0 0 0, 60.1887403396556, -101.709249842312, 2.16662
0 0 0 0 0, 247.256881202253, -145.826044053221, 2.16662
0 0 0 0 0, 136.537355047462, -193.475273260221, 2.16662
0 0 0 0 0, 138.968099977357, -68.6832369374592, 2.16662
0 0 0 0 0, -299.272253453621, 107.203609160973, 2.16662
0 0 0 0 0, -260.996145693716, 103.330058911856, 2.16662
0 0 0 0 0, -197.364460382493, 213.075374285877, 2.16662
0 0 0 0 0, -108.37167753241, 142.741060855044, 2.16662
0 0 0 0 0, -87.054334940468, 139.341363498988, 2.16662
0 0 0 0 0, -151.116780771239, 190.240427454787, 2.16662
0 0 0 0 0, -25.1042752836657, 135.488485654398, 2.16662
0 0 0 0 0, 68.1810858768452, 78.580061056731, 2.16662
0 0 0 0 0, -7.49514631717369, -35.5685882711512, 2.16662
0 0 0 0 0, 254.160039331016, -1.65306241804207, 2.16662
0 0 0 0 0, 251.155424287739, -24.7769473214747, 2.16662
0 0 0 0 0, 97.0057317167376, 121.031376528926, 2.16662
0 0 0 0 0, -177.495986417752, -94.1382447613355, 2.16662
0 0 0 0 0, -88.476351464083, 251.339477508949, 2.16662
0 0 0 0 0, -4.11988125056115, 278.704295789177, 2.16662
0 0 0 0 0, -8.59142370614793, -76.8737357012231, 2.16662
0 0 0 0 0, -154.898578249228, 249.769177742885, 2.16662
0 0 0 0 0, 140.311832772195, 249.190244892379, 2.16662
0 0 0 0 0, 225.933124124528, 142.30530674942, 2.16662
0 0 0 0 0, -65.9259040254945, 276.613395415646, 2.16662
0 0 0 0 0, -70.7255849532018, 292.091806076984, 2.16662
0 0 0 0 0, -6.79291245531873, -320.649120909285, 2.16662
0 0 0 0 0, -235.255845102335, -57.1901420352565, 2.16662
0 0 0 0 0, 279.353530797742, 126.660549602327, 2.16662
0 0 0 0 0, 128.098546013909, 149.993984342138, 2.16662
0 0 0 0 0, 184.785625939834, 156.774122868244, 2.16662
0 0 0 0 0, 196.442408058101, 206.370285293966, 2.16662
0 0 0 0 0, -143.161310462589, -82.8257784256101, 2.16662
0 0 0 0 0, -56.131987356875, -36.3468095364401, 2.16662
0 0 0 0 0, 117.511190208726, 158.373922033153, 2.16662
0 0 0 0 0, -0.563229902506684, 200.417244137029, 2.16662
0 0 0 0 0, 107.676732353453, 251.398626005211, 2.16662
0 0 0 0 0, 65.3937873751255, 152.673355739902, 2.16662
0 0 0 0 0, -41.8053365777775, 213.435105741231, 2.16662
0 0 0 0 0, -73.7877399937479, -168.847696697004, 2.16662
0 0 0 0 0, -196.156531863268, -83.3286279472187, 2.16662
0 0 0 0 0, -54.7096478434141, -63.1330766069014, 2.16662
0 0 0 0 0, 135.34873644796, -58.988429895901, 2.16662
0 0 0 0 0, -65.7187927071511, -279.87006638047, 2.16662
0 0 0 0 0, -57.132819682572, -275.07569432203, 2.16662
0 0 0 0 0, -50.3175199521391, -300.604904376216, 2.16662
0 0 0 0 0, 4.27628119528759, -302.49081130896, 2.16662
0 0 0 0 0, -8.09681692346461, -316.07487600477, 2.16662
0 0 0 0 0, 56.9589873351336, -314.34611471251, 2.16662
0 0 0 0 0, 97.021932110207, -282.669652419903, 2.16662
0 0 0 0 0, 126.05028562652, -292.789217590571, 2.16662
0 0 0 0 0, 113.244566488835, -277.623509830185, 2.16662
0 0 0 0 0, -111.366502159199, -250.370060584456, 2.16662
0 0 0 0 0, -51.4452975632171, -283.976832876584, 2.16662
0 0 0 0 0, -0.182000732948531, -271.485358745689, 2.16662
0 0 0 0 0, 10.3681675250762, -253.345485751868, 2.16662
0 0 0 0 0, 41.6264437936009, -257.551867321045, 2.16662
0 0 0 0 0, 107.647078456463, -286.714443469168, 2.16662
0 0 0 0 0, 103.70366493354, -259.159751747576, 2.16662
0 0 0 0 0, 105.68394866, -252.143882132701, 2.16662
0 0 0 0 0, 174.483000923779, -247.096982023786, 2.16662
0 0 0 0 0, -107.996649641185, -242.125624659048, 2.16662
0 0 0 0 0, -22.5053166239526, -261.866104545671, 2.16662
0 0 0 0 0, -18.5222873048618, -233.926276687238, 2.16662
0 0 0 0 0, 45.8314052714008, -251.552984496652, 2.16662
0 0 0 0 0, 96.0000630293672, -253.809487230709, 2.16662
0 0 0 0 0, 120.953253051642, -229.751016438785, 2.16662
0 0 0 0 0, 171.275392764114, -228.800575024779, 2.16662
0 0 0 0 0, 195.089141349673, -234.993640671545, 2.16662
0 0 0 0 0, 187.344265624013, -236.966827438548, 2.16662
0 0 0 0 0, -184.503494434573, -225.406152836122, 2.16662
0 0 0 0 0, -159.889602287408, -228.14371511344, 2.16662
0 0 0 0 0, -137.625823508949, -201.12810742174, 2.16662
0 0 0 0 0, -102.11795215576, -224.448378237567, 2.16662
0 0 0 0 0, -21.2680348151137, -222.790320808496, 2.16662
0 0 0 0 0, 2.02819641995779, -254.422753024637, 2.16662
0 0 0 0 0, 48.2123807062042, -223.413261107156, 2.16662
0 0 0 0 0, 172.467283861833, -219.765019218655, 2.16662
0 0 0 0 0, 181.810514056368, -221.180358854035, 2.16662
0 0 0 0 0, -249.725877681756, -175.502804779868, 2.16662
0 0 0 0 0, -241.599053641023, -174.391450549629, 2.16662
0 0 0 0 0, -120.13582590532, -192.676561176975, 2.16662
0 0 0 0 0, -73.7055713006185, -186.88632495, 2.16662
0 0 0 0 0, -18.0069058665182, -212.507754117724, 2.16662
0 0 0 0 0, 2.30248294326235, -198.878589839679, 2.16662
0 0 0 0 0, 96.5326681622998, -175.885329103443, 2.16662
0 0 0 0 0, 96.8971055476098, -212.130665338812, 2.16662
0 0 0 0 0, 160.641179455614, -210.991044044316, 2.16662
0 0 0 0 0, -178.243756840176, -137.911884901486, 2.16662
0 0 0 0 0, -218.955480456646, -193.375747785161, 2.16662
0 0 0 0 0, -191.265248237816, -221.124386061137, 2.16662
0 0 0 0 0, -76.1112593558321, -159.898771118966, 2.16662
0 0 0 0 0, -8.73689453837813, -163.21949225939, 2.16662
0 0 0 0 0, 131.030761681776, -160.676976726276, 2.16662
0 0 0 0 0, 161.018264231476, -173.730781154843, 2.16662
0 0 0 0 0, 199.653028108125, -180.289066226444, 2.16662
0 0 0 0 0, 252.521063057773, -180.38407771151, 2.16662
0 0 0 0 0, -281.565367756595, -135.438564565248, 2.16662
0 0 0 0 0, -253.589915619918, -136.427741764526, 2.16662
0 0 0 0 0, -101.594819784889, -164.951817056856, 2.16662
0 0 0 0 0, -98.0156028765121, -134.383438227275, 2.16662
0 0 0 0 0, -62.8638239602266, -138.917372874386, 2.16662
0 0 0 0 0, -39.0463472978714, -141.460373575591, 2.16662
0 0 0 0 0, 64.5270381906616, -139.410817993738, 2.16662
0 0 0 0 0, 199.143925366267, -158.547434545659, 2.16662
0 0 0 0 0, 245.605928862485, -171.982640023356, 2.16662
0 0 0 0 0, -273.618215433789, -109.617313889796, 2.16662
0 0 0 0 0, -289.566344974906, -126.105016251738, 2.16662
0 0 0 0 0, -260.537980882161, -115.324735628407, 2.16662
0 0 0 0 0, -224.072726184074, -138.60327642505, 2.16662
0 0 0 0 0, -75.4077746796099, -132.281748192184, 2.16662
0 0 0 0 0, -16.7394950975511, -120.360739267578, 2.16662
0 0 0 0 0, 126.60964699066, -115.545644485546, 2.16662
0 0 0 0 0, 143.286681333897, -118.303946008866, 2.16662
0 0 0 0 0, 181.886519431386, -152.753574047121, 2.16662
0 0 0 0 0, -196.754313451086, -92.7868098518776, 2.16662
0 0 0 0 0, -157.981267119955, -101.791588852101, 2.16662
0 0 0 0 0, -143.100389549931, -106.490295751072, 2.16662
0 0 0 0 0, -135.602519864267, -102.810877522066, 2.16662
0 0 0 0 0, -81.7618870674702, -106.236841395668, 2.16662
0 0 0 0 0, -52.7221868638978, -101.844809148822, 2.16662
0 0 0 0 0, 68.6970698475843, -99.2282155897331, 2.16662
0 0 0 0 0, 111.775446550249, -72.3568461262037, 2.16662
0 0 0 0 0, 260.673951450862, -78.1319549968558, 2.16662
0 0 0 0 0, -77.8336479614884, -72.2833058647477, 2.16662
0 0 0 0 0, -49.8759695710214, -65.9989219867343, 2.16662
0 0 0 0 0, -0.686811998591282, -106.021648023818, 2.16662
0 0 0 0 0, 9.50029615394332, -100.157802547517, 2.16662
0 0 0 0 0, 134.583747874368, -50.9891426795634, 2.16662
0 0 0 0 0, 142.616276388352, -62.9163816252548, 2.16662
0 0 0 0 0, 200.916902917127, -54.030992848204, 2.16662
0 0 0 0 0, 238.029985872564, -59.4001311698427, 2.16662
0 0 0 0 0, 312.37222570982, -58.5956168943817, 2.16662
0 0 0 0 0, -240.032668018392, -54.0332038745895, 2.16662
0 0 0 0 0, -185.922982580694, -21.2259506026071, 2.16662
0 0 0 0 0, -125.248627295135, -46.0959104646341, 2.16662
0 0 0 0 0, -104.717393197976, -34.4814140795129, 2.16662
0 0 0 0 0, -50.2991133285244, -57.7045427653932, 2.16662
0 0 0 0 0, -7.1097767003518, -23.3222409934259, 2.16662
0 0 0 0 0, 77.9552674979077, -59.4000212239691, 2.16662
0 0 0 0 0, 119.868866537054, -38.1662492188929, 2.16662
0 0 0 0 0, 279.17780325001, -42.1776281965722, 2.16662
0 0 0 0 0, -235.094508443063, -5.79542066295728, 2.16662
0 0 0 0 0, -181.762309379312, -12.9532542207177, 2.16662
0 0 0 0 0, -118.813630281753, -10.1644789631038, 2.16662
0 0 0 0 0, 45.6550248019336, -9.48755929052454, 2.16662
0 0 0 0 0, 162.519216497851, -6.95825496729701, 2.16662
0 0 0 0 0, 196.392919994958, -18.5858255143076, 2.16662
0 0 0 0 0, 223.325993303309, -14.4080117654313, 2.16662
0 0 0 0 0, 257.796798872888, -18.2329670688362, 2.16662
0 0 0 0 0, 249.454974553809, -39.3555608461678, 2.16662
0 0 0 0 0, -299.134755878589, 10.5467260024232, 2.16662
0 0 0 0 0, -292.876536640867, 6.61705928711793, 2.16662
0 0 0 0 0, -174.433994480487, 18.1054189753687, 2.16662
0 0 0 0 0, -108.028227237168, 11.2838116597375, 2.16662
0 0 0 0 0, -22.5554558692858, 21.3744331996251, 2.16662
0 0 0 0 0, 56.4602070035436, -6.75558702083905, 2.16662
0 0 0 0 0, 141.858985720785, 4.49034539212401, 2.16662
0 0 0 0 0, 260.827082226057, 8.30122285911575, 2.16662
0 0 0 0 0, 312.752118639727, 40.2770891525938, 2.16662
0 0 0 0 0, -286.970776700015, 99.6803222066861, 2.16662
0 0 0 0 0, -270.630976593092, 97.021622569277, 2.16662
0 0 0 0 0, -215.658288937786, 54.3708639009812, 2.16662
0 0 0 0 0, -138.532763935752, 55.8205873132286, 2.16662
0 0 0 0 0, -58.4853074253455, 49.2679036589041, 2.16662
0 0 0 0 0, -35.7048411374819, 46.0231824464024, 2.16662
0 0 0 0 0, 46.190700263652, 41.2574068925982, 2.16662
0 0 0 0 0, 80.7838730527565, 65.4844411150764, 2.16662
0 0 0 0 0, 184.009400564846, 42.3067077247765, 2.16662
0 0 0 0 0, -259.267059844946, 66.5456324889547, 2.16662
0 0 0 0 0, -251.654509768839, 84.7359018195439, 2.16662
0 0 0 0 0, -172.739530213104, 79.8239349921384, 2.16662
0 0 0 0 0, -142.229722417435, 70.9120248295546, 2.16662
0 0 0 0 0, -61.3788754782511, 63.9212488525215, 2.16662
0 0 0 0 0, 43.5095131946798, 80.6112277728983, 2.16662
0 0 0 0 0, 66.869122487405, 73.425183577753, 2.16662
0 0 0 0 0, 73.7218432919456, 67.2232522251489, 2.16662
0 0 0 0 0, 181.119863995051, 118.558727711275, 2.16662
0 0 0 0 0, -279.491804553587, 135.196896975258, 2.16662
0 0 0 0 0, -247.722600247991, 96.4360504685044, 2.16662
0 0 0 0 0, -117.38028447671, 94.1222514278643, 2.16662
0 0 0 0 0, -45.5255871842009, 75.7330502694796, 2.16662
0 0 0 0 0, 19.5132880052712, 112.098724671293, 2.16662
0 0 0 0 0, 102.333907460772, 122.548911486251, 2.16662
0 0 0 0 0, 126.518001436184, 95.1536238242409, 2.16662
0 0 0 0 0, 165.582962526961, 99.8206366980841, 2.16662
0 0 0 0 0, 228.069022104856, 105.372222813222, 2.16662
0 0 0 0 0, -243.244437354514, 133.795903308189, 2.16662
0 0 0 0 0, -230.69429688227, 140.141819330516, 2.16662
0 0 0 0 0, -113.255055181543, 141.395410295903, 2.16662
0 0 0 0 0, -101.68104925755, 129.33862438382, 2.16662
0 0 0 0 0, -116.867156429125, 125.356999703541, 2.16662
0 0 0 0 0, -93.6489005030991, 155.596172758552, 2.16662
0 0 0 0 0, -13.6092664952889, 141.988686171071, 2.16662
0 0 0 0 0, 222.316837619359, 166.646101197777, 2.16662
0 0 0 0 0, 274.528036100937, 117.406561725308, 2.16662
0 0 0 0 0, -241.458936193309, 155.825736838341, 2.16662
0 0 0 0 0, -3.47743646320695, 152.642340875653, 2.16662
0 0 0 0 0, 56.8968814548864, 156.854819680213, 2.16662
0 0 0 0 0, 81.8593356801163, 160.702565130549, 2.16662
0 0 0 0 0, 71.1561566291901, 183.518555565333, 2.16662
0 0 0 0 0, 114.103281485976, 137.722713075099, 2.16662
0 0 0 0 0, 154.355501778827, 155.03906199925, 2.16662
0 0 0 0 0, 182.358418816612, 169.627225256174, 2.16662
0 0 0 0 0, 193.349225549054, 175.698631466613, 2.16662
0 0 0 0 0, -230.21862371787, 186.477556226921, 2.16662
0 0 0 0 0, -174.198467535032, 193.490598597656, 2.16662
0 0 0 0 0, -140.459111753747, 179.926965885225, 2.16662
0 0 0 0 0, -125.084607600526, 172.670975184526, 2.16662
0 0 0 0 0, -119.20213586836, 193.8814657507, 2.16662
0 0 0 0 0, -100.884346628689, 172.927514645654, 2.16662
0 0 0 0 0, -14.6777141693543, 181.885650655401, 2.16662
0 0 0 0 0, 3.09356926044604, 193.028480209317, 2.16662
0 0 0 0 0, 150.464166424935, 185.426780026968, 2.16662
0 0 0 0 0, -197.979254865682, 241.504313162209, 2.16662
0 0 0 0 0, -206.973537108951, 201.971062906917, 2.16662
0 0 0 0 0, -188.600294554658, 186.627764342987, 2.16662
0 0 0 0 0, -47.1886738770804, 216.444754749613, 2.16662
0 0 0 0 0, 10.6400851345731, 197.0032180076, 2.16662
0 0 0 0 0, 12.3104599753187, 232.358380251096, 2.16662
0 0 0 0 0, 196.746209122786, 195.140951717187, 2.16662
0 0 0 0 0, 215.618686723315, 201.038162139883, 2.16662
0 0 0 0 0, 229.780276580947, 185.610261850586, 2.16662
0 0 0 0 0, -182.245538641946, 261.33820399401, 2.16662
0 0 0 0 0, -164.625906395123, 241.243298369548, 2.16662
0 0 0 0 0, -111.546925705226, 231.102860011315, 2.16662
0 0 0 0 0, -101.876884522406, 246.426773677244, 2.16662
0 0 0 0 0, -58.9936361477872, 275.690367688937, 2.16662
0 0 0 0 0, -5.35500742675465, 238.218964183968, 2.16662
0 0 0 0 0, 92.0678436960048, 276.62415617521, 2.16662
0 0 0 0 0, 104.417951208821, 252.739688173582, 2.16662
0 0 0 0 0, 137.290161236083, 242.7083236594, 2.16662
0 0 0 0 0, -318.020330948303, 13.1254423986835, 2.16662
0 0 0 0 0, -311.973307488405, -32.0581204714547, 2.16662
0 0 0 0 0, -301.665334498115, -8.37075833344994, 2.16662
0 0 0 0 0, -299.468949605961, -33.8244354425609, 2.16662
0 0 0 0 0, -296.118627156786, -21.848415338523, 2.16662
0 0 0 0 0, -301.797015205765, -65.4416235308933, 2.16662
0 0 0 0 0, -292.343731055822, -32.1643640109084, 2.16662
0 0 0 0 0, -295.225220399304, -69.2784803894636, 2.16662
0 0 0 0 0, -288.545657033989, -63.3806485022417, 2.16662
0 0 0 0 0, -281.077432974174, -14.0029048150541, 2.16662
0 0 0 0 0, -274.149873353837, 16.2305025808204, 2.16662
0 0 0 0 0, -289.593898452318, -99.3978392916842, 2.16662
0 0 0 0 0, -244.311973844906, 194.002914489291, 2.16662
0 0 0 0 0, -249.988237301991, 125.946790251598, 2.16662
0 0 0 0 0, -278.383266955396, -67.3240839992638, 2.16662
0 0 0 0 0, -236.793317188864, 203.675873271082, 2.16662
0 0 0 0 0, -256.724526276448, 52.802176956815, 2.16662
0 0 0 0 0, -277.153674964275, -92.8653455790381, 2.16662
0 0 0 0 0, -254.81604247937, 6.87018117701698, 2.16662
0 0 0 0 0, -236.081840304491, 129.159581777784, 2.16662
0 0 0 0 0, -239.59176034503, 70.6500698420178, 2.16662
0 0 0 0 0, -248.057957232133, 10.7990189429846, 2.16662
0 0 0 0 0, -253.62348027236, -34.4815942779779, 2.16662
0 0 0 0 0, -221.028593506705, 183.033789604073, 2.16662
0 0 0 0 0, -221.821816101338, 174.20506443507, 2.16662
0 0 0 0 0, -260.906147241616, -92.9670925614722, 2.16662
0 0 0 0 0, -242.841002466693, 25.9050631179838, 2.16662
0 0 0 0 0, -255.631395669906, -72.2033039177796, 2.16662
0 0 0 0 0, -238.121910004344, 37.2496520516576, 2.16662
0 0 0 0 0, -255.688553176267, -99.5544508528847, 2.16662
0 0 0 0 0, -247.870246134319, -56.1157776291356, 2.16662
0 0 0 0 0, -218.454241036434, 138.526252841008, 2.16662
0 0 0 0 0, -234.762359641987, 19.6520035698684, 2.16662
0 0 0 0 0, -246.958434644998, -67.7236085771615, 2.16662
0 0 0 0 0, -236.130608328008, 3.5945001694142, 2.16662
0 0 0 0 0, -222.420472792211, 80.2721882269104, 2.16662
0 0 0 0 0, -254.890433055014, -151.750126088653, 2.16662
0 0 0 0 0, -228.0796150468, 26.1104756792957, 2.16662
0 0 0 0 0, -236.3461025307, -47.7420494185426, 2.16662
0 0 0 0 0, -239.378600380502, -75.1781875123182, 2.16662
0 0 0 0 0, -210.936083912465, 111.516157097026, 2.16662
0 0 0 0 0, -201.132161775305, 173.039486036201, 2.16662
0 0 0 0 0, -199.103941647404, 183.0857671214, 2.16662
0 0 0 0 0, -247.359667251361, -198.957174505715, 2.16662
0 0 0 0 0, -173.665612848893, 259.329769179896, 2.16662
0 0 0 0 0, -201.070786091877, 75.385265591827, 2.16662
0 0 0 0 0, -174.259403042371, 251.508527844397, 2.16662
0 0 0 0 0, -226.212412749112, -119.003024236078, 2.16662
0 0 0 0 0, -197.956919145916, 64.6367780834933, 2.16662
0 0 0 0 0, -221.802337498444, -105.201473517753, 2.16662
0 0 0 0 0, -228.485350488463, -162.218867620799, 2.16662
0 0 0 0 0, -231.206901081095, -198.990245761306, 2.16662
0 0 0 0 0, -199.220083178692, -5.99336822287456, 2.16662
0 0 0 0 0, -166.685675856902, 164.688262800276, 2.16662
0 0 0 0 0, -157.727027380331, 221.819468942882, 2.16662
0 0 0 0 0, -191.818203861839, -11.7004674803917, 2.16662
0 0 0 0 0, -166.401643119503, 156.558452546388, 2.16662
0 0 0 0 0, -154.496247792338, 229.208561044187, 2.16662
0 0 0 0 0, -160.963126186546, 179.112594028141, 2.16662
0 0 0 0 0, -139.240364661209, 276.388788254133, 2.16662
0 0 0 0 0, -170.372436072181, 61.0613152050291, 2.16662
0 0 0 0 0, -174.105672598288, 36.0548534850193, 2.16662
0 0 0 0 0, -176.415707909773, 7.91171752133688, 2.16662
0 0 0 0 0, -138.35059064713, 252.44588461339, 2.16662
0 0 0 0 0, -167.502154866646, 50.6733294191177, 2.16662
0 0 0 0 0, -135.382472364082, 243.639211668727, 2.16662
0 0 0 0 0, -160.402894202737, 55.8298163070634, 2.16662
0 0 0 0 0, -126.632686621698, 274.222602908744, 2.16662
0 0 0 0 0, -123.595509148079, 294.233544503582, 2.16662
0 0 0 0 0, -123.900744636747, 282.458629121245, 2.16662
0 0 0 0 0, -126.856166062234, 245.127114127087, 2.16662
0 0 0 0 0, -182.768962393669, -132.142762124413, 2.16662
0 0 0 0 0, -124.088173851971, 252.17221753759, 2.16662
0 0 0 0 0, -161.243424948955, 5.00828162413063, 2.16662
0 0 0 0 0, -178.521725541862, -119.456172827904, 2.16662
0 0 0 0 0, -193.575972082621, -235.567300857327, 2.16662
0 0 0 0 0, -127.659135589874, 200.249097722004, 2.16662
0 0 0 0 0, -139.014874577142, 104.854566632108, 2.16662
0 0 0 0 0, -141.882701166629, 41.6426261678963, 2.16662
0 0 0 0 0, -131.347797340103, 109.046504018962, 2.16662
0 0 0 0 0, -142.165586442937, 23.9938211082684, 2.16662
0 0 0 0 0, -162.216752282006, -121.067585647529, 2.16662
0 0 0 0 0, -180.101851027441, -255.022172819315, 2.16662
0 0 0 0 0, -114.546751567652, 177.226845109521, 2.16662
0 0 0 0 0, -172.766698245719, -224.354622997228, 2.16662
0 0 0 0 0, -133.681445884876, 35.7684269550664, 2.16662
0 0 0 0 0, -120.49673734517, 112.521096443053, 2.16662
0 0 0 0 0, -138.070574731294, -9.91409071380434, 2.16662
0 0 0 0 0, -126.694523654733, 62.1743373552775, 2.16662
0 0 0 0 0, -153.508045932115, -131.831991978966, 2.16662
0 0 0 0 0, -100.303131045207, 222.321489280796, 2.16662
0 0 0 0 0, -130.802106540288, 4.57627417300344, 2.16662
0 0 0 0 0, -138.813638313731, -49.2578567241719, 2.16662
0 0 0 0 0, -131.459902308247, -18.39508206252, 2.16662
0 0 0 0 0, -163.888118772669, -243.076534302199, 2.16662
0 0 0 0 0, -121.864559016539, 34.9165725300333, 2.16662
0 0 0 0 0, -135.656082582338, -117.537488862986, 2.16662
0 0 0 0 0, -108.679222023101, 38.3671114950057, 2.16662
0 0 0 0 0, -66.875172919487, 314.835484058593, 2.16662
0 0 0 0 0, -132.333445778997, -124.309544739305, 2.16662
0 0 0 0 0, -109.316795597322, 19.8030784941253, 2.16662
0 0 0 0 0, -101.807108032359, 45.2875727615131, 2.16662
0 0 0 0 0, -76.2569429520897, 213.138909719038, 2.16662
0 0 0 0 0, -67.2267326013038, 259.296096917285, 2.16662
0 0 0 0 0, -128.578467488206, -154.765248184824, 2.16662
0 0 0 0 0, -135.002079365798, -219.028105573763, 2.16662
0 0 0 0 0, -106.634501013749, -44.7794911459799, 2.16662
0 0 0 0 0, -110.285973507768, -80.5294999098597, 2.16662
0 0 0 0 0, -62.0638377561729, 236.312890562178, 2.16662
0 0 0 0 0, -55.986565430783, 259.783678803067, 2.16662
0 0 0 0 0, -105.29624559074, -70.153623749919, 2.16662
0 0 0 0 0, -126.960422536188, -226.604531735366, 2.16662
0 0 0 0 0, -44.8446676010822, 314.779813960502, 2.16662
0 0 0 0 0, -123.730275856701, -214.211630316633, 2.16662
0 0 0 0 0, -105.181249407323, -96.2255917568723, 2.16662
0 0 0 0 0, -116.491487116839, -177.19198811953, 2.16662
0 0 0 0 0, -96.6193430459439, -47.3113360778235, 2.16662
0 0 0 0 0, -114.150545659944, -166.768265484268, 2.16662
0 0 0 0 0, -105.802900719759, -124.529588427363, 2.16662
0 0 0 0 0, -54.1414773469388, 218.621422539178, 2.16662
0 0 0 0 0, -79.2361882008703, 46.0253119873652, 2.16662
0 0 0 0 0, -49.671123002441, 228.992196028909, 2.16662
0 0 0 0 0, -115.194811823607, -215.983566398199, 2.16662
0 0 0 0 0, -98.7994568748569, -106.107028551287, 2.16662
0 0 0 0 0, -96.9161161698669, -198.106764111684, 2.16662
0 0 0 0 0, -51.9606071922922, 65.9499099807723, 2.16662
0 0 0 0 0, -24.7315673203957, 238.599194822564, 2.16662
0 0 0 0 0, -85.2995959076992, -167.633487498354, 2.16662
0 0 0 0 0, -13.7041704715514, 292.223895219282, 2.16662
0 0 0 0 0, -77.3317092437264, -139.474936532368, 2.16662
0 0 0 0 0, -47.1096210260111, 48.3467902772779, 2.16662
0 0 0 0 0, -8.04585484831357, 298.866205607432, 2.16662
0 0 0 0 0, -5.06810382842717, 307.862410074425, 2.16662
0 0 0 0 0, -60.2765342970613, -59.3849961481765, 2.16662
0 0 0 0 0, -9.30281129977852, 273.22081483484, 2.16662
0 0 0 0 0, -11.1493245546267, 259.583345507018, 2.16662
0 0 0 0 0, -7.15936291882687, 281.182683596472, 2.16662
0 0 0 0 0, -22.7194339201635, 170.034796594466, 2.16662
0 0 0 0 0, -64.0486022248012, -106.306093289144, 2.16662
0 0 0 0 0, -57.4517148884182, -71.4751231431645, 2.16662
0 0 0 0 0, -1.26030539038138, 290.708605608793, 2.16662
0 0 0 0 0, -13.4350971271388, 202.825002372509, 2.16662
0 0 0 0 0, -70.5603508285357, -179.665795031047, 2.16662
0 0 0 0 0, 6.47235258714854, 308.667843395307, 2.16662
0 0 0 0 0, -48.8584817220607, -73.548908689396, 2.16662
0 0 0 0 0, -3.11279282591996, 228.111323299997, 2.16662
0 0 0 0 0, -10.639898390885, 151.521084793476, 2.16662
0 0 0 0 0, 1.3638294141877, 219.155116281682, 2.16662
0 0 0 0 0, -14.7045019179507, 105.902761490442, 2.16662
0 0 0 0 0, -10.2394513394292, 124.700420807219, 2.16662
0 0 0 0 0, -55.3750946666862, -183.986764990999, 2.16662
0 0 0 0 0, -34.2172713304377, -61.7543647589997, 2.16662
0 0 0 0 0, -48.4731504531511, -178.571227580122, 2.16662
0 0 0 0 0, 24.1285017770683, 303.879722730488, 2.16662
0 0 0 0 0, 20.6346847844058, 259.227324158545, 2.16662
0 0 0 0 0, -21.6381063737316, -23.0223110083198, 2.16662
0 0 0 0 0, -63.4325924928816, -314.801357127352, 2.16662
0 0 0 0 0, -17.9330202874517, -11.3955176953069, 2.16662
0 0 0 0 0, -57.0542800381049, -306.074294140999, 2.16662
0 0 0 0 0, 37.9059419329631, 313.773020367987, 2.16662
0 0 0 0 0, -35.7197533543155, -180.856172097622, 2.16662
0 0 0 0 0, 8.68698030144002, 96.251274630162, 2.16662
0 0 0 0 0, -50.8114488705328, -315.313780917227, 2.16662
0 0 0 0 0, 16.3698569065229, 97.5247949852838, 2.16662
0 0 0 0 0, 50.4930546941536, 317.77511520309, 2.16662
0 0 0 0 0, -23.7603127779572, -177.426768771805, 2.16662
0 0 0 0 0, 22.9961006468383, 126.575268961852, 2.16662
0 0 0 0 0, -19.8804362923313, -184.613055874315, 2.16662
0 0 0 0 0, -15.8516253125927, -164.716026162487, 2.16662
0 0 0 0 0, 37.3627215576236, 189.509030419203, 2.16662
0 0 0 0 0, 40.7014049942379, 198.753899333857, 2.16662
0 0 0 0 0, -3.16392899621097, -112.930800455805, 2.16662
0 0 0 0 0, 58.1429662279346, 290.520567281262, 2.16662
0 0 0 0 0, 17.0005634267053, -15.4874396214, 2.16662
0 0 0 0 0, 3.49648398170539, -115.833399990214, 2.16662
0 0 0 0 0, 23.931037526074, 18.8869670557371, 2.16662
0 0 0 0 0, -22.8603867419473, -300.480500818819, 2.16662
0 0 0 0 0, 66.2565675520514, 286.20943309149, 2.16662
0 0 0 0 0, 3.94573252928371, -134.062446637617, 2.16662
0 0 0 0 0, 21.6279113336244, -23.3209405863603, 2.16662
0 0 0 0 0, 52.4052825305766, 180.541750972265, 2.16662
0 0 0 0 0, 72.5379456420649, 310.941301854383, 2.16662
0 0 0 0 0, 34.8127529079413, 62.3454790179662, 2.16662
0 0 0 0 0, 73.8612923498894, 299.990289332802, 2.16662
0 0 0 0 0, -11.7932100326116, -271.741504657248, 2.16662
0 0 0 0 0, -13.6001001460162, -284.326536047776, 2.16662
0 0 0 0 0, 77.5580620981188, 275.162954217899, 2.16662
0 0 0 0 0, 10.848145821957, -173.321674725792, 2.16662
0 0 0 0 0, 14.8224811056144, -159.694910153456, 2.16662
0 0 0 0 0, 23.0017452957638, -111.510021223334, 2.16662
0 0 0 0 0, -1.85836015510445, -290.254324475594, 2.16662
0 0 0 0 0, 72.2589183971519, 200.052142501975, 2.16662
0 0 0 0 0, 15.6655011268949, -184.568724089561, 2.16662
0 0 0 0 0, 10.6574147906339, -235.568055867814, 2.16662
0 0 0 0 0, 40.5206349659702, -39.7844366036541, 2.16662
0 0 0 0 0, 96.2265622224424, 294.555383988835, 2.16662
0 0 0 0 0, 47.7661395424779, -41.8211644025887, 2.16662
0 0 0 0 0, 94.1255872659906, 242.305606829523, 2.16662
0 0 0 0 0, 55.0457455664331, -23.3954661159019, 2.16662
0 0 0 0 0, 104.089017066247, 293.403615987541, 2.16662
0 0 0 0 0, 68.3908626405606, 59.5954586006857, 2.16662
0 0 0 0 0, 43.5875146976422, -109.834243498525, 2.16662
0 0 0 0 0, 54.4916877974243, -45.1485636327203, 2.16662
0 0 0 0 0, 50.4125733241556, -76.1244670535096, 2.16662
0 0 0 0 0, 61.9327543310058, -0.231300144878851, 2.16662
0 0 0 0 0, 64.8628078456993, 16.4309456971385, 2.16662
0 0 0 0 0, 48.4877980398386, -102.27625999585, 2.16662
0 0 0 0 0, 97.7039173482342, 223.865561417694, 2.16662
0 0 0 0 0, 67.6302932860995, 23.8867612331904, 2.16662
0 0 0 0 0, 55.8588190654876, -71.1941675306687, 2.16662
0 0 0 0 0, 47.562453411839, -129.249812020626, 2.16662
0 0 0 0 0, 49.8553034265991, -117.104089480201, 2.16662
0 0 0 0 0, 69.6027138973923, -7.97872522268366, 2.16662
0 0 0 0 0, 37.7328103442043, -224.734945157369, 2.16662
0 0 0 0 0, 97.8640622989839, 176.714205956339, 2.16662
0 0 0 0 0, 116.567666909397, 296.853226331587, 2.16662
0 0 0 0 0, 55.9133634667855, -126.001816738179, 2.16662
0 0 0 0 0, 35.6046477964223, -278.944954414825, 2.16662
0 0 0 0 0, 61.3208701632817, -113.689789953396, 2.16662
0 0 0 0 0, 98.5626153398696, 133.178746260471, 2.16662
0 0 0 0 0, 121.901460994505, 284.292011821878, 2.16662
0 0 0 0 0, 124.979856025034, 277.165080732136, 2.16662
0 0 0 0 0, 42.5771279834328, -273.523122545804, 2.16662
0 0 0 0 0, 41.8773599082103, -315.941905695216, 2.16662
0 0 0 0 0, 126.889069402887, 251.603543454479, 2.16662
0 0 0 0 0, 103.541003838731, 95.0744946670349, 2.16662
0 0 0 0 0, 80.7330329777993, -66.1209903058894, 2.16662
0 0 0 0 0, 48.0259132909384, -301.07413733956, 2.16662
0 0 0 0 0, 125.715796583824, 217.453180015304, 2.16662
0 0 0 0 0, 59.8432996289175, -232.744321950979, 2.16662
0 0 0 0 0, 111.102061257752, 109.494598506061, 2.16662
0 0 0 0 0, 100.513630761408, -5.49173136478821, 2.16662
0 0 0 0 0, 138.017948342564, 218.635981520927, 2.16662
0 0 0 0 0, 94.7886725565533, -75.1538288574303, 2.16662
0 0 0 0 0, 98.4382508835841, -58.1582068046892, 2.16662
0 0 0 0 0, 125.676317647623, 122.635795709197, 2.16662
0 0 0 0 0, 106.442469595058, -14.1306459657663, 2.16662
0 0 0 0 0, 74.9987171676011, -235.366872273307, 2.16662
0 0 0 0 0, 69.3948051822013, -275.063034187733, 2.16662
0 0 0 0 0, 156.671872540908, 261.616456554163, 2.16662
0 0 0 0 0, 78.1209541780203, -271.511242793699, 2.16662
0 0 0 0 0, 118.421662307172, -8.28481507503902, 2.16662
0 0 0 0 0, 153.928944225699, 215.663141827159, 2.16662
0 0 0 0 0, 102.999361740337, -125.570701446788, 2.16662
0 0 0 0 0, 122.784678114765, -1.40858273504798, 2.16662
0 0 0 0 0, 100.526081535915, -157.644061565765, 2.16662
0 0 0 0 0, 126.164215549145, 9.22256972933309, 2.16662
0 0 0 0 0, 165.635032508441, 238.678875894, 2.16662
0 0 0 0 0, 163.32593214536, 222.741989786708, 2.16662
0 0 0 0 0, 108.827965606098, -140.181094242155, 2.16662
0 0 0 0 0, 105.30447590988, -191.049673564911, 2.16662
0 0 0 0 0, 151.609126118827, 115.463959857952, 2.16662
0 0 0 0 0, 289.640523141593, -64.1866959900965, 2.16662
0 0 0 0 0, 156.989016238515, 109.8375497578, 2.16662
0 0 0 0 0, 158.018171252215, 53.6548429193457, 2.16662
0 0 0 0 0, 183.093056814482, 216.147924314598, 2.16662
0 0 0 0 0, 132.092655643489, -40.7798554768222, 2.16662
0 0 0 0 0, 170.365327098522, 186.974868650278, 2.16662
-1 0 0 0 0, 0, 0, 3.175
