0 0 0 0 0, -212.68263949883, -18.0931423142936, 3.175
0 0 0 0 0, 225.995894359637, -180.02127140404, 3.175
0 0 0 0 0, 198.753570941169, -128.75868416334, 2.16662
0 0 0 0 0, 198.706157482649, -131.299259823338, 2.16662
0 0 0 0 0, 89.1932593471384, -263.61327787851, 2.16662
0 0 0 0 0, 89.2032273514617, -266.154198389457, 2.16662
0 0 0 0 0, -125.177237149808, -261.405410264976, 2.16662
0 0 0 0 0, -125.212216606885, -263.946358913476, 2.16662
0 0 0 0 0, -230.422503550134, -123.361455778329, 2.16662
0 0 0 0 0, -230.579158912117, -125.897650836206, 2.16662
0 0 0 0 0, -200.452741957683, 125.677808203751, 2.16662
0 0 0 0 0, -200.342547131568, 128.216474394353, 2.16662
0 0 0 0 0, -93.9968468231182, 267.333937682902, 2.16662
0 0 0 0 0, -94.0827148034023, 269.873530658182, 2.16662
0 0 0 0 0, 123.614473098192, 264.28731652895, 2.16662
0 0 0 0 0, 123.590705780133, 266.828429425181, 2.16662
0 0 0 0 0, 226.46651121061, 128.632137732001, 2.16662
0 0 0 0 0, 226.515790932511, 131.172690811666, 2.16662
0 0 0 0 0, 13.8885086109846, 64.9114530980664, 2.16662
0 0 0 0 0, 15.175759942824, 67.1032482445343, 2.16662
0 0 0 0 0, -16.1125495353061, -67.3056117370374, 2.16662
0 0 0 0 0, -17.3574494074419, -69.5217034419788, 2.16662
0 0 0 0 0, 95.6475315289763, -128.914178613159, 2.16662
0 0 0 0 0, 95.6028986186517, -131.454886798338, 2.16662
0 0 0 0 0, -236.36777422831, 34.6128736571794, 2.16662
0 0 0 0 0, -255.18590145167, -90.8024706542938, 2.16662
0 0 0 0 0, 70.6492883802672, 50.2464745947851, 2.16662
0 0 0 0 0, -156.734840039999, 282.677337964455, 2.16662
0 0 0 0 0, -249.46767280059, 87.1502280857176, 2.16662
0 0 0 0 0, -150.138895183737, -70.5423213013219, 2.16662
0 0 0 0 0, 118.078759359904, -103.648331133934, 2.16662
0 0 0 0 0, -92.4583051498303, 224.96956026573, 2.16662
0 0 0 0 0, 195.287123843228, -238.196504381112, 2.16662
0 0 0 0 0, -238.924343355008, 128.821383387454, 2.16662
0 0 0 0 0, 253.624146271192, 167.633346710609, 2.16662
0 0 0 0 0, 104.37065098299, 45.9961182410611, 2.16662
0 0 0 0 0, 227.533809991197, 94.3635466445819, 2.16662
0 0 0 0 0, -159.913817783601, 103.707834789481, 2.16662
0 0 0 0 0, -19.6516262671028, 317.055409840515, 2.16662
0 0 0 0 0, 128.907875997894, -184.641891842755, 2.16662
0 0 0 0 0, -15.2121689875977, -179.578758135729, 2.16662
0 0 0 0 0, 66.8096497722515, -82.0344486026078, 2.16662
0 0 0 0 0, -63.2909226353791, 212.867791783468, 2.16662
0 0 0 0 0, -73.3190519264497, 266.700473683233, 2.16662
0 0 0 0 0, 148.575185367498, -245.994947681318, 2.16662
0 0 0 0 0, 131.323420862341, 7.26205855647535, 2.16662
0 0 0 0 0, 176.577622331117, 118.191292611742, 2.16662
0 0 0 0 0, 74.2508899054454, -185.054637885692, 2.16662
0 0 0 0 0, -294.144872214981, -119.95819303787, 2.16662
0 0 0 0 0, 117.465213153926, 98.2367023750422, 2.16662
0 0 0 0 0, -89.6897880206444, -36.9773506088201, 2.16662
0 0 0 0 0, -163.131931437839, 22.5389635662379, 2.16662
0 0 0 0 0, -69.6366024265171, 2.02103820931782, 2.16662
0 0 0 0 0, 147.995134480903, -96.9591872026913, 2.16662
0 0 0 0 0, -202.38506854181, -183.622504454773, 2.16662
0 0 0 0 0, -114.956504781899, -131.098747009846, 2.16662
0 0 0 0 0, -101.71133506816, 45.8192873298954, 2.16662
0 0 0 0 0, 52.655444278159, -305.914405654351, 2.16662
0 0 0 0 0, -23.9788590484338, 154.217314805835, 2.16662
0 0 0 0 0, 95.2357104031835, 178.285789779349, 2.16662
0 0 0 0 0, -286.846350610628, 87.6454070063889, 2.16662
0 0 0 0 0, -206.21047231348, -169.273761617304, 2.16662
0 0 0 0 0, -178.397336803144, -57.1133619290895, 2.16662
0 0 0 0 0, -44.4693491522442, -294.588703139699, 2.16662
0 0 0 0 0, 5.63796593785044, -295.911330540029, 2.16662
0 0 0 0 0, -38.4301532554133, -275.018167797156, 2.16662
0 0 0 0 0, 191.184477506518, -30.4880360215741, 2.16662
0 0 0 0 0, -196.367218401158, -210.175484459945, 2.16662
0 0 0 0 0, -196.767899733486, -175.291289514178, 2.16662
0 0 0 0 0, -75.3515248584677, 257.904704043635, 2.16662
0 0 0 0 0, -52.0301809713346, 125.339420742821, 2.16662
0 0 0 0 0, -221.316426319411, 1.42430034461418, 2.16662
0 0 0 0 0, 112.510863710231, -267.293589222152, 2.16662
0 0 0 0 0, 55.5725082452189, -187.553253696843, 2.16662
0 0 0 0 0, -112.215079857445, -118.204160430188, 2.16662
0 0 0 0 0, 221.636447884562, -203.095120196314, 2.16662
0 0 0 0 0, -106.483147609509, -221.355628485697, 2.16662
0 0 0 0 0, -11.1621280653465, -172.822825763291, 2.16662
0 0 0 0 0, 227.969813641898, -159.382266320954, 2.16662
0 0 0 0 0, 17.850160660242, -298.663036125201, 2.16662
0 0 0 0 0, -50.4387432011091, -243.525719485561, 2.16662
0 0 0 0 0, -298.057196589029, 120.315899908869, 2.16662
0 0 0 0 0, -175.181933682854, 127.043388797116, 2.16662
0 0 0 0 0, 106.203220174763, -283.192189594978, 2.16662
0 0 0 0 0, -301.705601344709, -70.4316149389293, 2.16662
0 0 0 0 0, -121.789845203003, 85.6359906006499, 2.16662
0 0 0 0 0, -136.304524447567, 29.3145054622091, 2.16662
0 0 0 0 0, -262.929174551436, 59.3529173726834, 2.16662
0 0 0 0 0, 18.9175063932267, -130.357208644478, 2.16662
0 0 0 0 0, 228.131579260413, 156.546902084861, 2.16662
0 0 0 0 0, -244.318313548037, -204.996766937377, 2.16662
0 0 0 0 0, -79.1330903688338, -150.142742419211, 2.16662
0 0 0 0 0, -64.2747237913471, -190.577696901656, 2.16662
0 0 0 0 0, -0.715209767476933, 226.115756759135, 2.16662
0 0 0 0 0, 163.652442706538, -40.7893580657251, 2.16662
0 0 0 0 0, -203.723876485215, 139.137086401107, 2.16662
0 0 0 0 0, 158.471780832431, -62.1693474165321, 2.16662
0 0 0 0 0, -75.763267695551, 304.098647732511, 2.16662
0 0 0 0 0, -23.6640164105822, 176.238745034528, 2.16662
0 0 0 0 0, 23.7583729392377, 233.690157402672, 2.16662
0 0 0 0 0, -243.353220626876, -19.0469207533563, 2.16662
0 0 0 0 0, 3.15820057546503, -116.314632129367, 2.16662
0 0 0 0 0, -222.927333659704, -113.797419633076, 2.16662
0 0 0 0 0, -253.58979046678, 42.6322384102074, 2.16662
0 0 0 0 0, -104.257913659342, -3.48904552422641, 2.16662
0 0 0 0 0, -137.072236442533, 184.819047510882, 2.16662
0 0 0 0 0, -151.886694308212, -114.389923706231, 2.16662
0 0 0 0 0, 65.3254634560744, -190.815836818361, 2.16662
0 0 0 0 0, -122.549655282353, -179.308360706692, 2.16662
0 0 0 0 0, -12.7797412266255, -293.982437325775, 2.16662
0 0 0 0 0, -126.552818902506, -133.290611915745, 2.16662
0 0 0 0 0, -89.2429983363868, 164.833192399915, 2.16662
0 0 0 0 0, 188.177383935303, 177.632044618034, 2.16662
0 0 0 0 0, 23.6609449349774, -157.61886871989, 2.16662
0 0 0 0 0, -108.682502655973, -144.701782299857, 2.16662
0 0 0 0 0, -44.1925681338218, 232.5042672404, 2.16662
0 0 0 0 0, 41.1542800361413, -158.012677052402, 2.16662
0 0 0 0 0, 255.673793508546, -22.8637522592101, 2.16662
0 0 0 0 0, 72.4795066761266, 34.6027335956875, 2.16662
0 0 0 0 0, -96.8425200034108, 33.0986209782724, 2.16662
0 0 0 0 0, 176.584371419782, 224.571566774905, 2.16662
0 0 0 0 0, -198.861884698797, 48.1684622361473, 2.16662
0 0 0 0 0, -14.7202534720058, -121.914215984782, 2.16662
0 0 0 0 0, -43.256169360933, 146.446114761593, 2.16662
0 0 0 0 0, -251.519075804464, -8.70214310690273, 2.16662
0 0 0 0 0, 175.465314622632, -110.943103808408, 2.16662
0 0 0 0 0, -55.7289970621536, 231.591808667606, 2.16662
0 0 0 0 0, 57.3508942634142, -252.865125803444, 2.16662
0 0 0 0 0, -152.653766798224, 201.109159677697, 2.16662
0 0 0 0 0, -61.8700966675081, 226.48640224995, 2.16662
0 0 0 0 0, -106.682585800333, 5.52732363616932, 2.16662
0 0 0 0 0, 101.954750328834, 212.763456155079, 2.16662
0 0 0 0 0, 206.608548506001, 247.354989173975, 2.16662
0 0 0 0 0, 27.4982558443971, 219.491734297053, 2.16662
0 0 0 0 0, 170.243131805673, 264.043787990459, 2.16662
0 0 0 0 0, 95.9807534004852, 227.572053673003, 2.16662
0 0 0 0 0, -248.234956376136, 33.9739893796517, 2.16662
0 0 0 0 0, 29.6149979779865, -223.410494635965, 2.16662
0 0 0 0 0, -63.9353347927643, 305.549964083656, 2.16662
0 0 0 0 0, -244.912589971822, -117.221325139758, 2.16662
0 0 0 0 0, -151.97138212751, 22.7486780920781, 2.16662
0 0 0 0 0, -95.7883301806636, 144.074245424789, 2.16662
0 0 0 0 0, -113.810888978514, 265.391014361594, 2.16662
0 0 0 0 0, -83.0760494994252, 279.278245172045, 2.16662
0 0 0 0 0, 27.5932269150932, -94.6529373210459, 2.16662
0 0 0 0 0, -269.139744416553, -151.034859228042, 2.16662
0 0 0 0 0, -132.015650842235, 154.962429297172, 2.16662
0 0 0 0 0, -51.9870216660756, -178.06976525793, 2.16662
0 0 0 0 0, 23.1005948629478, -116.936630767561, 2.16662
0 0 0 0 0, -29.1571158188426, -238.73141579477, 2.16662
0 0 0 0 0, -91.2780014383262, 256.679432789, 2.16662
0 0 0 0 0, 218.791094893476, -81.3240279777208, 2.16662
0 0 0 0 0, 119.778426375312, -298.887243997339, 2.16662
0 0 0 0 0, -228.278517778201, 149.697320389596, 2.16662
0 0 0 0 0, 319.189499263313, 26.2984439981164, 2.16662
0 0 0 0 0, -84.3757581573918, -160.634171582624, 2.16662
0 0 0 0 0, 19.0309036546436, -285.261987729637, 2.16662
0 0 0 0 0, -101.870274425981, 211.260012555996, 2.16662
0 0 0 0 0, -8.29051112919692, 53.5073141444898, 2.16662
0 0 0 0 0, 5.34478743700891, -274.831762382603, 2.16662
0 0 0 0 0, 168.643059098612, -239.061743409476, 2.16662
0 0 0 0 0, 11.9766001530419, 191.005762404798, 2.16662
0 0 0 0 0, -223.059828045642, -134.165159831829, 2.16662
0 0 0 0 0, -201.533659218029, -70.4234899815725, 2.16662
0 0 0 0 0, -313.013805381908, 39.5073704893321, 2.16662
0 0 0 0 0, 105.309443867726, -71.6964296171204, 2.16662
0 0 0 0 0, -302.141834232052, -106.834495993712, 2.16662
0 0 0 0 0, -19.0300285608256, -208.866845548111, 2.16662
0 0 0 0 0, 20.94867034177, 81.2677339524447, 2.16662
0 0 0 0 0, -167.663290545133, -60.4700391687397, 2.16662
0 0 0 0 0, 31.3735641880137, 321.368407549328, 2.16662
0 0 0 0 0, -307.806440029628, 53.3275594113508, 2.16662
0 0 0 0 0, -264.032146021885, -58.172971692781, 2.16662
0 0 0 0 0, -39.7775075193011, 53.7937937779667, 2.16662
0 0 0 0 0, -292.393435738591, 78.8425510706893, 2.16662
0 0 0 0 0, -239.489247272094, 76.4919171215963, 2.16662
0 0 0 0 0, 85.5178233094773, 236.238562118397, 2.16662
0 0 0 0 0, -96.7929429458275, 68.8926784239127, 2.16662
0 0 0 0 0, -167.434165493762, 31.0741817403513, 2.16662
0 0 0 0 0, -253.800192377789, 77.6926859201122, 2.16662
0 0 0 0 0, -274.193536253526, -139.577261184756, 2.16662
0 0 0 0 0, 77.2286792589375, -295.986066752161, 2.16662
0 0 0 0 0, -206.284555457934, 59.6047728057431, 2.16662
0 0 0 0 0, -250.485747361094, 167.089073492438, 2.16662
0 0 0 0 0, 139.902479642967, -270.245395429197, 2.16662
0 0 0 0 0, -313.032040089831, 2.75221461180035, 2.16662
0 0 0 0 0, 53.0498289593695, -276.204786063374, 2.16662
0 0 0 0 0, -181.152992767919, -60.1213107280533, 2.16662
0 0 0 0 0, -192.163432215268, -189.054561343175, 2.16662
0 0 0 0 0, -237.022637505911, -46.2441845029234, 2.16662
0 0 0 0 0, -115.042427513958, -55.5160995462076, 2.16662
0 0 0 0 0, -67.5878444488732, -104.537354630887, 2.16662
0 0 0 0 0, -101.617376856049, -74.8598209091251, 2.16662
0 0 0 0 0, 3.38112787140256, -192.531359471584, 2.16662
0 0 0 0 0, 24.1686848346383, -285.98577149066, 2.16662
0 0 0 0 0, 6.7102563272519, -169.098170186843, 2.16662
0 0 0 0 0, 165.500674920576, -279.180495506353, 2.16662
0 0 0 0 0, 110.385810050976, -88.1787109570082, 2.16662
0 0 0 0 0, 214.429745040044, -43.7250831164929, 2.16662
0 0 0 0 0, -306.643540052634, 101.553066436276, 2.16662
0 0 0 0 0, -223.83432481765, 137.062371750836, 2.16662
0 0 0 0 0, -257.582718241117, 157.454867663885, 2.16662
0 0 0 0 0, -144.538508786585, 51.2134998421427, 2.16662
0 0 0 0 0, -96.4249794238335, 204.770785590317, 2.16662
0 0 0 0 0, -103.832028592231, 72.7841988245073, 2.16662
0 0 0 0 0, -9.6581948994406, 102.282256094616, 2.16662
0 0 0 0 0, 10.54463608761, 163.31975754049, 2.16662
0 0 0 0 0, -70.0344215760609, 29.6951978467202, 2.16662
0 0 0 0 0, 132.730489807565, 49.05021463599, 2.16662
0 0 0 0 0, 201.918488543376, 176.222531829072, 2.16662
0 0 0 0 0, 175.397973476492, 72.1995147877084, 2.16662
0 0 0 0 0, 69.4894914038407, -264.702834666506, 2.16662
0 0 0 0 0, 97.2189135035552, 274.153467913688, 2.16662
0 0 0 0 0, -123.122139749761, -6.99786219522445, 2.16662
0 0 0 0 0, 75.3018187696389, 177.254931545008, 2.16662
0 0 0 0 0, -34.2713619612632, -320.904049205633, 2.16662
0 0 0 0 0, -42.2089589288954, -222.937022043813, 2.16662
0 0 0 0 0, -102.266539328088, -174.468579531232, 2.16662
0 0 0 0 0, 295.71842875214, 107.398464193701, 2.16662
0 0 0 0 0, -66.3203927826145, -265.795259879639, 2.16662
0 0 0 0 0, -31.5523744711268, -221.830328630878, 2.16662
0 0 0 0 0, 135.612293235254, -199.094473571945, 2.16662
0 0 0 0 0, -248.053476427965, -37.5259392066658, 2.16662
0 0 0 0 0, 314.969422740514, 2.60989553828615, 2.16662
0 0 0 0 0, 191.921480931487, 42.9421842056926, 2.16662
0 0 0 0 0, -95.6430743061433, 187.479885218945, 2.16662
0 0 0 0 0, 110.947128022005, -129.701697396228, 2.16662
0 0 0 0 0, 209.454350326189, -82.5548925975405, 2.16662
0 0 0 0 0, 107.635548406992, 49.2561855872795, 2.16662
0 0 0 0 0, 63.658144107193, 106.527292654694, 2.16662
0 0 0 0 0, 219.275895511697, 132.473928542062, 2.16662
0 0 0 0 0, -170.210488556703, -213.241246345414, 2.16662
0 0 0 0 0, -249.64519148978, -116.718767506663, 2.16662
0 0 0 0 0, 232.151609759769, 117.509139772869, 2.16662
0 0 0 0 0, 228.722686866689, 139.245036824097, 2.16662
0 0 0 0 0, -202.110886963537, 225.528526291708, 2.16662
0 0 0 0 0, 35.9851468661453, 239.687997884003, 2.16662
0 0 0 0 0, -51.6784106389273, -299.063166012194, 2.16662
0 0 0 0 0, -39.1122592473737, -312.007272475551, 2.16662
0 0 0 0 0, -23.2933279829668, -289.030814564683, 2.16662
0 0 0 0 0, 6.32300693728773, -307.053515088153, 2.16662
0 0 0 0 0, 4.17234258979734, -283.362086747741, 2.16662
0 0 0 0 0, 41.2769957067532, -296.707670370226, 2.16662
0 0 0 0 0, 43.8996930074457, -279.484794544135, 2.16662
0 0 0 0 0, 67.2705661917643, -303.137709753074, 2.16662
0 0 0 0 0, 78.9330831920677, -287.535536121471, 2.16662
0 0 0 0 0, 113.848168219565, -297.36036244068, 2.16662
0 0 0 0 0, -54.2357466590719, -289.038859689105, 2.16662
0 0 0 0 0, -20.8987248588554, -282.104625212935, 2.16662
0 0 0 0 0, 10.2334657975586, -260.938092653605, 2.16662
0 0 0 0 0, 53.5178543859519, -287.910314365538, 2.16662
0 0 0 0 0, 61.2625516117041, -257.145522513253, 2.16662
0 0 0 0 0, 74.7563927937331, -256.282443572878, 2.16662
0 0 0 0 0, 104.129922973354, -274.316214571399, 2.16662
0 0 0 0 0, 97.9200478266916, -260.25139881332, 2.16662
0 0 0 0 0, 123.335334534069, -286.581310457587, 2.16662
0 0 0 0 0, 166.254327799494, -256.538454699104, 2.16662
0 0 0 0 0, -183.929109981379, -217.160679406386, 2.16662
0 0 0 0 0, -107.30380538922, -234.958199151307, 2.16662
0 0 0 0 0, -24.2725728250158, -258.081722591555, 2.16662
0 0 0 0 0, -8.29279162524694, -217.420861888347, 2.16662
0 0 0 0 0, -24.2523701405754, -189.455617767774, 2.16662
0 0 0 0 0, -4.7443632433789, -259.415293940527, 2.16662
0 0 0 0 0, 18.4571018278019, -221.929469113887, 2.16662
0 0 0 0 0, 158.926302134825, -256.494819826973, 2.16662
0 0 0 0 0, 179.321391886706, -241.280561943808, 2.16662
0 0 0 0 0, 202.765475920481, -228.222848176713, 2.16662
0 0 0 0 0, -241.462072412484, -194.623885739688, 2.16662
0 0 0 0 0, -198.143507167243, -236.716859352299, 2.16662
0 0 0 0 0, -231.075173833994, -195.963974315034, 2.16662
0 0 0 0 0, -73.7449842959278, -192.052697304828, 2.16662
0 0 0 0 0, -3.92982113684882, -198.676002938715, 2.16662
0 0 0 0 0, 2.63640689130492, -181.163959934768, 2.16662
0 0 0 0 0, 18.9355141286931, -178.828759442792, 2.16662
0 0 0 0 0, 101.604202540753, -181.555263180773, 2.16662
0 0 0 0 0, 125.743585254219, -201.239823344051, 2.16662
0 0 0 0 0, 233.016355953961, -194.029238796417, 2.16662
0 0 0 0 0, -197.499847627824, -136.681941988219, 2.16662
0 0 0 0 0, -238.390557004155, -181.61152502465, 2.16662
0 0 0 0 0, -242.004152489484, -174.776758290575, 2.16662
0 0 0 0 0, -136.415847650924, -185.274515934252, 2.16662
0 0 0 0 0, -96.6206082759746, -188.424781208786, 2.16662
0 0 0 0 0, -45.8958786779668, -187.100033288352, 2.16662
0 0 0 0 0, -24.6309483768332, -174.266671965857, 2.16662
0 0 0 0 0, -23.6648560884437, -164.704512644237, 2.16662
0 0 0 0 0, 117.296363790305, -179.115102209871, 2.16662
0 0 0 0 0, 136.000647718926, -175.14153793422, 2.16662
0 0 0 0 0, -274.439361834672, -128.584598788108, 2.16662
0 0 0 0 0, -262.806327850349, -158.101357689044, 2.16662
0 0 0 0 0, -232.402842477405, -114.986798311224, 2.16662
0 0 0 0 0, -112.259489354547, -154.583255072085, 2.16662
0 0 0 0 0, -71.441341271814, -174.358048767298, 2.16662
0 0 0 0 0, -57.7515545286131, -161.800891420815, 2.16662
0 0 0 0 0, 0.275477588108253, -152.428057801493, 2.16662
0 0 0 0 0, 9.15756783010292, -127.080967767107, 2.16662
0 0 0 0 0, 74.2358286703363, -141.117237857216, 2.16662
0 0 0 0 0, 225.67000389549, -152.077342449354, 2.16662
0 0 0 0 0, -292.168946927369, -109.77395207692, 2.16662
0 0 0 0 0, -254.892481262222, -114.693589388071, 2.16662
0 0 0 0 0, -240.04203311213, -103.520180056662, 2.16662
0 0 0 0 0, -130.562384875328, -124.862861384304, 2.16662
0 0 0 0 0, -123.265101500564, -121.635500969091, 2.16662
0 0 0 0 0, -108.4796028441, -109.440639919935, 2.16662
0 0 0 0 0, -11.2488728144635, -113.026550426788, 2.16662
0 0 0 0 0, 22.0193035356807, -109.430309487393, 2.16662
0 0 0 0 0, 35.1816047644713, -111.297794679817, 2.16662
0 0 0 0 0, 105.473855396173, -122.197770985323, 2.16662
0 0 0 0 0, -285.726909123728, -98.399837789721, 2.16662
0 0 0 0 0, -246.758944674602, -98.8242020978433, 2.16662
0 0 0 0 0, -202.713695996199, -111.986814533372, 2.16662
0 0 0 0 0, -138.014683227217, -124.658655954848, 2.16662
0 0 0 0 0, -58.2570621436324, -111.082596285879, 2.16662
0 0 0 0 0, 10.7095782808386, -106.78644386311, 2.16662
0 0 0 0 0, 16.1900568028895, -94.4979823199702, 2.16662
0 0 0 0 0, 127.875851617327, -104.550112784539, 2.16662
0 0 0 0 0, 136.938909679212, -99.5506513693722, 2.16662
0 0 0 0 0, 168.69145593144, -78.543625801504, 2.16662
0 0 0 0 0, -286.335965721232, -68.9320323906973, 2.16662
0 0 0 0 0, -218.517436644761, -67.2215752225942, 2.16662
0 0 0 0 0, -136.761112292744, -70.1620029168053, 2.16662
0 0 0 0 0, -86.9187381216679, -69.8555920934598, 2.16662
0 0 0 0 0, 75.2260247725041, -75.9418570832836, 2.16662
0 0 0 0 0, 116.548865900685, -77.1139784376724, 2.16662
0 0 0 0 0, 101.223932536752, -103.385103136518, 2.16662
0 0 0 0 0, 154.355356068402, -51.8866174193281, 2.16662
0 0 0 0 0, 197.532909090307, -75.4538543060633, 2.16662
0 0 0 0 0, 218.036585100786, -61.5344485634094, 2.16662
0 0 0 0 0, -253.147826382168, -48.5962482165782, 2.16662
0 0 0 0 0, -258.262307366174, -17.4760665681509, 2.16662
0 0 0 0 0, -224.617714120614, -52.827538475996, 2.16662
0 0 0 0 0, -193.688644725533, -93.5997640302376, 2.16662
0 0 0 0 0, -181.507917882684, -97.2610380650812, 2.16662
0 0 0 0 0, -137.509634090251, -81.7056157789389, 2.16662
0 0 0 0 0, -110.363360748712, -51.4276899193069, 2.16662
0 0 0 0 0, -72.8782480911963, -49.4537111779038, 2.16662
0 0 0 0 0, 169.984175801293, -46.9641485976459, 2.16662
0 0 0 0 0, 228.767922135566, -32.6407988551127, 2.16662
0 0 0 0 0, -320.483787583665, 2.69029401784611, 2.16662
0 0 0 0 0, -237.166517400415, -2.99875258594323, 2.16662
0 0 0 0 0, -224.715291464721, -20.6097252976718, 2.16662
0 0 0 0 0, -213.075447867382, 6.20467454801973, 2.16662
0 0 0 0 0, -127.97219133856, -0.243482897687364, 2.16662
0 0 0 0 0, -95.644738772125, -0.822986817545738, 2.16662
0 0 0 0 0, -58.60310718264, 38.7301099331567, 2.16662
0 0 0 0 0, 171.915460153554, -35.9220112650933, 2.16662
0 0 0 0 0, 261.004785187336, -12.5499396896097, 2.16662
0 0 0 0 0, 292.972520507529, 43.3709691228278, 2.16662
0 0 0 0 0, -256.606567003784, 25.9335787947601, 2.16662
0 0 0 0 0, -237.943070180306, 47.4735806029263, 2.16662
0 0 0 0 0, -181.005853284654, 22.0899831095952, 2.16662
0 0 0 0 0, -166.05984803798, 4.24959513215741, 2.16662
0 0 0 0 0, -134.083311068095, 9.6821587798229, 2.16662
0 0 0 0 0, -125.256925317553, 42.1283629824952, 2.16662
0 0 0 0 0, -105.355440934014, 19.0336073310855, 2.16662
0 0 0 0 0, -79.4780340864902, 43.1631497685997, 2.16662
0 0 0 0 0, 137.279295973568, 11.721601852479, 2.16662
0 0 0 0 0, 298.507624409579, 53.8866732533994, 2.16662
0 0 0 0 0, -280.401747775757, 14.5642056022555, 2.16662
0 0 0 0 0, -255.665275295906, 61.2334599453656, 2.16662
0 0 0 0 0, -184.948118886705, 43.4677615132967, 2.16662
0 0 0 0 0, -112.391954906365, 55.0190654517967, 2.16662
0 0 0 0 0, -83.008621037534, 50.5300196218058, 2.16662
0 0 0 0 0, 58.5505643719401, 45.0839597863045, 2.16662
0 0 0 0 0, 82.9993681217288, 63.1245398804095, 2.16662
0 0 0 0 0, 99.952619711535, 14.7504795369292, 2.16662
0 0 0 0 0, 152.601907660585, 41.6555316358044, 2.16662
0 0 0 0 0, 165.601074184975, 35.8783450668535, 2.16662
0 0 0 0 0, -292.812088880183, 103.471971979282, 2.16662
0 0 0 0 0, -254.132513861925, 69.72816899691, 2.16662
0 0 0 0 0, -196.105630560218, 66.8315886322249, 2.16662
0 0 0 0 0, -153.460663025817, 59.7868720538546, 2.16662
0 0 0 0 0, -101.578775673375, 77.3288621152123, 2.16662
0 0 0 0 0, -113.154876370035, 65.6260004226216, 2.16662
0 0 0 0 0, -35.9001959375711, 60.3287563383704, 2.16662
0 0 0 0 0, -35.6832215253542, 38.6978674242646, 2.16662
0 0 0 0 0, 60.0755495422025, 53.3230569982532, 2.16662
0 0 0 0 0, 170.233875882458, 80.1973722240984, 2.16662
0 0 0 0 0, -285.95207780636, 115.482999819776, 2.16662
0 0 0 0 0, -243.666942820102, 80.6953597119676, 2.16662
0 0 0 0 0, -256.020967836362, 112.451636874893, 2.16662
0 0 0 0 0, -237.943155680929, 62.945761334823, 2.16662
0 0 0 0 0, -229.05549474694, 68.7724390556132, 2.16662
0 0 0 0 0, -217.407137926291, 105.65838138057, 2.16662
0 0 0 0 0, -121.524157131297, 72.9091816819193, 2.16662
0 0 0 0 0, 15.3667573960219, 94.6289886214117, 2.16662
0 0 0 0 0, 128.444246537638, 96.2231740371975, 2.16662
0 0 0 0 0, 198.019078971039, 105.321962889149, 2.16662
0 0 0 0 0, -293.303040327456, 130.360210608024, 2.16662
0 0 0 0 0, -228.746827736959, 136.419346655847, 2.16662
0 0 0 0 0, -170.389848267698, 159.161600431165, 2.16662
0 0 0 0 0, -140.156621854626, 99.7811873962304, 2.16662
0 0 0 0 0, -7.22004907423648, 118.206247366693, 2.16662
0 0 0 0 0, -13.1954599409585, 97.5625160638308, 2.16662
0 0 0 0 0, 49.6017307266843, 80.3620566353097, 2.16662
0 0 0 0 0, 168.289406223622, 126.314469934008, 2.16662
0 0 0 0 0, 254.61442783297, 113.359890940089, 2.16662
0 0 0 0 0, 298.783567983597, 98.1533401397589, 2.16662
0 0 0 0 0, -253.020396724213, 161.766846460024, 2.16662
0 0 0 0 0, -216.535236990659, 159.293838398452, 2.16662
0 0 0 0 0, -209.88381010736, 117.880420430184, 2.16662
0 0 0 0 0, -197.406184575953, 172.874891751344, 2.16662
0 0 0 0 0, -126.12949189819, 153.259519978488, 2.16662
0 0 0 0 0, -101.583947562802, 128.921952315553, 2.16662
0 0 0 0 0, -7.78322908059055, 141.595991101977, 2.16662
0 0 0 0 0, 234.310244662477, 161.659548680484, 2.16662
0 0 0 0 0, 250.530441767848, 156.760246572502, 2.16662
0 0 0 0 0, 268.486176337577, 137.674429319721, 2.16662
0 0 0 0 0, -239.721614798668, 171.233962507296, 2.16662
0 0 0 0 0, -92.6588301868075, 173.343167776352, 2.16662
0 0 0 0 0, 1.16372254148514, 159.722108681737, 2.16662
0 0 0 0 0, -22.5918676992156, 183.702066394003, 2.16662
0 0 0 0 0, 9.4349266215642, 174.035680889998, 2.16662
0 0 0 0 0, 73.4793803095725, 173.88390368624, 2.16662
0 0 0 0 0, 92.765719093566, 170.106101413202, 2.16662
0 0 0 0 0, 196.920938188916, 178.29721451823, 2.16662
0 0 0 0 0, 208.219286310276, 182.232073994534, 2.16662
0 0 0 0 0, 230.48823136066, 188.275167346608, 2.16662
0 0 0 0 0, -155.927620001032, 216.266549976299, 2.16662
0 0 0 0 0, -140.184150688738, 166.187694590417, 2.16662
0 0 0 0 0, -109.583901043078, 212.816988606646, 2.16662
0 0 0 0 0, -92.068662682486, 192.495298314027, 2.16662
0 0 0 0 0, -105.337736526843, 186.88387016713, 2.16662
0 0 0 0 0, -70.0408670592165, 216.594620358864, 2.16662
0 0 0 0 0, 12.1996354809176, 199.302150793762, 2.16662
0 0 0 0 0, 16.8448045338814, 214.012350487033, 2.16662
0 0 0 0 0, 104.453869367966, 229.076568480598, 2.16662
0 0 0 0 0, 168.853868694229, 227.312235797697, 2.16662
0 0 0 0 0, -190.321849252846, 228.685770222037, 2.16662
0 0 0 0 0, -98.5151612164651, 233.699920900681, 2.16662
0 0 0 0 0, -47.8227900925894, 222.472591448862, 2.16662
0 0 0 0 0, -37.442071999428, 229.105614727443, 2.16662
0 0 0 0 0, -35.2135304213836, 218.600961185766, 2.16662
0 0 0 0 0, -4.673161395458, 219.625441379951, 2.16662
0 0 0 0 0, 15.4670573946739, 240.98899155106, 2.16662
0 0 0 0 0, 9.41611143526458, 217.46515163563, 2.16662
0 0 0 0 0, 90.3487725501375, 257.650173021205, 2.16662
0 0 0 0 0, 125.174645239079, 223.596782166337, 2.16662
0 0 0 0 0, -136.475174916227, 290.087863865147, 2.16662
0 0 0 0 0, -105.94330834501, 272.490156635506, 2.16662
0 0 0 0 0, -101.232949514574, 252.757243640888, 2.16662
0 0 0 0 0, -91.4691098742498, 274.519118666945, 2.16662
0 0 0 0 0, -90.252517865588, 294.650088327466, 2.16662
0 0 0 0 0, -81.9372215774862, 247.957750394903, 2.16662
0 0 0 0 0, -53.4001770654535, 252.913549725517, 2.16662
0 0 0 0 0, 103.75605651425, 271.052526499188, 2.16662
0 0 0 0 0, 176.910119389556, 259.588373401957, 2.16662
0 0 0 0 0, 183.446278531917, 242.307561431977, 2.16662
0 0 0 0 0, -250.472801273159, -192.606358090805, 2.16662
0 0 0 0 0, -261.293113524794, -178.109740936128, 2.16662
0 0 0 0 0, -183.913960307309, -255.142278828869, 2.16662
0 0 0 0 0, -187.860515765982, -239.905543555957, 2.16662
0 0 0 0 0, -282.661419221356, -110.71850987972, 2.16662
0 0 0 0 0, -176.860328860019, -232.799558440442, 2.16662
0 0 0 0 0, -260.047249210087, -130.825840932915, 2.16662
0 0 0 0 0, -167.590916299607, -233.800073044947, 2.16662
0 0 0 0 0, -262.654986368033, -116.629325428073, 2.16662
0 0 0 0 0, -140.485037098976, -252.981624346802, 2.16662
0 0 0 0 0, -278.239739453698, -74.8486089607177, 2.16662
0 0 0 0 0, -302.771587244964, -40.0685857915351, 2.16662
0 0 0 0 0, -68.7291611871388, -310.79696020298, 2.16662
0 0 0 0 0, -75.7113508572742, -301.163257140443, 2.16662
0 0 0 0 0, -283.210528494457, -58.0927310778326, 2.16662
0 0 0 0 0, -128.760033529325, -237.280131624755, 2.16662
0 0 0 0 0, -62.8044950491638, -315.252706993985, 2.16662
0 0 0 0 0, -293.281608429694, -45.4966826084065, 2.16662
0 0 0 0 0, -139.014617077907, -222.925910824618, 2.16662
0 0 0 0 0, -261.935979595558, -79.2710300962968, 2.16662
0 0 0 0 0, -312.292354786551, -14.6893737266441, 2.16662
0 0 0 0 0, -119.359754220157, -237.807323418841, 2.16662
0 0 0 0 0, -100.772780676913, -257.4361817372, 2.16662
0 0 0 0 0, -112.370531393792, -243.01310426183, 2.16662
0 0 0 0 0, -46.1614066304002, -318.316013209138, 2.16662
0 0 0 0 0, -253.170091150327, -75.246048783959, 2.16662
0 0 0 0 0, -284.747710321879, -37.6046148255909, 2.16662
0 0 0 0 0, -140.076948055947, -198.653280605842, 2.16662
0 0 0 0 0, -273.166738181662, -43.7988034467511, 2.16662
0 0 0 0 0, -200.242075563481, -122.553973365266, 2.16662
0 0 0 0 0, -303.374202473441, -2.77626504259828, 2.16662
0 0 0 0 0, -292.741727914125, -13.0348244633384, 2.16662
0 0 0 0 0, -193.350900500655, -127.259159043341, 2.16662
0 0 0 0 0, -218.658465557914, -78.7732765972722, 2.16662
0 0 0 0 0, -24.4621378791681, -304.680034885629, 2.16662
0 0 0 0 0, -274.260510248714, -4.76281119988364, 2.16662
0 0 0 0 0, -179.587483969601, -105.193027353858, 2.16662
0 0 0 0 0, -133.049817558588, -151.776337915338, 2.16662
0 0 0 0 0, 11.3026848780195, -319.913468412808, 2.16662
0 0 0 0 0, -144.147357719534, -130.481845271669, 2.16662
0 0 0 0 0, -255.565402685436, 11.8822999814206, 2.16662
0 0 0 0 0, -106.914629400607, -159.588532661202, 2.16662
0 0 0 0 0, -247.214536819085, 9.49342380068743, 2.16662
0 0 0 0 0, -73.4773761675724, -181.655146141561, 2.16662
0 0 0 0 0, -143.448404891217, -91.0954990314048, 2.16662
0 0 0 0 0, -64.4459339417225, -179.308661872352, 2.16662
0 0 0 0 0, -192.035483214369, -8.94177643372908, 2.16662
0 0 0 0 0, 20.2810661378831, -254.216596422714, 2.16662
0 0 0 0 0, 71.9225956777689, -310.700324182571, 2.16662
0 0 0 0 0, -118.740071200808, -83.2618192451954, 2.16662
0 0 0 0 0, -191.559201919008, 1.83629024042933, 2.16662
0 0 0 0 0, -83.8441263998994, -123.047445405008, 2.16662
0 0 0 0 0, -223.687899596008, 38.8267255976534, 2.16662
0 0 0 0 0, -105.614335743863, -97.1534619857892, 2.16662
0 0 0 0 0, -198.687119561073, 10.7460704271757, 2.16662
0 0 0 0 0, 14.2948863249385, -231.965279075973, 2.16662
0 0 0 0 0, -43.9681050325156, -156.901519957174, 2.16662
0 0 0 0 0, -129.733809664455, -53.8793531685361, 2.16662
0 0 0 0 0, -73.1808330461869, -119.662005577745, 2.16662
0 0 0 0 0, -169.328047532318, -4.71250278128698, 2.16662
0 0 0 0 0, -163.145990001517, -11.6486685044972, 2.16662
0 0 0 0 0, -86.5153726856449, -100.427649939634, 2.16662
0 0 0 0 0, -133.475820670038, -41.5413094265751, 2.16662
0 0 0 0 0, -62.5713782361676, -120.249731212608, 2.16662
0 0 0 0 0, 44.8856468829609, -245.382856410528, 2.16662
0 0 0 0 0, -131.447078232606, -34.3584934035749, 2.16662
0 0 0 0 0, 97.2957985122052, -303.623230413554, 2.16662
0 0 0 0 0, 44.6917100751135, -234.230796057652, 2.16662
0 0 0 0 0, -186.252900930583, 36.0067526024609, 2.16662
0 0 0 0 0, -255.222032122536, 119.699425019093, 2.16662
0 0 0 0 0, 102.185155882812, -293.779580636472, 2.16662
0 0 0 0 0, -142.646966831259, 1.32466753036772, 2.16662
0 0 0 0 0, -55.7381444550437, -95.4796063986637, 2.16662
0 0 0 0 0, 75.4316336712714, -249.01914292995, 2.16662
0 0 0 0 0, -253.458865282938, 133.823077886329, 2.16662
0 0 0 0 0, -237.46719703933, 116.010095727969, 2.16662
0 0 0 0 0, -198.306677136097, 76.4257596354836, 2.16662
0 0 0 0 0, -78.9897077951547, -60.5487441903448, 2.16662
0 0 0 0 0, 72.5158782752811, -237.066342424193, 2.16662
0 0 0 0 0, -71.7000711666935, -67.1015844623244, 2.16662
0 0 0 0 0, -36.2732415862463, -100.2482646805, 2.16662
0 0 0 0 0, -126.284368088474, 7.56345697888324, 2.16662
0 0 0 0 0, -181.637542308878, 73.0928050504167, 2.16662
0 0 0 0 0, -51.0867624918417, -77.7242365153905, 2.16662
0 0 0 0 0, 82.4792705415757, -231.321843638679, 2.16662
0 0 0 0 0, -43.2376688318271, -74.2810131882825, 2.16662
0 0 0 0 0, -116.44345614413, 17.2063300343912, 2.16662
0 0 0 0 0, 112.130836754427, -250.938635990915, 2.16662
0 0 0 0 0, 94.9367104674216, -226.205008738484, 2.16662
0 0 0 0 0, -15.2779501795997, -93.3452159702475, 2.16662
0 0 0 0 0, -164.871792598625, 82.9794005543989, 2.16662
0 0 0 0 0, -59.2326885457245, -36.4951257269854, 2.16662
0 0 0 0 0, 3.82238251146262, -103.606607174527, 2.16662
0 0 0 0 0, -240.668311821503, 179.479645275042, 2.16662
0 0 0 0 0, -138.320491091401, 67.8574784244981, 2.16662
0 0 0 0 0, -116.088516893694, 48.7686157847032, 2.16662
0 0 0 0 0, 113.483879834522, -219.332125703451, 2.16662
0 0 0 0 0, -244.182548526469, 196.036385482429, 2.16662
0 0 0 0 0, 120.498376256473, -217.6542008615, 2.16662
0 0 0 0 0, 36.072771903206, -103.389808874845, 2.16662
0 0 0 0 0, 141.428833388317, -224.65701158759, 2.16662
0 0 0 0 0, 119.029036285516, -197.207293670909, 2.16662
0 0 0 0 0, -209.760880050585, 196.378978392131, 2.16662
0 0 0 0 0, -194.112345513881, 183.909841703167, 2.16662
0 0 0 0 0, 59.1856595047164, -106.042953279112, 2.16662
0 0 0 0 0, -132.985838774415, 118.413285272484, 2.16662
0 0 0 0 0, 159.562698790628, -223.736196732094, 2.16662
0 0 0 0 0, -19.9768965206392, -11.8613184016761, 2.16662
0 0 0 0 0, 56.038705022823, -96.9988089784287, 2.16662
0 0 0 0 0, -179.643566108258, 177.266127886536, 2.16662
0 0 0 0 0, -11.9898131701961, -14.9021442160629, 2.16662
0 0 0 0 0, 83.7061203245478, -124.175211442239, 2.16662
0 0 0 0 0, -1.33136046531549, -23.8611824038954, 2.16662
0 0 0 0 0, -158.339344545433, 157.699452375016, 2.16662
0 0 0 0 0, 170.457916894239, -225.967346726075, 2.16662
0 0 0 0 0, 36.926319924824, -67.197685445242, 2.16662
0 0 0 0 0, -51.022010553712, 35.7198266363313, 2.16662
0 0 0 0 0, -65.8902578438838, 53.5579745901591, 2.16662
0 0 0 0 0, -119.343174069643, 119.933241104269, 2.16662
0 0 0 0 0, 82.471825307922, -112.930582856168, 2.16662
0 0 0 0 0, -102.342575734062, 103.310113759615, 2.16662
0 0 0 0 0, -23.3379388009512, 14.5971783586645, 2.16662
0 0 0 0 0, -109.005169178403, 118.554766541818, 2.16662
0 0 0 0 0, -165.652155546794, 186.605785349138, 2.16662
0 0 0 0 0, 140.436560254067, -168.221985403548, 2.16662
0 0 0 0 0, -154.224549205238, 174.949260432652, 2.16662
0 0 0 0 0, 7.10436513632545, -11.0510594878779, 2.16662
0 0 0 0 0, 50.3403162550628, -57.9022960347889, 2.16662
0 0 0 0 0, -14.6230557486168, 18.4212442352618, 2.16662
0 0 0 0 0, -100.935683662001, 118.496276820336, 2.16662
0 0 0 0 0, 161.807022277301, -188.095847568058, 2.16662
0 0 0 0 0, 57.767734899929, -64.1604051548822, 2.16662
0 0 0 0 0, 142.064101548773, -160.530063982633, 2.16662
0 0 0 0 0, 43.1571468438106, -41.8244745998232, 2.16662
0 0 0 0 0, 128.616396688555, -138.265678718567, 2.16662
0 0 0 0 0, 51.8802784997136, -40.6875837184113, 2.16662
0 0 0 0 0, 186.757917578305, -199.269319500079, 2.16662
0 0 0 0 0, 199.597825537856, -211.929966960241, 2.16662
0 0 0 0 0, -196.042942966189, 249.808853409663, 2.16662
0 0 0 0 0, 140.917196687892, -138.273810764917, 2.16662
0 0 0 0 0, 5.31156593993621, 23.3336140348657, 2.16662
0 0 0 0 0, 46.3323155477291, -24.0860982326175, 2.16662
0 0 0 0 0, -166.074036089919, 223.552987890611, 2.16662
0 0 0 0 0, 170.908400333043, -165.701913657861, 2.16662
0 0 0 0 0, 184.255837232035, -179.970818924864, 2.16662
0 0 0 0 0, 45.3450021955348, -14.5184599677601, 2.16662
0 0 0 0 0, 179.228513136134, -171.883312299133, 2.16662
0 0 0 0 0, 52.9620641374396, -19.131542606755, 2.16662
0 0 0 0 0, 70.1656045238558, -37.474545514917, 2.16662
0 0 0 0 0, 189.369420984873, -172.829402292292, 2.16662
0 0 0 0 0, 203.434658311531, -187.38220062229, 2.16662
0 0 0 0 0, 68.3250966781462, -25.4956500463709, 2.16662
0 0 0 0 0, -115.883440001672, 191.790788117128, 2.16662
0 0 0 0 0, 96.2852094700693, -53.860844750787, 2.16662
0 0 0 0 0, 48.856039354425, 5.71449860695488, 2.16662
0 0 0 0 0, 217.57674715461, -188.924483001655, 2.16662
0 0 0 0 0, -156.214746171137, 246.879984666689, 2.16662
0 0 0 0 0, 62.9094597101746, 0.205858658420913, 2.16662
0 0 0 0 0, -119.95867307301, 220.093597045185, 2.16662
0 0 0 0 0, -150.747790620596, 258.931697745231, 2.16662
0 0 0 0 0, 137.99760544371, -74.6618669444086, 2.16662
0 0 0 0 0, 128.582215505164, -63.1804501599328, 2.16662
0 0 0 0 0, 105.535068560272, -35.4487924969209, 2.16662
0 0 0 0 0, 82.5499056443851, -6.22420496053371, 2.16662
0 0 0 0 0, -138.918132486673, 253.463756052883, 2.16662
0 0 0 0 0, 241.467058590577, -184.355465085398, 2.16662
0 0 0 0 0, 125.44141908206, -43.2077127621992, 2.16662
0 0 0 0 0, 240.810332127349, -176.130848656608, 2.16662
0 0 0 0 0, -2.25777326879187, 110.15726512939, 2.16662
0 0 0 0 0, 124.154683457206, -35.5550641207711, 2.16662
0 0 0 0 0, 43.9448593419404, 58.8007307998494, 2.16662
0 0 0 0 0, 238.853636752001, -168.054522115756, 2.16662
0 0 0 0 0, -5.54930793006581, 125.569684008421, 2.16662
0 0 0 0 0, -116.972809801733, 253.974690838237, 2.16662
0 0 0 0 0, 36.8903311330668, 77.5020077734817, 2.16662
0 0 0 0 0, -103.153975878511, 240.828700911494, 2.16662
0 0 0 0 0, 100.295202634637, 7.35601930612913, 2.16662
0 0 0 0 0, 243.687739317122, -161.360237939599, 2.16662
0 0 0 0 0, 114.221715030538, 0.332888595056569, 2.16662
0 0 0 0 0, 139.119010177884, -21.6637733338408, 2.16662
0 0 0 0 0, 62.0815521037289, 72.4174317333639, 2.16662
0 0 0 0 0, -81.0294514310812, 240.686367445241, 2.16662
0 0 0 0 0, 175.034951940005, -52.1917729732299, 2.16662
0 0 0 0 0, 132.493492218391, -0.272416977117582, 2.16662
0 0 0 0 0, 187.939882264135, -57.3662904746728, 2.16662
0 0 0 0 0, -117.119213443825, 297.047018315319, 2.16662
0 0 0 0 0, -18.5142109611347, 191.804070703095, 2.16662
0 0 0 0 0, 132.604547955743, 19.3082846935788, 2.16662
0 0 0 0 0, -99.7203929247832, 289.428572447326, 2.16662
0 0 0 0 0, 165.634078106559, -9.08081492553961, 2.16662
0 0 0 0 0, -23.8755769115113, 212.592381316587, 2.16662
0 0 0 0 0, 0.754326093064368, 189.290268072614, 2.16662
0 0 0 0 0, -25.0991905182622, 220.907991655448, 2.16662
0 0 0 0 0, 166.610485762944, -0.935281781768775, 2.16662
0 0 0 0 0, 177.321224599119, -10.1220011108272, 2.16662
0 0 0 0 0, 18.1878267993227, 177.071133333654, 2.16662
0 0 0 0 0, 163.265651670694, 12.6571223083046, 2.16662
0 0 0 0 0, 247.352467580619, -78.8791512374992, 2.16662
0 0 0 0 0, 172.636622782033, 14.4032964460978, 2.16662
0 0 0 0 0, -12.4730924238256, 232.704691545779, 2.16662
0 0 0 0 0, 196.929324960637, -7.75916854021232, 2.16662
0 0 0 0 0, 254.426202208527, -75.6560282992737, 2.16662
0 0 0 0 0, -43.7292363172818, 275.035318365514, 2.16662
0 0 0 0 0, 261.320499995829, -78.0720474122769, 2.16662
0 0 0 0 0, 188.435287530951, 10.6285767544845, 2.16662
0 0 0 0 0, 37.4501232815269, 194.142387643696, 2.16662
0 0 0 0 0, 213.370210141714, -10.0020031788088, 2.16662
0 0 0 0 0, 236.05541783238, -35.7088612015301, 2.16662
0 0 0 0 0, 70.5653973603954, 164.715543059865, 2.16662
0 0 0 0 0, 273.428688671982, -71.7832605413638, 2.16662
0 0 0 0 0, 222.897205341824, -1.94003059245754, 2.16662
0 0 0 0 0, 100.700457968791, 133.267127472467, 2.16662
0 0 0 0 0, 291.198721771704, -77.0372644532312, 2.16662
0 0 0 0 0, 182.118232545006, 81.2201155602334, 2.16662
0 0 0 0 0, -17.0328657710884, 271.74594217519, 2.16662
0 0 0 0 0, 275.803438721743, -55.3238034281168, 2.16662
0 0 0 0 0, -26.2109394540074, 278.66763316849, 2.16662
-1 0 0 0 0, 0, 0, 3.175
