0 0 0 0 0, 73.3871678198867, -43.3569016924236, 3.175
0 0 0 0 0, -133.571980965076, 57.120335934059, 3.175
0 0 0 0 0, 222.496048255289, 72.7581032519885, 3.175
0 0 0 0 0, 124.089520892228, -128.840633320914, 3.175
0 0 0 0 0, 218.361600708229, -115.453897959628, 2.16662
0 0 0 0 0, 218.043875776589, -117.975090497257, 2.16662
0 0 0 0 0, 83.7923957194835, -259.143181160007, 2.16662
0 0 0 0 0, 83.7111743360062, -261.682726581082, 2.16662
0 0 0 0 0, -113.292834323954, -271.605662585919, 2.16662
0 0 0 0 0, -113.119980332257, -274.141064547758, 2.16662
0 0 0 0 0, -227.699378926351, -136.827158120759, 2.16662
0 0 0 0 0, -227.581626181843, -139.365494389342, 2.16662
0 0 0 0 0, -206.07934699793, 140.651318544312, 2.16662
0 0 0 0 0, -206.274301331442, 143.18475621759, 2.16662
0 0 0 0 0, -102.022776492869, 258.921464595304, 2.16662
0 0 0 0 0, -101.93707332385, 261.460974886085, 2.16662
0 0 0 0 0, 122.492341168179, 262.545550795943, 2.16662
0 0 0 0 0, 122.50407851837, 265.086707058983, 2.16662
0 0 0 0 0, 225.901335295422, 139.614486872191, 2.16662
0 0 0 0 0, 225.726840796522, 142.149561144445, 2.16662
0 0 0 0 0, 21.4211899807256, 61.0006752511582, 2.16662
0 0 0 0 0, 22.7765468413992, 63.1510260004016, 2.16662
0 0 0 0 0, -26.3102508938571, -62.6346108445508, 2.16662
0 0 0 0 0, -27.6372769323171, -64.8025222909554, 2.16662
0 0 0 0 0, 93.0638888129578, -140.09724812899, 2.16662
0 0 0 0 0, 93.2471568904557, -142.631549846112, 2.16662
0 0 0 0 0, 1.60581387234055, -30.8148348324037, 2.16662
0 0 0 0 0, -74.223053106353, 26.451927298115, 2.16662
0 0 0 0 0, 30.1759171655353, 119.614833522928, 2.16662
0 0 0 0 0, 21.992357397038, 131.039867761966, 2.16662
0 0 0 0 0, 22.0300739836189, 141.40940303273, 2.16662
0 0 0 0 0, -40.2092489452125, 161.778906423151, 2.16662
0 0 0 0 0, 28.3239950653435, -176.044354735229, 2.16662
0 0 0 0 0, 105.374763734725, -167.357369784851, 2.16662
0 0 0 0 0, -199.279517249313, 32.9328045968581, 2.16662
0 0 0 0 0, -18.2340936864546, 208.38448218151, 2.16662
0 0 0 0 0, 195.583831602121, -142.657528566945, 2.16662
0 0 0 0 0, 251.708852418664, -51.5639037381045, 2.16662
0 0 0 0 0, -179.798696039669, 188.193268055404, 2.16662
0 0 0 0 0, 249.591477088293, 76.0677678132246, 2.16662
0 0 0 0 0, -240.192796507072, 102.661174722503, 2.16662
0 0 0 0 0, 277.947927696537, -37.8034757383503, 2.16662
0 0 0 0 0, -281.616866472774, 20.8124189200066, 2.16662
0 0 0 0 0, 308.570360791279, 32.3146486118579, 2.16662
0 0 0 0 0, -190.067610481697, 249.233100892921, 2.16662
0 0 0 0 0, -315.995629370963, 48.0079687353407, 2.16662
0 0 0 0 0, -50.4925222545661, -320.588393184824, 2.16662
0 0 0 0 0, -33.5606960181766, -6.11369295416207, 2.16662
0 0 0 0 0, 28.397256985107, 19.561465756124, 2.16662
0 0 0 0 0, -32.2701941103132, 21.3347951988269, 2.16662
0 0 0 0 0, -24.1131605333301, 59.7929585742411, 2.16662
0 0 0 0 0, 2.42739413947871, -73.9996938755909, 2.16662
0 0 0 0 0, -69.60870437958, -26.3688537645646, 2.16662
0 0 0 0 0, -2.47600502763067, 76.249072266093, 2.16662
0 0 0 0 0, 82.5104043373323, 7.88191588796079, 2.16662
0 0 0 0 0, 53.3345025481596, 65.3295421950779, 2.16662
0 0 0 0 0, -37.5722696366499, 92.7440062082208, 2.16662
0 0 0 0 0, -17.001585753961, 99.4509348486385, 2.16662
0 0 0 0 0, 92.233985072428, 57.713430230223, 2.16662
0 0 0 0 0, -102.420249738169, -40.2539276240412, 2.16662
0 0 0 0 0, -92.4112976215991, -62.3126469850179, 2.16662
0 0 0 0 0, -69.5798950908884, -89.6301286258467, 2.16662
0 0 0 0 0, 106.75923141389, -58.7895006749531, 2.16662
0 0 0 0 0, -115.294654958977, 43.6535022490682, 2.16662
0 0 0 0 0, 120.384510827549, -33.6224960566697, 2.16662
0 0 0 0 0, 69.6895813534633, 106.266671355871, 2.16662
0 0 0 0 0, 128.992028858097, 1.94241656894218, 2.16662
0 0 0 0 0, 135.719733315882, -9.33443995449216, 2.16662
0 0 0 0 0, 131.349708820775, 53.2148925354518, 2.16662
0 0 0 0 0, 141.524936193917, 21.3897865178331, 2.16662
0 0 0 0 0, -91.3936543550478, 110.716818969089, 2.16662
0 0 0 0 0, -34.7386604819822, -141.425183596344, 2.16662
0 0 0 0 0, 85.7273304900119, -121.220237068112, 2.16662
0 0 0 0 0, -18.5306716961864, 148.064733943249, 2.16662
0 0 0 0 0, 132.168228193548, 73.3348148831295, 2.16662
0 0 0 0 0, -145.361688900435, 42.4946419700726, 2.16662
0 0 0 0 0, 145.237617010937, -43.6442670805283, 2.16662
0 0 0 0 0, 64.9305056982395, 138.902146597927, 2.16662
0 0 0 0 0, 106.444630593183, -116.6918275136, 2.16662
0 0 0 0 0, -99.8731905919552, -124.745574257279, 2.16662
0 0 0 0 0, -50.4322287349665, 151.750170795692, 2.16662
0 0 0 0 0, 54.4529802189082, 150.789610675276, 2.16662
0 0 0 0 0, 64.0336363178408, -148.63932675041, 2.16662
0 0 0 0 0, 80.4679519833873, 142.003076365503, 2.16662
0 0 0 0 0, 158.931346647055, -60.8030764317148, 2.16662
0 0 0 0 0, -123.827099633634, -121.38861358881, 2.16662
0 0 0 0 0, 0.74532313125546, -178.262909634027, 2.16662
0 0 0 0 0, -165.25074549135, -69.1443005854494, 2.16662
0 0 0 0 0, 59.9502198609131, -178.946901814329, 2.16662
0 0 0 0 0, -195.543430917615, -46.0147248537385, 2.16662
0 0 0 0 0, -195.031840984575, 52.627655925552, 2.16662
0 0 0 0 0, -173.989953668023, 127.93059776433, 2.16662
0 0 0 0 0, -66.285431749412, -208.437810332133, 2.16662
0 0 0 0 0, 163.769105005962, 146.28830731598, 2.16662
0 0 0 0 0, 103.076349179347, 194.132845125881, 2.16662
0 0 0 0 0, 142.778054824009, -167.695603682969, 2.16662
0 0 0 0 0, -216.767684981951, -41.031039342814, 2.16662
0 0 0 0 0, 60.2514226962514, 212.520910275614, 2.16662
0 0 0 0 0, -181.749304339305, -128.892408661686, 2.16662
0 0 0 0 0, 222.149461218188, 22.3900620823997, 2.16662
0 0 0 0 0, 215.4079303735, -61.7828830017437, 2.16662
0 0 0 0 0, 151.445230843703, -165.67303353776, 2.16662
0 0 0 0 0, 214.54009248269, -66.5713454280804, 2.16662
0 0 0 0 0, -127.214150458762, 195.036306564249, 2.16662
0 0 0 0 0, -195.261961464608, -137.361741397035, 2.16662
0 0 0 0 0, 204.10795706645, 126.629705057323, 2.16662
0 0 0 0 0, 236.693362224882, -46.5034291203016, 2.16662
0 0 0 0 0, -144.976484598984, 193.180703125526, 2.16662
0 0 0 0 0, -219.593291451468, 101.049384002837, 2.16662
0 0 0 0 0, 226.270186068175, 91.9974869597567, 2.16662
0 0 0 0 0, 178.486298362021, 167.302660931896, 2.16662
0 0 0 0 0, -4.62150470946334, 251.594341151228, 2.16662
0 0 0 0 0, -4.49225943893767, -253.003193350697, 2.16662
0 0 0 0 0, -186.537527791513, 173.515406753758, 2.16662
0 0 0 0 0, -227.192844278899, -121.120964628354, 2.16662
0 0 0 0 0, -8.45309820797632, -258.721892615064, 2.16662
0 0 0 0 0, -246.009719739936, 81.3922909702531, 2.16662
0 0 0 0 0, -171.0972197297, -194.958152584805, 2.16662
0 0 0 0 0, -244.425142996048, -87.5914493781616, 2.16662
0 0 0 0 0, -265.930604719352, 45.0696600054771, 2.16662
0 0 0 0 0, -21.8660124861683, -269.813055854511, 2.16662
0 0 0 0 0, -270.924526875329, 14.6039994243607, 2.16662
0 0 0 0 0, 161.679843459224, 219.349998298531, 2.16662
0 0 0 0 0, 135.598884076175, 238.043578229623, 2.16662
0 0 0 0 0, -95.0575591456356, -257.685287164139, 2.16662
0 0 0 0 0, 275.443155537402, -9.80527534265279, 2.16662
0 0 0 0 0, 270.842705254483, -52.9110707649453, 2.16662
0 0 0 0 0, 111.77545343052, -252.955551612515, 2.16662
0 0 0 0 0, 31.9845245231106, 276.104497371261, 2.16662
0 0 0 0 0, -225.982279246335, 171.57148018556, 2.16662
0 0 0 0 0, 7.98978285053547, -286.016253598639, 2.16662
0 0 0 0 0, -92.682778387482, 272.562510954474, 2.16662
0 0 0 0 0, -55.1622589587449, -287.667185529978, 2.16662
0 0 0 0 0, -279.731960883137, 107.523397086363, 2.16662
0 0 0 0 0, 7.85355956390456, -300.347713824277, 2.16662
0 0 0 0 0, -63.913698429125, -293.881674290923, 2.16662
0 0 0 0 0, 298.207090527365, 65.6667295330717, 2.16662
0 0 0 0 0, 239.383190245445, -190.683834323365, 2.16662
0 0 0 0 0, 262.990662523952, -161.584974682574, 2.16662
0 0 0 0 0, -176.982146990825, 255.896096696498, 2.16662
0 0 0 0 0, -138.824383466351, -278.554248569523, 2.16662
0 0 0 0 0, 108.107645200389, -291.907850054739, 2.16662
0 0 0 0 0, -307.773358651851, 62.5429155197606, 2.16662
0 0 0 0 0, -109.974240361344, 296.048576395533, 2.16662
0 0 0 0 0, -313.331992970557, -41.8388705537856, 2.16662
0 0 0 0 0, -140.690645354121, 284.349150681052, 2.16662
0 0 0 0 0, -237.607812684299, 210.985348836993, 2.16662
0 0 0 0 0, -55.888359978741, 313.943596334399, 2.16662
0 0 0 0 0, 306.7287267002, -89.0747717892406, 2.16662
0 0 0 0 0, 169.521634498467, 272.450538207863, 2.16662
0 0 0 0 0, 251.956251334375, -199.440662194582, 2.16662
0 0 0 0 0, -167.199357536602, -274.610464846655, 2.16662
0 0 0 0 0, 28.508655702975, 322.41034447469, 2.16662
0 0 0 0 0, 13.3144608334618, -324.21705552583, 2.16662
0 0 0 0 0, -9.06246280062634, -4.98036115029211, 2.16662
0 0 0 0 0, -18.6444091154655, -11.8029954664357, 2.16662
0 0 0 0 0, 42.4245732421185, 3.23862844660211, 2.16662
0 0 0 0 0, -9.24021025555813, -65.1001031536353, 2.16662
0 0 0 0 0, -15.0554964387796, -88.8412109640352, 2.16662
0 0 0 0 0, 72.8200299242673, -73.5214915535438, 2.16662
0 0 0 0 0, -120.635836248628, -6.03737141070717, 2.16662
0 0 0 0 0, -118.944873148575, -25.1816746158615, 2.16662
0 0 0 0 0, -87.2498124092461, -89.8917599237489, 2.16662
0 0 0 0 0, 108.294501402919, 71.2725293897861, 2.16662
0 0 0 0 0, -132.325657875271, 0.0291983756246359, 2.16662
0 0 0 0 0, 82.4781402567374, -132.726775330866, 2.16662
0 0 0 0 0, -41.0585132937201, 186.39924894935, 2.16662
0 0 0 0 0, 126.389855243875, -150.595551785343, 2.16662
0 0 0 0 0, -129.999874869302, 155.209009862753, 2.16662
0 0 0 0 0, -200.546300267388, 79.7919181342087, 2.16662
0 0 0 0 0, -205.734904828191, 68.6580689036376, 2.16662
0 0 0 0 0, -136.566073221661, 188.087040312069, 2.16662
0 0 0 0 0, 50.9357303294398, -249.027997396036, 2.16662
0 0 0 0 0, -268.98740420934, -10.662310301571, 2.16662
0 0 0 0 0, -11.7447142652993, -281.093747524713, 2.16662
0 0 0 0 0, -222.10666435172, 179.992723664629, 2.16662
0 0 0 0 0, 81.1671343156767, 276.065183137569, 2.16662
0 0 0 0 0, 282.4514905964, 62.9487801363866, 2.16662
0 0 0 0 0, 160.574280272785, 256.402064857283, 2.16662
0 0 0 0 0, -292.324675480564, 86.4248940446715, 2.16662
0 0 0 0 0, -169.856515799011, 58.0173407788894, 2.16662
0 0 0 0 0, -177.002001806299, 53.4296698426697, 2.16662
0 0 0 0 0, 62.6893222707245, 48.6245262687339, 2.16662
0 0 0 0 0, -105.638114508195, -38.6267542408545, 2.16662
0 0 0 0 0, -136.319954998988, -155.533158297133, 2.16662
0 0 0 0 0, 152.387366675926, -5.18856635677118, 2.16662
0 0 0 0 0, 134.616903173969, 76.6058683468082, 2.16662
0 0 0 0 0, 37.384517483614, -276.169657927038, 2.16662
0 0 0 0 0, 273.030887874736, -149.141782052537, 2.16662
0 0 0 0 0, 110.564906033538, -282.111731641378, 2.16662
0 0 0 0 0, 182.642030654222, 263.008569264746, 2.16662
0 0 0 0 0, 121.539672935377, -106.654048077832, 2.16662
0 0 0 0 0, 52.1886887491083, -188.283543466806, 2.16662
0 0 0 0 0, -73.004041851283, 213.237997201245, 2.16662
0 0 0 0 0, 287.025473517865, -55.2262705663906, 2.16662
0 0 0 0 0, 30.8614069934074, -110.639241759554, 2.16662
0 0 0 0 0, -105.21083331699, 53.9756087793741, 2.16662
0 0 0 0 0, -55.822869931157, -167.62069209503, 2.16662
0 0 0 0 0, 14.4730054232256, 77.6339423345281, 2.16662
0 0 0 0 0, 7.55970275002725, -54.982202335058, 2.16662
0 0 0 0 0, 136.704772041346, -106.785029854942, 2.16662
0 0 0 0 0, -168.908447846335, 176.497724582107, 2.16662
0 0 0 0 0, 71.6512078481019, -236.931216184377, 2.16662
0 0 0 0 0, 210.284796695985, -148.991332649147, 2.16662
0 0 0 0 0, -45.9715724295262, -255.469196127297, 2.16662
0 0 0 0 0, -192.728387907703, -246.860661202632, 2.16662
0 0 0 0 0, -197.483409124129, 247.104844346536, 2.16662
0 0 0 0 0, -18.7486284097457, 29.9945037280064, 2.16662
0 0 0 0 0, -10.9709759533139, 128.657105593494, 2.16662
0 0 0 0 0, -2.56920769442863, -170.292650723534, 2.16662
0 0 0 0 0, -246.88953902068, 38.3423717762618, 2.16662
0 0 0 0 0, 235.577062325416, -98.1364819891155, 2.16662
0 0 0 0 0, -180.455316654972, 210.279126966823, 2.16662
0 0 0 0 0, 84.618494521135, -76.9155633997472, 2.16662
0 0 0 0 0, 176.99007098487, -203.20230125508, 2.16662
0 0 0 0 0, -183.572063020797, 250.15822543419, 2.16662
0 0 0 0 0, 266.347902694605, 180.116285439392, 2.16662
0 0 0 0 0, -117.035458368109, 156.144353188752, 2.16662
0 0 0 0 0, -33.8423833931713, 218.025766746129, 2.16662
0 0 0 0 0, 299.86744407818, -18.7836816333462, 2.16662
0 0 0 0 0, 55.978276194487, 33.9756602749549, 2.16662
0 0 0 0 0, -150.107883609086, 71.087074399929, 2.16662
0 0 0 0 0, 139.017012088907, -130.514058803177, 2.16662
0 0 0 0 0, 121.90390322449, 241.0809436494, 2.16662
0 0 0 0 0, -177.721334333291, 240.205201775613, 2.16662
0 0 0 0 0, -48.6618444175573, 205.995228985422, 2.16662
0 0 0 0 0, -72.0864773179713, -218.257605866464, 2.16662
0 0 0 0 0, 265.203718913733, 23.9036170363509, 2.16662
0 0 0 0 0, -75.1523987135053, -12.3208467151951, 2.16662
0 0 0 0 0, -45.5674638079671, 159.180509990637, 2.16662
0 0 0 0 0, 173.410123080056, 95.0734058918309, 2.16662
0 0 0 0 0, -14.1746002108161, -252.173827000085, 2.16662
0 0 0 0 0, -3.118165526878, 295.495780298885, 2.16662
0 0 0 0 0, 278.157337442066, 142.649360823019, 2.16662
0 0 0 0 0, 247.635662116633, 192.871616212408, 2.16662
0 0 0 0 0, -62.4160225822322, -136.95118391412, 2.16662
0 0 0 0 0, -47.2882490506506, 288.209578406376, 2.16662
0 0 0 0 0, -112.025354385918, 280.091018656771, 2.16662
0 0 0 0 0, 186.796111631956, -101.384751603255, 2.16662
0 0 0 0 0, 171.449675089386, 155.420895967814, 2.16662
0 0 0 0 0, 31.1669087571925, -230.444283462219, 2.16662
0 0 0 0 0, -23.4920435238985, 235.459554167401, 2.16662
0 0 0 0 0, 238.538010857244, 108.288887690961, 2.16662
0 0 0 0 0, -0.261688771650711, -279.136332514016, 2.16662
0 0 0 0 0, 155.064218672643, 251.499200806135, 2.16662
0 0 0 0 0, -96.3957050859399, -308.785430209452, 2.16662
0 0 0 0 0, -146.013824935758, 110.937087917957, 2.16662
0 0 0 0 0, -180.997372747358, 119.882700703, 2.16662
0 0 0 0 0, 220.858434049369, 14.8317913246051, 2.16662
0 0 0 0 0, 48.8023892601752, -221.624055011678, 2.16662
0 0 0 0 0, -199.622996316366, 217.962692022914, 2.16662
0 0 0 0 0, -12.9304740600846, 308.391668269016, 2.16662
0 0 0 0 0, -64.9194182940827, -302.516618177195, 2.16662
0 0 0 0 0, -61.6835667200118, -11.198082306617, 2.16662
0 0 0 0 0, -175.783975758181, 65.9541599756456, 2.16662
0 0 0 0 0, 201.784109021814, 165.417869591929, 2.16662
0 0 0 0 0, 271.198353244877, 12.8536006625068, 2.16662
0 0 0 0 0, 3.81516303952835, -34.7039172152396, 2.16662
0 0 0 0 0, -100.750902770548, -22.9655588549714, 2.16662
0 0 0 0 0, 10.6509068146798, 121.121938292102, 2.16662
0 0 0 0 0, 180.516843656861, -16.748318425167, 2.16662
0 0 0 0 0, 164.108339328887, 96.7984431449706, 2.16662
0 0 0 0 0, 221.878161911992, -72.2580344715048, 2.16662
0 0 0 0 0, -91.8461643441227, 242.453319212515, 2.16662
0 0 0 0 0, -4.06305659993523, -292.449166072625, 2.16662
0 0 0 0 0, 314.654976324794, 3.65094198014249, 2.16662
0 0 0 0 0, -63.60713930601, 31.3993055216918, 2.16662
0 0 0 0 0, 186.020414496567, -32.1439430729068, 2.16662
0 0 0 0 0, -18.9898622896282, 230.689451140319, 2.16662
0 0 0 0 0, 236.878603745926, 122.886406375992, 2.16662
0 0 0 0 0, -259.322611828951, 68.3733051978345, 2.16662
0 0 0 0 0, 199.319169798938, -195.248462931357, 2.16662
0 0 0 0 0, -241.488657075694, 183.677243700662, 2.16662
0 0 0 0 0, 34.7929051285505, 309.141224402474, 2.16662
0 0 0 0 0, 305.934669890657, 92.8443950197957, 2.16662
0 0 0 0 0, -280.520730332659, 155.632613587638, 2.16662
0 0 0 0 0, 154.145101967224, 107.588207268276, 2.16662
0 0 0 0 0, -102.362012222224, 162.213824638621, 2.16662
0 0 0 0 0, 194.636772451884, 80.7426767267862, 2.16662
0 0 0 0 0, -22.1986610051303, 219.064437133682, 2.16662
0 0 0 0 0, -115.62421122023, 201.021994306757, 2.16662
0 0 0 0 0, 231.634495016571, -44.2384758118326, 2.16662
0 0 0 0 0, 17.9480953695754, 244.241984343318, 2.16662
0 0 0 0 0, -44.1957910554352, 251.221696619756, 2.16662
0 0 0 0 0, 60.165935269934, -252.170787335634, 2.16662
0 0 0 0 0, -259.900070021068, 62.5309734637713, 2.16662
0 0 0 0 0, 134.106274574351, -248.411108372176, 2.16662
0 0 0 0 0, 246.901936332388, -158.324389973518, 2.16662
0 0 0 0 0, -310.104666397536, -73.2422278197054, 2.16662
0 0 0 0 0, -29.4603238992955, -26.4134233638869, 2.16662
0 0 0 0 0, 38.3242715970723, 166.50389888155, 2.16662
0 0 0 0 0, 47.9798586297376, -191.594354604822, 2.16662
0 0 0 0 0, 184.525602426127, -86.1983470044893, 2.16662
0 0 0 0 0, -188.662563082283, -78.3021080296961, 2.16662
0 0 0 0 0, 205.469449105498, -26.5483881266314, 2.16662
0 0 0 0 0, 123.885018776191, 173.45013424918, 2.16662
0 0 0 0 0, -69.7541733586983, 202.73434532186, 2.16662
0 0 0 0 0, -224.709432569158, 222.629033400823, 2.16662
0 0 0 0 0, 43.6887775263561, -77.7184869141103, 2.16662
0 0 0 0 0, -61.6039291303161, -100.410001283513, 2.16662
0 0 0 0 0, 4.80232339758959, 124.320343508397, 2.16662
0 0 0 0 0, 96.4119776941415, -92.6617646560696, 2.16662
0 0 0 0 0, 126.76764828105, -194.057643754797, 2.16662
0 0 0 0 0, -217.002233131893, -86.7476924876217, 2.16662
0 0 0 0 0, 258.613694994262, -19.3752383195422, 2.16662
0 0 0 0 0, 165.691594907764, 235.588914295271, 2.16662
0 0 0 0 0, 84.7419875144609, 301.427026710772, 2.16662
0 0 0 0 0, -23.721680434937, -30.1976593978784, 2.16662
0 0 0 0 0, -97.6163377949596, 72.7640224340648, 2.16662
0 0 0 0 0, 52.4710281530664, 145.997826976525, 2.16662
0 0 0 0 0, 149.513247117633, -107.814789682199, 2.16662
0 0 0 0 0, 57.7553871937762, 216.81022850229, 2.16662
0 0 0 0 0, -102.859139643579, 220.004863694954, 2.16662
0 0 0 0 0, -84.5584864285882, 248.82144985068, 2.16662
0 0 0 0 0, -270.174307388147, -80.3643243370912, 2.16662
0 0 0 0 0, -188.579446262684, 252.222305732865, 2.16662
0 0 0 0 0, -106.714874983126, -6.42598280441647, 2.16662
0 0 0 0 0, 41.8703727620387, 101.372682806069, 2.16662
0 0 0 0 0, -94.9094630749496, -91.1483102087126, 2.16662
0 0 0 0 0, -98.1376011326219, -154.05205725432, 2.16662
0 0 0 0 0, 152.778008649165, -123.373608732189, 2.16662
0 0 0 0 0, -244.268226725362, -57.0587917782774, 2.16662
0 0 0 0 0, 239.994779175932, -83.1550705459895, 2.16662
0 0 0 0 0, 61.196985707267, 250.168561843032, 2.16662
0 0 0 0 0, 218.315938060114, -189.137484509587, 2.16662
0 0 0 0 0, -310.601026471566, 46.8045113625907, 2.16662
0 0 0 0 0, -293.875547577229, -113.742807930648, 2.16662
0 0 0 0 0, 18.6224437029213, 16.1277033696984, 2.16662
0 0 0 0 0, 75.4081776367422, 19.2426638289929, 2.16662
0 0 0 0 0, -157.328922326415, 52.4231259611309, 2.16662
0 0 0 0 0, -128.647836512864, -170.600847219425, 2.16662
0 0 0 0 0, 224.289667280213, 5.26494078424703, 2.16662
0 0 0 0 0, 86.2633036015477, 221.704754304066, 2.16662
0 0 0 0 0, 84.9769653447842, -225.042107063031, 2.16662
0 0 0 0 0, -231.255489313353, 73.5364783442047, 2.16662
0 0 0 0 0, -229.112050836883, -110.462469321806, 2.16662
0 0 0 0 0, 209.092852462606, 154.250661370204, 2.16662
0 0 0 0 0, 128.016877809502, -233.498819277315, 2.16662
0 0 0 0 0, 86.9746824520278, 271.296808949296, 2.16662
0 0 0 0 0, 258.266808006568, 123.779383250768, 2.16662
0 0 0 0 0, -185.874618481946, -228.724424020089, 2.16662
0 0 0 0 0, -75.5205796395272, -286.422617909236, 2.16662
0 0 0 0 0, 254.958233156591, -154.506073046557, 2.16662
0 0 0 0 0, 30.0233733564083, -302.123603445864, 2.16662
0 0 0 0 0, 310.1477098628, 90.1316446112371, 2.16662
0 0 0 0 0, -0.0153695794146987, -48.3049975116404, 2.16662
0 0 0 0 0, -24.9454572315041, -41.4743058872682, 2.16662
0 0 0 0 0, 100.953905497509, 19.9370474525686, 2.16662
0 0 0 0 0, -119.934709650899, 130.968325830603, 2.16662
0 0 0 0 0, 84.8054861224561, 162.485129959599, 2.16662
0 0 0 0 0, 82.5577987616504, 187.191177226852, 2.16662
0 0 0 0 0, 211.726780860377, -12.7982944525184, 2.16662
0 0 0 0 0, -206.618400673399, 48.190796298238, 2.16662
0 0 0 0 0, -35.4302180829166, -222.291613424709, 2.16662
0 0 0 0 0, -266.331922971574, 122.867311577252, 2.16662
0 0 0 0 0, -294.452073113326, -15.2635159049484, 2.16662
0 0 0 0 0, 98.5898513840224, -8.20743797947122, 2.16662
0 0 0 0 0, -103.99488585935, 106.562738030516, 2.16662
0 0 0 0 0, -211.958688636417, -90.7349817983622, 2.16662
0 0 0 0 0, 211.586772934565, -134.434278219804, 2.16662
0 0 0 0 0, 261.542780139266, -51.4381187661729, 2.16662
0 0 0 0 0, 63.8220199226769, 267.688903138224, 2.16662
0 0 0 0 0, -147.437924888353, 242.820421352089, 2.16662
0 0 0 0 0, 285.053939896786, -32.1708662135303, 2.16662
0 0 0 0 0, 71.1719472722769, 279.399046014116, 2.16662
0 0 0 0 0, 73.9975826132043, -284.495017760121, 2.16662
0 0 0 0 0, 2.23318072762244, -297.658134893193, 2.16662
0 0 0 0 0, -284.68318654167, 125.517935882152, 2.16662
0 0 0 0 0, -26.7652760078154, -310.994947599908, 2.16662
0 0 0 0 0, -89.0946320442492, 57.4157066760944, 2.16662
0 0 0 0 0, -17.4348053943967, -123.209469413156, 2.16662
0 0 0 0 0, 106.220056790172, 125.325120419543, 2.16662
0 0 0 0 0, 203.118427383454, -21.3559221291198, 2.16662
0 0 0 0 0, 183.705528721746, -145.365451871354, 2.16662
0 0 0 0 0, -149.873395262314, 182.849904597386, 2.16662
0 0 0 0 0, 201.853589413543, -138.775764039814, 2.16662
0 0 0 0 0, -221.243158572249, 136.335814531566, 2.16662
0 0 0 0 0, 125.175662103431, -240.203769474441, 2.16662
0 0 0 0 0, 193.722708930671, -199.932018048623, 2.16662
0 0 0 0 0, 99.3415222647526, 267.698337091743, 2.16662
0 0 0 0 0, 227.908175775681, 179.54041043802, 2.16662
0 0 0 0 0, -303.518951696892, -67.4312931856981, 2.16662
0 0 0 0 0, 275.167304885822, -153.699662963167, 2.16662
0 0 0 0 0, 34.8058903767028, 98.5576257451632, 2.16662
0 0 0 0 0, -162.704170052962, -9.54794810972103, 2.16662
0 0 0 0 0, 151.03248529941, 148.533808201595, 2.16662
0 0 0 0 0, -66.9347216388976, -220.549068383784, 2.16662
0 0 0 0 0, -114.76304616138, 228.418655965154, 2.16662
0 0 0 0 0, -299.479271941625, -48.2123143417859, 2.16662
0 0 0 0 0, 193.266590354845, 249.974389175089, 2.16662
0 0 0 0 0, 81.6795069144205, -93.9601178123788, 2.16662
0 0 0 0 0, 124.351478903212, 26.2495821898794, 2.16662
0 0 0 0 0, -128.084715483147, 9.71284776999719, 2.16662
0 0 0 0 0, 126.463446156614, -56.4486339959469, 2.16662
0 0 0 0 0, -84.3003898105806, 121.938019050496, 2.16662
0 0 0 0 0, 247.885727000744, 9.83814559655142, 2.16662
0 0 0 0 0, 64.3775384304184, -244.276905658052, 2.16662
0 0 0 0 0, 81.0256203957414, 243.869056631663, 2.16662
0 0 0 0 0, 236.387366874698, 158.486860461518, 2.16662
0 0 0 0 0, 48.6227022244883, 293.331365435367, 2.16662
0 0 0 0 0, -301.145011550337, 36.0251817520241, 2.16662
0 0 0 0 0, 291.268737230365, 113.179429431356, 2.16662
0 0 0 0 0, 26.0169111494377, -62.6155361642183, 2.16662
0 0 0 0 0, 143.934932445254, 130.576723251319, 2.16662
0 0 0 0 0, -115.578774230166, -191.222075437933, 2.16662
0 0 0 0 0, -250.021458201613, 27.4612614865496, 2.16662
0 0 0 0 0, 253.638572781538, -55.5895411828933, 2.16662
0 0 0 0 0, -7.37017321905891, -264.926043897013, 2.16662
0 0 0 0 0, -88.01083846167, 256.6059223917, 2.16662
0 0 0 0 0, 276.075799147987, -111.118866855269, 2.16662
0 0 0 0 0, -266.454990347376, 156.885462046964, 2.16662
0 0 0 0 0, -309.621602933132, -3.00179278690506, 2.16662
0 0 0 0 0, -118.220418255582, 292.178352337207, 2.16662
0 0 0 0 0, 45.3411288938093, -34.608519149037, 2.16662
0 0 0 0 0, -43.9736910558023, 81.0032570383698, 2.16662
0 0 0 0 0, 5.25114296117561, -167.575066653813, 2.16662
0 0 0 0 0, -138.959800834103, -175.428682620278, 2.16662
0 0 0 0 0, 35.3663172037302, -224.135203566109, 2.16662
0 0 0 0 0, -235.861031342253, 125.433645770655, 2.16662
0 0 0 0 0, 291.445996961051, -53.7982460828229, 2.16662
0 0 0 0 0, -89.3863397438378, 282.956360427878, 2.16662
0 0 0 0 0, -84.31231119172, -14.9557508176896, 2.16662
0 0 0 0 0, -70.8165771764458, -74.7788160987503, 2.16662
0 0 0 0 0, -138.623769646342, -0.180547526479093, 2.16662
0 0 0 0 0, 117.076607469497, 176.146818280057, 2.16662
0 0 0 0 0, -165.395698519686, -177.031402299699, 2.16662
0 0 0 0 0, -138.333355284582, 215.753360091627, 2.16662
0 0 0 0 0, 7.6775656185076, 260.256132167207, 2.16662
0 0 0 0 0, 21.0210610854085, -268.502186829404, 2.16662
0 0 0 0 0, 167.761086444864, 184.064934190472, 2.16662
0 0 0 0 0, -210.029300124337, 171.274403849338, 2.16662
0 0 0 0 0, -131.339235564144, 4.85261821416668, 2.16662
0 0 0 0 0, 27.5466150269756, 277.968657660672, 2.16662
0 0 0 0 0, -27.9257650273436, 73.696617412142, 2.16662
0 0 0 0 0, -113.367931627574, 20.0968138496974, 2.16662
0 0 0 0 0, -90.7111318873991, 193.438921341539, 2.16662
0 0 0 0 0, -41.3007835832484, -223.617483148112, 2.16662
0 0 0 0 0, -266.157048899881, -145.944681104251, 2.16662
0 0 0 0 0, 3.49424439793418, -68.9953925110412, 2.16662
0 0 0 0 0, -35.280869827434, -122.769085408623, 2.16662
0 0 0 0 0, -142.25812794063, -196.626675839065, 2.16662
0 0 0 0 0, 179.145485819429, -185.395572808503, 2.16662
0 0 0 0 0, -7.03025891375774, -298.36304110242, 2.16662
0 0 0 0 0, -147.927259665683, 268.710723893672, 2.16662
0 0 0 0 0, 313.244843998305, 83.771308839987, 2.16662
0 0 0 0 0, -18.2901155134811, 86.7437778730045, 2.16662
0 0 0 0 0, -99.4996539307361, 103.622002251559, 2.16662
0 0 0 0 0, -202.32425808627, -72.6838777567169, 2.16662
0 0 0 0 0, 133.759143590999, -284.360957649783, 2.16662
0 0 0 0 0, -79.6534528355936, -305.164262661967, 2.16662
0 0 0 0 0, -50.4139109553665, -0.555713185666637, 2.16662
0 0 0 0 0, 19.4277894904164, 127.611442470351, 2.16662
0 0 0 0 0, -209.079390436365, -104.528439556396, 2.16662
0 0 0 0 0, -94.1623836907558, -73.6798048632646, 2.16662
0 0 0 0 0, -180.336337184365, 25.8182163250613, 2.16662
0 0 0 0 0, -168.176378409091, 209.390017558709, 2.16662
0 0 0 0 0, 275.269532440501, 92.2098284722098, 2.16662
0 0 0 0 0, 26.8348361355589, -4.99116977405339, 2.16662
0 0 0 0 0, 57.8563597723327, 198.442894125052, 2.16662
0 0 0 0 0, -7.50839077587968, 31.1599338627673, 2.16662
0 0 0 0 0, 37.5285407516566, -53.2563328559729, 2.16662
0 0 0 0 0, 55.1997426972701, 75.3923612376449, 2.16662
0 0 0 0 0, 110.986562551584, -42.1799788323235, 2.16662
0 0 0 0 0, 128.784093008014, 6.00161534423896, 2.16662
0 0 0 0 0, 107.184280222862, 85.9514039976993, 2.16662
0 0 0 0 0, -83.9924494858885, 112.993505926099, 2.16662
0 0 0 0 0, -141.432164712431, -12.3935357398198, 2.16662
0 0 0 0 0, -45.6186097577369, -148.688150784995, 2.16662
0 0 0 0 0, 170.907483762838, -34.2294530873608, 2.16662
0 0 0 0 0, -67.1881579827604, 174.563504669479, 2.16662
0 0 0 0 0, 222.186435275934, -10.131224824334, 2.16662
0 0 0 0 0, -204.508269503181, 106.024695736823, 2.16662
0 0 0 0 0, -227.577166768536, 64.8814992561118, 2.16662
0 0 0 0 0, -221.548764583325, -86.6824180583238, 2.16662
0 0 0 0 0, -250.698411495406, 67.7139595700865, 2.16662
0 0 0 0 0, 155.330302381186, -225.301911595741, 2.16662
0 0 0 0 0, -136.307372068701, 237.615013274754, 2.16662
0 0 0 0 0, -273.98336048928, -46.9703357487192, 2.16662
0 0 0 0 0, -208.661723170363, 185.652823394608, 2.16662
0 0 0 0 0, -281.51514408953, 17.4701051119268, 2.16662
0 0 0 0 0, 205.799261871372, 199.091157519062, 2.16662
0 0 0 0 0, 267.866697336686, 113.437699635554, 2.16662
0 0 0 0 0, -135.429446607783, -262.000533941299, 2.16662
0 0 0 0 0, -180.871336197145, -251.607513723171, 2.16662
0 0 0 0 0, 312.017362100724, -15.7710265199305, 2.16662
0 0 0 0 0, -305.826906946891, -74.9084824373763, 2.16662
0 0 0 0 0, 139.21915731655, 287.384807033587, 2.16662
0 0 0 0 0, 110.976785830035, 140.379066018787, 2.16662
0 0 0 0 0, 244.826946095034, -38.1420828610629, 2.16662
0 0 0 0 0, 113.74380914745, 236.878618818545, 2.16662
0 0 0 0 0, 5.83139306603249, -24.3197061016802, 2.16662
0 0 0 0 0, 205.790295280853, 40.7472220492343, 2.16662
0 0 0 0 0, 129.959608396866, -110.930206020331, 2.16662
0 0 0 0 0, -105.887361909544, 121.015698900491, 2.16662
0 0 0 0 0, 291.796005985899, -111.840295367384, 2.16662
0 0 0 0 0, -31.6316608294589, 199.128927339117, 2.16662
0 0 0 0 0, -135.928728505257, 179.606945874447, 2.16662
0 0 0 0 0, 90.8424806798011, 281.284427166564, 2.16662
0 0 0 0 0, 114.165816609455, 292.326226616487, 2.16662
0 0 0 0 0, -74.6526017466125, -313.174018892121, 2.16662
0 0 0 0 0, 192.612299404986, 128.294502014742, 2.16662
0 0 0 0 0, 179.654365020471, 209.545970835252, 2.16662
0 0 0 0 0, 23.6493175316455, 280.085016959235, 2.16662
0 0 0 0 0, -304.311266299268, 80.2275565890004, 2.16662
0 0 0 0 0, -112.29858500033, -202.993876060225, 2.16662
0 0 0 0 0, 62.8897445856227, 316.596941460166, 2.16662
0 0 0 0 0, -215.08161478504, -17.0226113031188, 2.16662
0 0 0 0 0, -15.380652838934, 183.029323919565, 2.16662
0 0 0 0 0, 84.92198895227, -184.534089997623, 2.16662
0 0 0 0 0, -57.0548809014378, -200.646625346922, 2.16662
0 0 0 0 0, 253.985613280193, 55.8616809843734, 2.16662
0 0 0 0 0, -158.327855147756, -215.946160444635, 2.16662
0 0 0 0 0, 78.6465896049984, 271.154733253883, 2.16662
0 0 0 0 0, -94.0001617425769, -242.821353082694, 2.16662
0 0 0 0 0, -70.9619507349413, 228.629440519912, 2.16662
0 0 0 0 0, 158.840099160401, 4.21688109022179, 2.16662
0 0 0 0 0, 232.609690693082, -51.9307591527678, 2.16662
0 0 0 0 0, -33.9185688488417, 271.587815094319, 2.16662
0 0 0 0 0, -280.466194612888, -1.47522941863487, 2.16662
0 0 0 0 0, 196.567409353765, 220.410310174484, 2.16662
0 0 0 0 0, -256.157904844251, 86.9841063264078, 2.16662
0 0 0 0 0, 288.2407454121, 62.1933677108019, 2.16662
0 0 0 0 0, 109.532282571366, -287.886935633484, 2.16662
0 0 0 0 0, 213.47804890449, -42.0037947815433, 2.16662
0 0 0 0 0, -42.68254081239, 240.895810001494, 2.16662
0 0 0 0 0, -77.8248347598019, -27.8877739101461, 2.16662
0 0 0 0 0, 219.831809542696, 159.067244961803, 2.16662
0 0 0 0 0, 165.658407280652, -226.861756837219, 2.16662
0 0 0 0 0, -0.606257750002057, 87.7751167660983, 2.16662
0 0 0 0 0, -167.272057185552, 238.662708751167, 2.16662
0 0 0 0 0, 297.816069979504, 38.2806405545328, 2.16662
0 0 0 0 0, -135.336650350681, 159.503454808937, 2.16662
0 0 0 0 0, -161.660448474529, 211.394890018986, 2.16662
0 0 0 0 0, 212.872258516177, -189.307048562752, 2.16662
0 0 0 0 0, -20.4504859177256, -310.284050165749, 2.16662
0 0 0 0 0, 314.931724741155, 36.1062331577264, 2.16662
0 0 0 0 0, -94.7429401613138, -141.325075775134, 2.16662
0 0 0 0 0, -168.303088474864, 85.5779103662728, 2.16662
0 0 0 0 0, -295.265832450278, -23.6003766411083, 2.16662
0 0 0 0 0, 198.596474640091, -189.319481138191, 2.16662
0 0 0 0 0, 194.02218665906, 204.374024839676, 2.16662
0 0 0 0 0, -30.9907618097863, -10.138925890689, 2.16662
0 0 0 0 0, -101.50485740363, -98.2155303335186, 2.16662
0 0 0 0 0, -89.9540550674715, -194.584068167981, 2.16662
0 0 0 0 0, 199.975423860265, -77.3612542969329, 2.16662
0 0 0 0 0, -51.798632490088, 239.360843793093, 2.16662
0 0 0 0 0, 24.2843120529617, -261.761043461812, 2.16662
0 0 0 0 0, -122.415833382815, -9.7142075073229, 2.16662
0 0 0 0 0, 225.45492139615, 29.5445882174862, 2.16662
0 0 0 0 0, -274.11015416257, 141.3462954991, 2.16662
0 0 0 0 0, -285.441381250937, 78.7219217492604, 2.16662
0 0 0 0 0, -86.0601207892143, 295.312134160029, 2.16662
0 0 0 0 0, -108.72917330516, 89.5016300126508, 2.16662
0 0 0 0 0, 95.909230118692, 92.5174142810311, 2.16662
0 0 0 0 0, 135.233942395957, 283.399820084783, 2.16662
0 0 0 0 0, -291.903511443536, -65.3587731488749, 2.16662
0 0 0 0 0, -75.6739272713578, -99.7512881750645, 2.16662
0 0 0 0 0, 74.7688344644216, -231.400864656351, 2.16662
0 0 0 0 0, 267.47945388045, -169.742411076807, 2.16662
0 0 0 0 0, -153.602566808532, 207.928382076482, 2.16662
0 0 0 0 0, -94.7244121152269, 219.400788114406, 2.16662
0 0 0 0 0, 55.5220455808867, 239.031113941586, 2.16662
0 0 0 0 0, 279.955769506906, 135.199886276199, 2.16662
0 0 0 0 0, -11.5779631816918, 225.727350434952, 2.16662
0 0 0 0 0, 37.935469586628, 145.229891314866, 2.16662
0 0 0 0 0, 138.609153837424, 168.33658597053, 2.16662
0 0 0 0 0, 23.656390942462, 200.19585654873, 2.16662
0 0 0 0 0, 154.968615021523, 270.942320890055, 2.16662
0 0 0 0 0, -130.54673430337, 247.721770896961, 2.16662
0 0 0 0 0, -50.1015578656035, 266.803277379379, 2.16662
0 0 0 0 0, -18.6795192879425, 280.913459234263, 2.16662
0 0 0 0 0, -162.297287574656, -240.716935258086, 2.16662
0 0 0 0 0, -49.4052503420416, -310.339987891352, 2.16662
0 0 0 0 0, -43.7669835922371, -317.678669700756, 2.16662
0 0 0 0 0, -0.193134178013833, -269.211875910272, 2.16662
0 0 0 0 0, 13.142698660982, -274.604562978839, 2.16662
0 0 0 0 0, 2.84050472996824, -261.173281580677, 2.16662
0 0 0 0 0, 65.5330327632565, -228.143164165017, 2.16662
0 0 0 0 0, 110.23583614092, -262.381348183495, 2.16662
0 0 0 0 0, 140.844524719584, -218.899010065372, 2.16662
0 0 0 0 0, -125.177345447361, -181.374247222622, 2.16662
0 0 0 0 0, -121.838135007555, -163.660119219351, 2.16662
0 0 0 0 0, -65.9393118951108, -184.116542854947, 2.16662
0 0 0 0 0, 1.91589806250654, -163.396889547266, 2.16662
0 0 0 0 0, 58.271582517001, -216.921661020282, 2.16662
0 0 0 0 0, 140.74044033033, -183.512615164023, 2.16662
0 0 0 0 0, 199.901899805615, -184.419347243679, 2.16662
0 0 0 0 0, 228.120451469557, -176.113882609383, 2.16662
0 0 0 0 0, 253.690215020316, -178.805579843007, 2.16662
0 0 0 0 0, -257.340682958589, -67.8759028383115, 2.16662
0 0 0 0 0, -212.452846093019, -72.66298142919, 2.16662
0 0 0 0 0, -114.684467819106, -105.847336558694, 2.16662
0 0 0 0 0, -65.637448822354, -69.0673889235213, 2.16662
0 0 0 0 0, -34.7420650695914, -105.473564504748, 2.16662
0 0 0 0 0, 76.3345011752688, -118.427120202164, 2.16662
0 0 0 0 0, 142.672755019918, -111.69274403002, 2.16662
0 0 0 0 0, 191.658047086033, -83.4308476642085, 2.16662
0 0 0 0 0, 280.827446409631, -81.5421589378495, 2.16662
0 0 0 0 0, -279.329530796208, -58.1635440744872, 2.16662
0 0 0 0 0, -174.396751376805, -12.331350856607, 2.16662
0 0 0 0 0, -59.7208489421832, -29.4994027989952, 2.16662
0 0 0 0 0, 13.5212992388445, -17.7908011012931, 2.16662
0 0 0 0 0, 58.5978685081056, -57.7846194344008, 2.16662
0 0 0 0 0, 115.542339244513, -40.8005435808669, 2.16662
0 0 0 0 0, 202.436533311373, -48.5982959771965, 2.16662
0 0 0 0 0, 245.236374170312, -33.4808063306733, 2.16662
0 0 0 0 0, 279.703527855324, -46.1566753539139, 2.16662
0 0 0 0 0, -284.224771012613, -10.8189684216385, 2.16662
0 0 0 0 0, -167.957669824011, -1.96667158944274, 2.16662
0 0 0 0 0, -135.470054065946, -12.3363773991842, 2.16662
0 0 0 0 0, -97.9764053620897, -6.50525044298071, 2.16662
0 0 0 0 0, -25.2311792677007, 5.30635901029585, 2.16662
0 0 0 0 0, 68.4469042223008, 11.1935059899133, 2.16662
0 0 0 0 0, 134.393987922361, 4.30817782518957, 2.16662
0 0 0 0 0, 238.819398091139, 5.90761354078563, 2.16662
0 0 0 0 0, 309.497763290502, -31.571248648675, 2.16662
0 0 0 0 0, -289.392283991086, 27.0950533011288, 2.16662
0 0 0 0 0, -240.511610438311, 67.0944696579025, 2.16662
0 0 0 0 0, -175.076080715372, 75.9905131870909, 2.16662
0 0 0 0 0, -158.005562779662, 70.3287468345247, 2.16662
0 0 0 0 0, -84.743428231502, 63.8486762168779, 2.16662
0 0 0 0 0, 12.8611469072258, 21.8323890974886, 2.16662
0 0 0 0 0, 80.5644180771363, 41.8693787978573, 2.16662
0 0 0 0 0, 237.443204263836, 15.7229903323517, 2.16662
0 0 0 0 0, 291.755531264036, 45.0016723201074, 2.16662
0 0 0 0 0, -300.528428923619, 116.936036800531, 2.16662
0 0 0 0 0, -211.948691731506, 104.211980619524, 2.16662
0 0 0 0 0, -127.885296535102, 107.571485270007, 2.16662
0 0 0 0 0, -19.6337933738337, 112.210490521286, 2.16662
0 0 0 0 0, 2.74022926575892, 101.393606474865, 2.16662
0 0 0 0 0, 51.7122692798328, 57.8661734462302, 2.16662
0 0 0 0 0, 153.496675137428, 76.5446918560399, 2.16662
0 0 0 0 0, 246.195134936528, 105.042941159191, 2.16662
0 0 0 0 0, 313.17213987755, 75.1783793244236, 2.16662
0 0 0 0 0, -269.932964635389, 133.02193480349, 2.16662
0 0 0 0 0, -179.872274885769, 170.869380152232, 2.16662
0 0 0 0 0, -139.623858257548, 161.846743336683, 2.16662
0 0 0 0 0, -21.9170662141431, 131.584704333735, 2.16662
0 0 0 0 0, 25.7467414147949, 170.40257121167, 2.16662
0 0 0 0 0, 70.1900132954509, 153.046072184135, 2.16662
0 0 0 0 0, 152.514509560078, 181.216127519322, 2.16662
0 0 0 0 0, 219.565409979256, 169.259193512315, 2.16662
0 0 0 0 0, 272.443498679321, 128.428651532202, 2.16662
0 0 0 0 0, -211.901811840219, 193.057464178623, 2.16662
0 0 0 0 0, -159.089273045319, 237.02237320478, 2.16662
0 0 0 0 0, -129.838982377603, 178.899347216967, 2.16662
0 0 0 0 0, -111.793851546974, 218.648628739296, 2.16662
0 0 0 0 0, -41.8285200592149, 227.239626786252, 2.16662
0 0 0 0 0, -8.68826785799436, 228.239581226223, 2.16662
0 0 0 0 0, 63.5525231979178, 178.923641948671, 2.16662
0 0 0 0 0, 141.493393815434, 250.967175681101, 2.16662
0 0 0 0 0, 179.207631673149, 195.38376066378, 2.16662
0 0 0 0 0, -167.099293272619, 260.282125237327, 2.16662
0 0 0 0 0, -156.607707242861, 252.983243184359, 2.16662
0 0 0 0 0, -75.6023336068206, 281.979920308162, 2.16662
0 0 0 0 0, -52.1742193288923, 234.383863339915, 2.16662
0 0 0 0 0, -5.14290565911279, 285.968696058927, 2.16662
0 0 0 0 0, 67.8473305636349, 289.077315922019, 2.16662
0 0 0 0 0, 88.3021023366861, 290.597424760131, 2.16662
0 0 0 0 0, 119.404186680709, 292.814466399186, 2.16662
0 0 0 0 0, 165.466642827617, 244.358147960875, 2.16662
0 0 0 0 0, -45.1599053942808, -183.525099841042, 2.16662
0 0 0 0 0, 191.670957989696, 39.2135422568321, 2.16662
0 0 0 0 0, 41.2171287620829, 18.2593564845859, 2.16662
0 0 0 0 0, -311.520692724115, -31.8176563634429, 2.16662
0 0 0 0 0, -188.067555304971, 198.387424749109, 2.16662
-1 0 0 0 0, 0, 0, 3.175
