0 0 0 0 0, -56.3866632246634, 190.029851472958, 3.175
0 0 0 0 0, -155.29136281492, 138.833204743807, 3.175
0 0 0 0 0, 135.923432429195, 129.104561020473, 3.175
0 0 0 0 0, 203.808868859259, -136.473825479883, 2.16662
0 0 0 0 0, 203.918768324469, -139.012410368281, 2.16662
0 0 0 0 0, 86.881014329921, -269.854793485314, 2.16662
0 0 0 0 0, 87.0182423721549, -272.392125748799, 2.16662
0 0 0 0 0, -116.464641588306, -267.937061886381, 2.16662
0 0 0 0 0, -116.366482174567, -270.476403974262, 2.16662
0 0 0 0 0, -222.111320455344, -122.752162268874, 2.16662
0 0 0 0 0, -222.280336468031, -125.287549270481, 2.16662
0 0 0 0 0, -193.980866212266, 133.425795655873, 2.16662
0 0 0 0 0, -194.02857478432, 135.966316272595, 2.16662
0 0 0 0 0, -88.3493714774774, 264.257718836634, 2.16662
0 0 0 0 0, -88.3724844054835, 266.79855504329, 2.16662
0 0 0 0 0, 110.328667679822, 268.452759447818, 2.16662
0 0 0 0 0, 110.219973755616, 270.991627349934, 2.16662
0 0 0 0 0, 225.741724685136, 130.247217394476, 2.16662
0 0 0 0 0, 225.758073772147, 132.788200742422, 2.16662
0 0 0 0 0, 10.5306735520916, 59.9173020268439, 2.16662
0 0 0 0 0, 11.9047140172961, 62.0558190430243, 2.16662
0 0 0 0 0, -20.2509975413331, -59.926057452973, 2.16662
0 0 0 0 0, -21.6248519969204, -62.0646532625497, 2.16662
0 0 0 0 0, 93.0357798313963, -127.61519540089, 2.16662
0 0 0 0 0, 92.9646626836687, -130.155323629967, 2.16662
0 0 0 0 0, -5.95408259092988, -62.6431529742819, 2.16662
0 0 0 0 0, 52.377554347706, 95.9559050190973, 2.16662
0 0 0 0 0, 142.755855994737, -9.87719799044048, 2.16662
0 0 0 0 0, 122.356873900682, -94.3634549792197, 2.16662
0 0 0 0 0, 155.278961038841, 8.30430661001408, 2.16662
0 0 0 0 0, -144.336315466428, 102.209073691612, 2.16662
0 0 0 0 0, 107.193850013643, 146.68618151432, 2.16662
0 0 0 0 0, 175.378629544239, -58.209538179551, 2.16662
0 0 0 0 0, 185.812864025687, 29.0300631365387, 2.16662
0 0 0 0 0, -17.7129844228596, -191.727953462774, 2.16662
0 0 0 0 0, 173.898340511827, -88.6503122830776, 2.16662
0 0 0 0 0, 97.1957572115687, 170.822662281988, 2.16662
0 0 0 0 0, -195.433753572388, 40.2052892175209, 2.16662
0 0 0 0 0, 190.91496361068, -99.1470134066579, 2.16662
0 0 0 0 0, 86.9549293288646, 210.945460447591, 2.16662
0 0 0 0 0, 88.2090404035171, -213.870093144406, 2.16662
0 0 0 0 0, 235.677020225867, -36.3710004151976, 2.16662
0 0 0 0 0, 230.401184917721, -63.8422868536595, 2.16662
0 0 0 0 0, -208.122756705792, 132.067259663346, 2.16662
0 0 0 0 0, -31.4008461784883, 247.383265772134, 2.16662
0 0 0 0 0, -133.59503268483, -215.716237768751, 2.16662
0 0 0 0 0, 239.127086717731, 134.681607041298, 2.16662
0 0 0 0 0, 272.229574508943, 59.0149771133492, 2.16662
0 0 0 0 0, 271.448680408642, -66.2308947153474, 2.16662
0 0 0 0 0, 191.069479928004, -230.492159980228, 2.16662
0 0 0 0 0, 168.005827581352, -250.246842315266, 2.16662
0 0 0 0 0, 11.3788910083125, 302.809654948767, 2.16662
0 0 0 0 0, -74.552133677418, 300.780667507148, 2.16662
0 0 0 0 0, -300.567702673156, 87.835333454285, 2.16662
0 0 0 0 0, 204.635185740523, 238.025316641457, 2.16662
0 0 0 0 0, 11.8197144466505, -0.0789597291186324, 2.16662
0 0 0 0 0, -73.3921200515155, 38.8266244141076, 2.16662
0 0 0 0 0, 46.999502461687, -81.9504438292236, 2.16662
0 0 0 0 0, 51.3979841081579, -85.637591834657, 2.16662
0 0 0 0 0, 97.6527347135897, -30.8901553107524, 2.16662
0 0 0 0 0, -96.0714580458928, -40.3014489234208, 2.16662
0 0 0 0 0, -30.1350668416009, 101.648862538964, 2.16662
0 0 0 0 0, -10.9027255236743, 111.457824799021, 2.16662
0 0 0 0 0, 70.8187035592837, -87.5639515383853, 2.16662
0 0 0 0 0, 18.7289738230429, 121.320922236708, 2.16662
0 0 0 0 0, 63.9164412510487, -113.642998068736, 2.16662
0 0 0 0 0, 103.28462244892, -80.8028062486802, 2.16662
0 0 0 0 0, 65.4567093489455, -116.722157943015, 2.16662
0 0 0 0 0, -128.068064744384, 60.3363388017966, 2.16662
0 0 0 0 0, 59.7505379133054, 138.768151577813, 2.16662
0 0 0 0 0, -55.7181537124064, -148.019973269513, 2.16662
0 0 0 0 0, -82.3730274773823, -136.274239558059, 2.16662
0 0 0 0 0, 10.8011494935182, 162.982909507398, 2.16662
0 0 0 0 0, 41.2902824511153, 160.263106472877, 2.16662
0 0 0 0 0, -76.8349934987962, 146.81567907698, 2.16662
0 0 0 0 0, -142.272647128888, -87.7905197829783, 2.16662
0 0 0 0 0, -136.462686606419, 107.721659945187, 2.16662
0 0 0 0 0, -176.823963783248, -23.4257084841063, 2.16662
0 0 0 0 0, -179.991568495704, 0.630302253873745, 2.16662
0 0 0 0 0, -73.5097279913912, 166.345954091318, 2.16662
0 0 0 0 0, -179.820101487415, -53.2450862507031, 2.16662
0 0 0 0 0, 174.014406318861, 73.1954954325037, 2.16662
0 0 0 0 0, -141.009937961084, -126.733721334183, 2.16662
0 0 0 0 0, -63.9523992023324, -181.891660892404, 2.16662
0 0 0 0 0, 123.912052325367, -152.353554867701, 2.16662
0 0 0 0 0, 114.062623951274, -164.424215686281, 2.16662
0 0 0 0 0, 79.5021900109187, -184.989575131416, 2.16662
0 0 0 0 0, -114.276316287999, -168.823389714569, 2.16662
0 0 0 0 0, -204.598543507586, -2.30258145773967, 2.16662
0 0 0 0 0, 6.88635003313118, 205.55364735696, 2.16662
0 0 0 0 0, 92.9102433925643, -184.976758507584, 2.16662
0 0 0 0 0, -184.988444378496, 93.0867817540056, 2.16662
0 0 0 0 0, -33.4557109539315, 204.927308149715, 2.16662
0 0 0 0 0, -185.327574379733, 99.9085328090878, 2.16662
0 0 0 0 0, 91.7293866955304, -189.976807593821, 2.16662
0 0 0 0 0, 6.0259720317157, 215.094988056113, 2.16662
0 0 0 0 0, -180.276105509637, 118.453639283729, 2.16662
0 0 0 0 0, 210.543526722019, 68.2129785050043, 2.16662
0 0 0 0 0, -55.8329790252754, -218.419201650072, 2.16662
0 0 0 0 0, -55.4493656461991, 220.381105990757, 2.16662
0 0 0 0 0, 231.369426408308, 6.72628420809831, 2.16662
0 0 0 0 0, 97.0564646934718, -211.891782704834, 2.16662
0 0 0 0 0, 36.3111088345301, -231.429889359329, 2.16662
0 0 0 0 0, -5.76186855456258, -234.738642363776, 2.16662
0 0 0 0 0, -167.090665058755, 166.226182663762, 2.16662
0 0 0 0 0, -37.5384653542501, -233.029541032169, 2.16662
0 0 0 0 0, -207.020257861857, 115.935055450415, 2.16662
0 0 0 0 0, 203.029350160018, -126.086855488535, 2.16662
0 0 0 0 0, 232.555872495742, -59.517359107729, 2.16662
0 0 0 0 0, 228.282032750057, -79.5117466640022, 2.16662
0 0 0 0 0, 210.109903093579, -120.351810881672, 2.16662
0 0 0 0 0, 100.067863236962, -221.354567943736, 2.16662
0 0 0 0 0, 49.6284999107696, -238.41433344765, 2.16662
0 0 0 0 0, -216.687893415665, 112.511853141356, 2.16662
0 0 0 0 0, -170.467775129152, -174.764394572704, 2.16662
0 0 0 0 0, 18.0812777889459, -246.481417625104, 2.16662
0 0 0 0 0, 8.36592419969023, -247.945314176084, 2.16662
0 0 0 0 0, -230.046807367303, 98.2471525774427, 2.16662
0 0 0 0 0, 70.982180243121, -242.153673094143, 2.16662
0 0 0 0 0, -238.399475154495, -90.1584518538149, 2.16662
0 0 0 0 0, 242.098815730897, 83.9608462391957, 2.16662
0 0 0 0 0, 191.567481644787, 170.720203651525, 2.16662
0 0 0 0 0, 250.998602456975, -63.892979224883, 2.16662
0 0 0 0 0, 190.490971283012, 179.940290742012, 2.16662
0 0 0 0 0, 53.6984886219976, -256.800595279836, 2.16662
0 0 0 0 0, 87.9250870627015, 247.280521369396, 2.16662
0 0 0 0 0, -117.12786914075, 235.743034632031, 2.16662
0 0 0 0 0, 115.493160997736, 239.476339165673, 2.16662
0 0 0 0 0, -82.0115815367312, 253.515261990076, 2.16662
0 0 0 0 0, 45.9234404212366, -262.830339248572, 2.16662
0 0 0 0 0, 248.185800978171, 98.4318774360813, 2.16662
0 0 0 0 0, -41.4490309812884, 264.214361714274, 2.16662
0 0 0 0 0, -258.593848367945, 68.4534404983115, 2.16662
0 0 0 0 0, -210.48338432963, 167.037513373294, 2.16662
0 0 0 0 0, -208.054626886609, -170.505369528599, 2.16662
0 0 0 0 0, -133.519095371605, 234.272176328484, 2.16662
0 0 0 0 0, -193.547834880619, 191.833363363639, 2.16662
0 0 0 0 0, -261.774807820556, 76.3382385639854, 2.16662
0 0 0 0 0, -244.794233943606, 121.890748466001, 2.16662
0 0 0 0 0, -32.4999580035854, -272.583858123758, 2.16662
0 0 0 0 0, -170.223452340135, 221.357598814391, 2.16662
0 0 0 0 0, 269.71195212237, -75.5067750335034, 2.16662
0 0 0 0 0, 122.945525436164, 252.009313852182, 2.16662
0 0 0 0 0, 121.012096850629, -253.023872764138, 2.16662
0 0 0 0 0, 266.391908749321, -93.3056278889168, 2.16662
0 0 0 0 0, 160.431105227425, 232.733772795033, 2.16662
0 0 0 0 0, 198.777297391777, -202.218300902677, 2.16662
0 0 0 0 0, -149.050127423842, 242.888232392, 2.16662
0 0 0 0 0, 142.042912122525, 251.071438638022, 2.16662
0 0 0 0 0, 143.857729144253, -250.378859435848, 2.16662
0 0 0 0 0, -261.32640512212, 123.996908642342, 2.16662
0 0 0 0 0, 259.208307007066, -129.22358473217, 2.16662
0 0 0 0 0, -147.68103167661, -252.329508710192, 2.16662
0 0 0 0 0, 279.570692851955, -90.4916589054934, 2.16662
0 0 0 0 0, -264.286556755087, 132.456526612346, 2.16662
0 0 0 0 0, 243.483348927805, -169.017635360946, 2.16662
0 0 0 0 0, -296.461252687584, 21.9379374295114, 2.16662
0 0 0 0 0, -179.799496457955, -237.368382854441, 2.16662
0 0 0 0 0, -10.3641485564894, 298.38160112716, 2.16662
0 0 0 0 0, 294.979399852142, 45.2593612123623, 2.16662
0 0 0 0 0, 40.4826726263689, 296.552440367229, 2.16662
0 0 0 0 0, -156.276301785664, 257.232671381511, 2.16662
0 0 0 0 0, 303.478160565158, -17.6916559418156, 2.16662
0 0 0 0 0, -130.5061383531, 276.558882628718, 2.16662
0 0 0 0 0, 290.604404183065, -99.4432049392481, 2.16662
0 0 0 0 0, 306.894258143296, 24.7115951546656, 2.16662
0 0 0 0 0, 94.5973218217158, -293.306650701773, 2.16662
0 0 0 0 0, 24.3467635102252, -309.820026038607, 2.16662
0 0 0 0 0, 292.735694694601, -104.42781840029, 2.16662
0 0 0 0 0, -5.94189816766367, -311.314401419794, 2.16662
0 0 0 0 0, 103.360722704515, 295.618707625861, 2.16662
0 0 0 0 0, 285.835288437017, -129.218304004599, 2.16662
0 0 0 0 0, 58.4037130980906, 308.81043275585, 2.16662
0 0 0 0 0, -87.0224590268866, -303.305829616046, 2.16662
0 0 0 0 0, -283.156614522439, -142.982409524425, 2.16662
0 0 0 0 0, 315.901265970334, 30.7443905151579, 2.16662
0 0 0 0 0, 317.11626368291, 35.952189269058, 2.16662
0 0 0 0 0, 14.7427373276253, 319.227021029383, 2.16662
0 0 0 0 0, 222.331725779212, -231.062390628432, 2.16662
0 0 0 0 0, 75.8893149852585, 313.147700031463, 2.16662
0 0 0 0 0, -21.2341932741157, 323.315892231368, 2.16662
0 0 0 0 0, -38.8913986515078, -321.863515774703, 2.16662
0 0 0 0 0, -1.21039607744812, -66.2188333769923, 2.16662
0 0 0 0 0, -5.64511124701266, 73.9842498369179, 2.16662
0 0 0 0 0, -4.81036667238886, -76.8287766674189, 2.16662
0 0 0 0 0, -8.19571164161073, 92.7434226747997, 2.16662
0 0 0 0 0, -54.2804563153675, -142.029365873934, 2.16662
0 0 0 0 0, -19.777819574485, -165.258546388382, 2.16662
0 0 0 0 0, -7.34487267824476, 177.38939029405, 2.16662
0 0 0 0 0, -133.635900045926, -117.856110947049, 2.16662
0 0 0 0 0, -12.6974643772155, -182.62804664193, 2.16662
0 0 0 0 0, -121.580313332251, 142.711872046335, 2.16662
0 0 0 0 0, 195.416235283671, 87.407420314042, 2.16662
0 0 0 0 0, 120.780793429642, -184.548994954604, 2.16662
0 0 0 0 0, 194.916119662281, 161.042119242918, 2.16662
0 0 0 0 0, 251.885375490156, -43.2197908324647, 2.16662
0 0 0 0 0, -195.028932512972, -166.213965188782, 2.16662
0 0 0 0 0, 259.898340990131, 29.2882932169655, 2.16662
0 0 0 0 0, 252.93285655085, 96.4122354753322, 2.16662
0 0 0 0 0, 206.601155908004, -175.866014940812, 2.16662
0 0 0 0 0, -239.861052572152, -136.368736251329, 2.16662
0 0 0 0 0, 74.8774235904085, -269.400342323352, 2.16662
0 0 0 0 0, -289.587408446033, 0.243469150397887, 2.16662
0 0 0 0 0, -293.064937456059, 78.4378101285729, 2.16662
0 0 0 0 0, 168.990047880882, 21.7716789444915, 2.16662
0 0 0 0 0, 141.516887899655, -196.675441960975, 2.16662
0 0 0 0 0, 64.7733212335315, -285.652535109559, 2.16662
0 0 0 0 0, 213.064658976357, 211.154543019378, 2.16662
0 0 0 0 0, -312.44131812494, 14.7066448517903, 2.16662
0 0 0 0 0, 219.02023773884, -181.386744852699, 2.16662
0 0 0 0 0, 96.665073538146, -3.02074811498355, 2.16662
0 0 0 0 0, -49.1832112765928, 103.47295443666, 2.16662
0 0 0 0 0, 179.353697095284, -5.33161144627813, 2.16662
0 0 0 0 0, 125.864459301, -245.269867353767, 2.16662
0 0 0 0 0, -16.8543066017907, 319.838552470552, 2.16662
0 0 0 0 0, 168.284058405492, -77.1281970079484, 2.16662
0 0 0 0 0, -133.795286228528, 161.150421391305, 2.16662
0 0 0 0 0, 281.086636821588, 123.484725981267, 2.16662
0 0 0 0 0, -302.690030483822, 2.83808848691386, 2.16662
0 0 0 0 0, 81.7507558976526, -49.2704369627184, 2.16662
0 0 0 0 0, 49.4267243147605, -149.684354183162, 2.16662
0 0 0 0 0, -277.666522058334, 31.9958950388675, 2.16662
0 0 0 0 0, 164.956666031052, 52.4471777648254, 2.16662
0 0 0 0 0, -21.7658692275007, -259.709095803712, 2.16662
0 0 0 0 0, -276.73414609302, 72.3908297763178, 2.16662
0 0 0 0 0, 55.0263618213923, 149.558182483802, 2.16662
0 0 0 0 0, 3.398956756034, -299.826772427363, 2.16662
0 0 0 0 0, -135.111846869269, 267.94912054223, 2.16662
0 0 0 0 0, 87.2418993723613, -300.353596853575, 2.16662
0 0 0 0 0, -97.6379540333818, 3.8958242953798, 2.16662
0 0 0 0 0, -222.36337700142, -26.8166986201128, 2.16662
0 0 0 0 0, 82.6675875339133, -255.924050195072, 2.16662
0 0 0 0 0, -53.5603854414164, 268.388382575092, 2.16662
0 0 0 0 0, -187.309518522277, -221.797526298282, 2.16662
0 0 0 0 0, -167.237417504749, 22.0574149029245, 2.16662
0 0 0 0 0, -193.752676778305, -11.8208722145943, 2.16662
0 0 0 0 0, 262.776698236081, -64.0265296131399, 2.16662
0 0 0 0 0, 38.2977833689247, 307.617540866715, 2.16662
0 0 0 0 0, -182.891092192455, -16.333266428267, 2.16662
0 0 0 0 0, -77.5631864242093, 174.369336654376, 2.16662
0 0 0 0 0, 243.123508564156, -37.8143416306412, 2.16662
0 0 0 0 0, -195.491843169614, 157.304358118984, 2.16662
0 0 0 0 0, 22.4442116217951, -151.376805579315, 2.16662
0 0 0 0 0, 133.967379046025, -160.049027085372, 2.16662
0 0 0 0 0, 78.3592644489447, 210.14318952024, 2.16662
0 0 0 0 0, -137.58036576584, -188.126052725089, 2.16662
0 0 0 0 0, 312.251619515592, -3.36689621732527, 2.16662
0 0 0 0 0, 309.94283187512, -69.4914739301261, 2.16662
0 0 0 0 0, 157.102228021333, -1.28849013859439, 2.16662
0 0 0 0 0, 16.935110399618, 210.320522738754, 2.16662
0 0 0 0 0, -239.06153722531, -24.0053587052366, 2.16662
0 0 0 0 0, 186.152265319197, -208.359326601333, 2.16662
0 0 0 0 0, -241.850422902862, 148.070019177644, 2.16662
0 0 0 0 0, 168.019544193105, -230.747847018357, 2.16662
0 0 0 0 0, 291.418427319588, -111.966112430906, 2.16662
0 0 0 0 0, 161.957534929978, 149.413087830323, 2.16662
0 0 0 0 0, -81.5219341426346, 222.833960044515, 2.16662
0 0 0 0 0, -206.978813771013, 128.48712815427, 2.16662
0 0 0 0 0, -241.756081381381, 8.67319086991141, 2.16662
0 0 0 0 0, -273.263094717558, -32.7734704354598, 2.16662
0 0 0 0 0, 204.465687226145, 199.676989343772, 2.16662
0 0 0 0 0, 258.152055128079, 155.631937213077, 2.16662
0 0 0 0 0, 20.2090514068375, -105.568433448099, 2.16662
0 0 0 0 0, -96.7333967375088, 168.697242449925, 2.16662
0 0 0 0 0, 201.148821787336, 38.0102959059285, 2.16662
0 0 0 0 0, -18.2609539888668, 219.147194134044, 2.16662
0 0 0 0 0, 167.661714864041, -192.915848944899, 2.16662
0 0 0 0 0, 205.95479410139, -219.932211829868, 2.16662
0 0 0 0 0, -45.7311327214468, -73.3777039752376, 2.16662
0 0 0 0 0, -36.5057692825176, -124.341110481294, 2.16662
0 0 0 0 0, -126.368674731606, 81.8048947733564, 2.16662
0 0 0 0 0, -141.774652073374, -130.655580046231, 2.16662
0 0 0 0 0, 59.4550825686382, 207.862141919967, 2.16662
0 0 0 0 0, 216.05011862227, -54.5825521531736, 2.16662
0 0 0 0 0, -164.991993078876, -157.761995825954, 2.16662
0 0 0 0 0, -163.241460377416, -242.675251683929, 2.16662
0 0 0 0 0, -29.4067959596007, -130.32701138555, 2.16662
0 0 0 0 0, -9.68703917382613, -156.190092364664, 2.16662
0 0 0 0 0, 62.67875380691, -161.393793648192, 2.16662
0 0 0 0 0, -143.19447880191, -148.151093272782, 2.16662
0 0 0 0 0, -239.137858140864, -116.233344410422, 2.16662
0 0 0 0 0, 64.8411026627472, -277.536075179821, 2.16662
0 0 0 0 0, 110.851535368605, -281.569725174292, 2.16662
0 0 0 0 0, 117.501387485858, -20.0196022924368, 2.16662
0 0 0 0 0, -105.270135151687, 58.0397561499286, 2.16662
0 0 0 0 0, -6.64922963798647, -154.534552879847, 2.16662
0 0 0 0 0, -28.8318920277469, -156.544114503052, 2.16662
0 0 0 0 0, 106.406292537735, 120.689796866887, 2.16662
0 0 0 0 0, 157.518770462195, 38.6692206267085, 2.16662
0 0 0 0 0, -146.594797783654, -108.694418298846, 2.16662
0 0 0 0 0, -217.906819195984, 46.2907384307838, 2.16662
0 0 0 0 0, 175.550590347981, -140.519435088975, 2.16662
0 0 0 0 0, 257.33437344735, 55.4372706210335, 2.16662
0 0 0 0 0, -113.009656463557, 261.068053628826, 2.16662
0 0 0 0 0, -255.324187399357, -174.782894575384, 2.16662
0 0 0 0 0, 5.971041452902, 40.7769808467261, 2.16662
0 0 0 0 0, -87.9835094605388, 73.2044632523835, 2.16662
0 0 0 0 0, -88.7504860768098, 118.052927125282, 2.16662
0 0 0 0 0, -134.314436198187, -82.6411200647295, 2.16662
0 0 0 0 0, 166.730271347156, -0.131464559435483, 2.16662
0 0 0 0 0, 42.8923668119764, 170.173634783688, 2.16662
0 0 0 0 0, 165.000934053377, -98.219774398716, 2.16662
0 0 0 0 0, 49.1174528272646, -196.471884462218, 2.16662
0 0 0 0 0, 150.096733513938, -174.957190037611, 2.16662
0 0 0 0 0, 237.696173084936, 112.830098319416, 2.16662
0 0 0 0 0, 284.33487980375, -105.979351284503, 2.16662
0 0 0 0 0, -313.962113854485, 53.9389518295633, 2.16662
0 0 0 0 0, -141.315414985584, -28.0280209338993, 2.16662
0 0 0 0 0, -57.2699758225083, 213.079373986711, 2.16662
0 0 0 0 0, -168.65627405612, -166.904741967283, 2.16662
0 0 0 0 0, -233.177361019184, 172.043386660225, 2.16662
0 0 0 0 0, 311.643272283475, 69.3127186510138, 2.16662
0 0 0 0 0, -302.683618447658, 113.309217414456, 2.16662
0 0 0 0 0, 55.6185509113783, -157.146242221499, 2.16662
0 0 0 0 0, 104.803411776776, -160.464623717642, 2.16662
0 0 0 0 0, 194.602611099459, 8.32879607131838, 2.16662
0 0 0 0 0, 169.66451796392, 99.3062002294015, 2.16662
0 0 0 0 0, 231.688893659746, -41.2952319934221, 2.16662
0 0 0 0 0, 1.30690828528837, 240.487456952204, 2.16662
0 0 0 0 0, -103.924560665573, 230.993988949042, 2.16662
0 0 0 0 0, 227.332907099891, -113.669399954853, 2.16662
0 0 0 0 0, -212.617995873702, -148.451070156156, 2.16662
0 0 0 0 0, -36.1183884684695, 291.636086414829, 2.16662
0 0 0 0 0, 8.57626731667717, 314.351377230393, 2.16662
0 0 0 0 0, 162.451318552545, -89.1344906764767, 2.16662
0 0 0 0 0, 35.6729794565377, -198.491434468028, 2.16662
0 0 0 0 0, 168.350157019421, -176.253742989961, 2.16662
0 0 0 0 0, 236.720990223935, -77.6531971568844, 2.16662
0 0 0 0 0, -232.998441525555, -97.380328586409, 2.16662
0 0 0 0 0, 258.217915502607, -24.2076812737594, 2.16662
0 0 0 0 0, -163.342959475449, -214.508871747667, 2.16662
0 0 0 0 0, 125.519807171733, -259.703240488387, 2.16662
0 0 0 0 0, -69.114679509124, -282.672179349841, 2.16662
0 0 0 0 0, -292.395034078636, -10.0467909627179, 2.16662
0 0 0 0 0, 220.21804106682, 208.6088992396, 2.16662
0 0 0 0 0, -317.239269592761, 40.1632605395313, 2.16662
0 0 0 0 0, -26.3710314661838, -10.9046060339244, 2.16662
0 0 0 0 0, -5.17166772522253, -107.345500956576, 2.16662
0 0 0 0 0, -61.6119061999497, -97.847852413465, 2.16662
0 0 0 0 0, 212.610097658955, 62.5673525132046, 2.16662
0 0 0 0 0, 171.590487966678, 182.125507333508, 2.16662
0 0 0 0 0, -264.321147680047, -80.4022807416905, 2.16662
0 0 0 0 0, -119.865991654213, -288.198680665075, 2.16662
0 0 0 0 0, 11.4180608960462, -54.979409084638, 2.16662
0 0 0 0 0, -121.057010153114, -75.7752099236208, 2.16662
0 0 0 0 0, -12.6005801265228, -152.335886941718, 2.16662
0 0 0 0 0, -4.49048688960007, -162.042468188127, 2.16662
0 0 0 0 0, 162.061671867526, 57.2945479235304, 2.16662
0 0 0 0 0, -98.0453386051885, -154.501913018232, 2.16662
0 0 0 0 0, 139.221252688532, -121.615055908269, 2.16662
0 0 0 0 0, -204.591559223989, 4.40018707935123, 2.16662
0 0 0 0 0, 181.346363844172, 109.151759839216, 2.16662
0 0 0 0 0, -75.7162205480141, -215.017863142274, 2.16662
0 0 0 0 0, 100.485623708649, 231.558619970167, 2.16662
0 0 0 0 0, 228.442276701001, -125.838952223534, 2.16662
0 0 0 0 0, -241.458939844114, 119.566926017355, 2.16662
0 0 0 0 0, 204.363720233968, -185.646673788403, 2.16662
0 0 0 0 0, -244.192406960819, 167.206298762924, 2.16662
0 0 0 0 0, -183.414661515508, -267.635709776966, 2.16662
0 0 0 0 0, 23.8389966025787, -50.7387296061225, 2.16662
0 0 0 0 0, -194.491265311171, 24.7762902161389, 2.16662
0 0 0 0 0, 137.883598437219, 153.693255685035, 2.16662
0 0 0 0 0, -124.979075766324, -187.037110695093, 2.16662
0 0 0 0 0, -158.081635649004, 233.584679420421, 2.16662
0 0 0 0 0, 285.323278953208, 2.78526783283055, 2.16662
0 0 0 0 0, -255.861048790667, 152.326458388107, 2.16662
0 0 0 0 0, 80.8902148149831, -38.9757092161298, 2.16662
0 0 0 0 0, 160.662666487375, -38.0261640826241, 2.16662
0 0 0 0 0, -183.292307293993, 29.6979755633047, 2.16662
0 0 0 0 0, 241.032046798405, -43.3980586168992, 2.16662
0 0 0 0 0, 251.597894735677, -117.066767516754, 2.16662
0 0 0 0 0, -190.962879638913, 238.702091352607, 2.16662
0 0 0 0 0, -302.603742385688, 51.1835339237161, 2.16662
0 0 0 0 0, 187.833918028247, 260.081325134111, 2.16662
0 0 0 0 0, -50.7241740332878, -102.758429310726, 2.16662
0 0 0 0 0, 126.389120014828, -58.4390443991453, 2.16662
0 0 0 0 0, -52.2993908971022, 153.612371828692, 2.16662
0 0 0 0 0, 143.398976310279, -150.028552090466, 2.16662
0 0 0 0 0, 207.58159879175, 78.9743596127224, 2.16662
0 0 0 0 0, 71.7747055295811, -220.179100531571, 2.16662
0 0 0 0 0, 96.2902013175717, 218.006634972515, 2.16662
0 0 0 0 0, 157.423089406299, -219.330175173983, 2.16662
0 0 0 0 0, 271.347860596914, 9.48504446349346, 2.16662
0 0 0 0 0, 250.767420434519, -164.826134849428, 2.16662
0 0 0 0 0, -76.1585799656006, 8.45607320926691, 2.16662
0 0 0 0 0, 46.7908051028599, 116.862301626953, 2.16662
0 0 0 0 0, -120.37901359939, -54.9390078225117, 2.16662
0 0 0 0 0, -89.7267594373838, 101.241638181994, 2.16662
0 0 0 0 0, -130.205469733003, -38.571620528566, 2.16662
0 0 0 0 0, 34.4396948640889, -201.942503838189, 2.16662
0 0 0 0 0, 39.5279324611874, 257.190636481668, 2.16662
0 0 0 0 0, 237.722641438629, 106.256222744071, 2.16662
0 0 0 0 0, -217.932770233412, 191.070344587253, 2.16662
0 0 0 0 0, -246.719420036037, -171.97137800983, 2.16662
0 0 0 0 0, 191.584712780935, -248.358197181357, 2.16662
0 0 0 0 0, 93.5769999416722, -9.57274612664757, 2.16662
0 0 0 0 0, -165.175512014617, -34.5390852719876, 2.16662
0 0 0 0 0, -115.581954167865, -157.196839938167, 2.16662
0 0 0 0 0, 142.385243222837, -142.68195879483, 2.16662
0 0 0 0 0, -225.450158732225, 61.5929009561855, 2.16662
0 0 0 0 0, -1.76418735779966, -234.305916161146, 2.16662
0 0 0 0 0, 130.860388882747, -212.739612252934, 2.16662
0 0 0 0 0, 281.485891347926, 118.849398699124, 2.16662
0 0 0 0 0, 219.700307400297, -213.815338119704, 2.16662
0 0 0 0 0, -51.4450959972181, -81.8708784038991, 2.16662
0 0 0 0 0, 26.0253633116844, -175.766228083361, 2.16662
0 0 0 0 0, -75.7276269381592, -231.862269610998, 2.16662
0 0 0 0 0, -253.738601106325, 94.2406151701008, 2.16662
0 0 0 0 0, -13.5917239019613, -272.035901045163, 2.16662
0 0 0 0 0, 76.6927080965365, -275.177819456888, 2.16662
0 0 0 0 0, -21.1480364577747, 293.497925847427, 2.16662
0 0 0 0 0, -144.160337045079, -274.52175213923, 2.16662
0 0 0 0 0, -24.573384486203, -312.600375179854, 2.16662
0 0 0 0 0, -5.80461597177814, 315.640605770474, 2.16662
0 0 0 0 0, 268.896367475367, -171.046514650903, 2.16662
0 0 0 0 0, -76.5374612378361, -66.4450996072096, 2.16662
0 0 0 0 0, 187.50650146925, -68.6788282307327, 2.16662
0 0 0 0 0, 239.166841391334, 92.0111834352516, 2.16662
0 0 0 0 0, 154.64102859328, -216.894550970976, 2.16662
0 0 0 0 0, -7.72836939201265, -282.127321103611, 2.16662
0 0 0 0 0, -153.943452543973, -248.603067629572, 2.16662
0 0 0 0 0, 110.647125008908, -302.460209508662, 2.16662
0 0 0 0 0, -182.485714520487, 159.144478341173, 2.16662
0 0 0 0 0, 148.799829638774, -271.910654642843, 2.16662
0 0 0 0 0, -82.5497880393413, 71.4868053118484, 2.16662
0 0 0 0 0, -139.659714445739, -121.918626704071, 2.16662
0 0 0 0 0, -303.078690369894, -21.4549370612055, 2.16662
0 0 0 0 0, -158.329382084773, 270.088440455858, 2.16662
0 0 0 0 0, -58.9521885740087, -20.2912838568382, 2.16662
0 0 0 0 0, 84.6139004003702, -149.581227918342, 2.16662
0 0 0 0 0, 5.64148700483898, -243.61292930536, 2.16662
0 0 0 0 0, 58.7423654385664, -18.7908146017304, 2.16662
0 0 0 0 0, 120.811199754592, 45.5091136052299, 2.16662
0 0 0 0 0, 144.625875986626, 144.966944262217, 2.16662
0 0 0 0 0, -197.907472424042, 80.5996297478808, 2.16662
0 0 0 0 0, -15.0540244254638, 297.683232863562, 2.16662
0 0 0 0 0, 85.7663049576547, 298.002079327732, 2.16662
0 0 0 0 0, -210.744063944594, -142.830951596867, 2.16662
0 0 0 0 0, 267.309698933479, -13.7895670495415, 2.16662
0 0 0 0 0, 286.366219789535, -9.49463347232344, 2.16662
0 0 0 0 0, -134.268367130572, 64.6769383779616, 2.16662
0 0 0 0 0, -61.0876931879095, -222.299737843726, 2.16662
0 0 0 0 0, -222.656131321647, -188.284874853899, 2.16662
0 0 0 0 0, -144.759049023951, -42.0075024654171, 2.16662
0 0 0 0 0, -101.185430030916, -150.142761907148, 2.16662
0 0 0 0 0, -113.661154944169, 235.84394012136, 2.16662
0 0 0 0 0, -160.115159183482, 219.330439949633, 2.16662
0 0 0 0 0, 111.816001994855, 292.194161053556, 2.16662
0 0 0 0 0, 26.3610387702661, -129.763865139622, 2.16662
0 0 0 0 0, -153.848809711119, 147.961882912174, 2.16662
0 0 0 0 0, 90.3344540265651, -256.342891723779, 2.16662
0 0 0 0 0, -229.308978581021, 161.742698784818, 2.16662
0 0 0 0 0, -42.007935515082, 46.3884427216512, 2.16662
0 0 0 0 0, 55.4626873650951, 16.9025839111881, 2.16662
0 0 0 0 0, -58.0479924658361, 28.0922017343407, 2.16662
0 0 0 0 0, 59.5541808670004, 27.0177731137667, 2.16662
0 0 0 0 0, 63.9306134175893, 15.1985842009261, 2.16662
0 0 0 0 0, 74.9944895459042, -16.8213326052457, 2.16662
0 0 0 0 0, 77.8665010826063, -92.3484724816575, 2.16662
0 0 0 0 0, 132.62674838252, 39.5896599355576, 2.16662
0 0 0 0 0, -129.563478071929, 56.952147163354, 2.16662
0 0 0 0 0, 137.34610563354, -71.0781624768401, 2.16662
0 0 0 0 0, 171.213179212343, -7.70257481811057, 2.16662
0 0 0 0 0, -178.259089819611, -42.9214656241836, 2.16662
0 0 0 0 0, -38.8168451746926, -181.146606265513, 2.16662
0 0 0 0 0, 205.111431184995, 14.8736633086149, 2.16662
0 0 0 0 0, -192.949737903833, 78.9986086459537, 2.16662
0 0 0 0 0, 216.175191499982, 14.2725646132533, 2.16662
0 0 0 0 0, 184.042942611014, -124.865558834556, 2.16662
0 0 0 0 0, -228.467579512531, 43.7476167908277, 2.16662
0 0 0 0 0, -162.37333097214, -167.549828167364, 2.16662
0 0 0 0 0, -34.4451801814134, -231.147969276812, 2.16662
0 0 0 0 0, 126.35286268421, -202.89491614633, 2.16662
0 0 0 0 0, 92.7490267308502, 222.427485095286, 2.16662
0 0 0 0 0, 199.08776033921, 172.328043126502, 2.16662
0 0 0 0 0, 261.080833940063, 52.2156195330961, 2.16662
0 0 0 0 0, 170.827709570437, -209.281787486923, 2.16662
0 0 0 0 0, 255.141078791565, 91.1533067085044, 2.16662
0 0 0 0 0, -273.258070609421, -82.5656769762666, 2.16662
0 0 0 0 0, 253.330404537267, 147.90134904772, 2.16662
0 0 0 0 0, -182.824086822929, 234.232162992159, 2.16662
0 0 0 0 0, 167.31398530877, 252.435141310936, 2.16662
0 0 0 0 0, 236.004897946255, 192.648996444153, 2.16662
0 0 0 0 0, 293.979540662099, -80.2304687218128, 2.16662
0 0 0 0 0, 34.1006356668175, 306.732199568972, 2.16662
0 0 0 0 0, -277.275533180457, -141.086621633108, 2.16662
0 0 0 0 0, 116.863565336468, 291.314337984595, 2.16662
0 0 0 0 0, 26.2822737087692, -314.508323492543, 2.16662
0 0 0 0 0, 12.1318715158923, 285.166453454386, 2.16662
0 0 0 0 0, 22.9533518884354, -294.59281574074, 2.16662
0 0 0 0 0, 30.0428905766451, 186.167784146145, 2.16662
0 0 0 0 0, 128.304890625434, 85.0463643830259, 2.16662
0 0 0 0 0, 5.93442809937893, -288.771059654378, 2.16662
0 0 0 0 0, 126.130573995948, -116.687990809475, 2.16662
0 0 0 0 0, -40.5234595111888, -126.96049985007, 2.16662
0 0 0 0 0, -108.199927845549, -238.790719505933, 2.16662
0 0 0 0 0, -76.2618998728671, -99.6420351459124, 2.16662
0 0 0 0 0, 314.426812429543, -55.1899862872592, 2.16662
0 0 0 0 0, 211.268252000654, 53.2173410598679, 2.16662
0 0 0 0 0, 250.806325219602, -23.9843141275944, 2.16662
0 0 0 0 0, 94.5271697463767, -47.9630911331745, 2.16662
0 0 0 0 0, -120.550894352887, -41.700649973265, 2.16662
0 0 0 0 0, -16.7024309710045, -210.661225364327, 2.16662
0 0 0 0 0, -66.3715262038718, -7.88315036512368, 2.16662
0 0 0 0 0, 52.0923847036087, -229.547066795483, 2.16662
0 0 0 0 0, 107.915537552779, -26.1632173582939, 2.16662
0 0 0 0 0, -96.3516750815353, 122.856440952019, 2.16662
0 0 0 0 0, 65.5701303099293, -147.493756300989, 2.16662
0 0 0 0 0, -109.490102929684, 61.1543530662051, 2.16662
0 0 0 0 0, 302.231916278438, -93.1105305644737, 2.16662
0 0 0 0 0, 299.840586552655, -9.7171817885386, 2.16662
0 0 0 0 0, -77.3720488467087, 205.941069154634, 2.16662
0 0 0 0 0, -286.10146435119, -22.749702728515, 2.16662
0 0 0 0 0, -296.966429787802, 76.332667737181, 2.16662
0 0 0 0 0, -143.846785959407, -282.089002005736, 2.16662
0 0 0 0 0, 261.043155954353, 184.561283300153, 2.16662
0 0 0 0 0, -14.8984548949495, 215.62330908835, 2.16662
0 0 0 0 0, 211.264091477822, 56.6191744057729, 2.16662
0 0 0 0 0, -110.521696115604, -191.816418882076, 2.16662
0 0 0 0 0, -153.677998217427, 175.98555300866, 2.16662
0 0 0 0 0, -75.1177868117438, -6.55739083016894, 2.16662
0 0 0 0 0, -130.671986338338, -54.1835408648824, 2.16662
0 0 0 0 0, 174.157382446034, -26.0366164690679, 2.16662
0 0 0 0 0, -17.8325411520069, -263.246788641021, 2.16662
0 0 0 0 0, 56.3573324213511, -310.478292323818, 2.16662
0 0 0 0 0, 146.076519352729, 102.109972848468, 2.16662
0 0 0 0 0, -181.199499176898, -102.481318925422, 2.16662
0 0 0 0 0, -209.779624505301, 191.968742791371, 2.16662
0 0 0 0 0, 289.302023903227, -140.608762864913, 2.16662
0 0 0 0 0, 48.4400370629877, 318.344885042431, 2.16662
0 0 0 0 0, -196.374647432498, 166.312800999379, 2.16662
0 0 0 0 0, 133.13185422471, 270.051747350016, 2.16662
0 0 0 0 0, -52.6184195904161, -89.6439442523946, 2.16662
0 0 0 0 0, 101.37920539175, 142.734788039371, 2.16662
0 0 0 0 0, 155.473450039888, -145.252136540107, 2.16662
0 0 0 0 0, -92.3789352124495, 282.543892307202, 2.16662
0 0 0 0 0, 33.2131586073183, -129.118143427596, 2.16662
0 0 0 0 0, 124.038860664792, -284.325128365274, 2.16662
0 0 0 0 0, 154.813528889577, -236.709571938646, 2.16662
0 0 0 0 0, -286.03201124684, -113.432242641119, 2.16662
0 0 0 0 0, 8.82946252977277, 107.009459757436, 2.16662
0 0 0 0 0, 43.5700753919456, -100.191705756838, 2.16662
0 0 0 0 0, 6.83453193078156, -191.817191679749, 2.16662
0 0 0 0 0, 60.6445831488184, -223.70949959124, 2.16662
0 0 0 0 0, 217.162254749982, -196.878588701324, 2.16662
0 0 0 0 0, 289.408551094026, 143.032309938937, 2.16662
0 0 0 0 0, 22.0087831525636, -90.8083177172676, 2.16662
0 0 0 0 0, 158.094687008101, 86.0304021146736, 2.16662
0 0 0 0 0, 194.004552596106, 175.418403768619, 2.16662
0 0 0 0 0, -176.602250902849, 197.499055883096, 2.16662
0 0 0 0 0, 26.9648578576505, -108.422652054444, 2.16662
0 0 0 0 0, 195.158559821137, -219.069073539411, 2.16662
0 0 0 0 0, -23.4203052367586, -271.740126955046, 2.16662
0 0 0 0 0, -184.365036959854, 14.3689252452785, 2.16662
0 0 0 0 0, 182.486850927624, 137.198663737198, 2.16662
0 0 0 0 0, 78.4772399013635, -224.788084433181, 2.16662
0 0 0 0 0, -105.013493965958, -298.542874256594, 2.16662
0 0 0 0 0, -22.9223166126592, -191.898052809452, 2.16662
0 0 0 0 0, 218.990595157814, -169.495144489081, 2.16662
0 0 0 0 0, -57.5016112815203, 273.199625297003, 2.16662
0 0 0 0 0, 190.331107088002, -20.9115814355726, 2.16662
0 0 0 0 0, -116.854383278508, -250.118492259082, 2.16662
0 0 0 0 0, -31.6154539850661, -227.355555443512, 2.16662
0 0 0 0 0, 134.174638251917, -203.081833339626, 2.16662
0 0 0 0 0, 183.871410097768, -169.838909094934, 2.16662
0 0 0 0 0, -161.955784480658, 4.13515727332632, 2.16662
0 0 0 0 0, -9.83605898285025, 146.781758843261, 2.16662
0 0 0 0 0, 51.2536579695754, 288.295189297271, 2.16662
0 0 0 0 0, 251.031277429927, 49.6035321742293, 2.16662
0 0 0 0 0, -39.7244630813459, -155.41548236032, 2.16662
0 0 0 0 0, 6.34562488711812, -279.108925434094, 2.16662
0 0 0 0 0, -269.551444831231, -94.8953465488625, 2.16662
0 0 0 0 0, -157.469689162659, 13.8066723957993, 2.16662
0 0 0 0 0, -118.834731387714, 34.2392165773446, 2.16662
0 0 0 0 0, -26.0746724328852, 134.946666505941, 2.16662
0 0 0 0 0, 29.0201729731104, 165.809217157144, 2.16662
0 0 0 0 0, 14.8784325562198, 179.44740649529, 2.16662
0 0 0 0 0, -168.334442170006, -255.562956693435, 2.16662
0 0 0 0 0, -129.531256376713, -274.512723667192, 2.16662
0 0 0 0 0, -48.4666543337142, -279.848403106259, 2.16662
0 0 0 0 0, 3.22399334137634, -283.034868992176, 2.16662
0 0 0 0 0, -4.60700993031161, -249.963103943189, 2.16662
0 0 0 0 0, 55.25711431847, -276.443253761016, 2.16662
0 0 0 0 0, 82.3430553736297, -291.513253326337, 2.16662
0 0 0 0 0, 123.527237760415, -294.55176301963, 2.16662
0 0 0 0 0, 152.814945107064, -244.080052609836, 2.16662
0 0 0 0 0, -225.671032801884, -172.483636465681, 2.16662
0 0 0 0 0, -103.694643882777, -193.223385066298, 2.16662
0 0 0 0 0, -27.004684022126, -239.805521730133, 2.16662
0 0 0 0 0, 18.3394918935659, -193.865718929288, 2.16662
0 0 0 0 0, 85.4137572032046, -224.08345067085, 2.16662
0 0 0 0 0, 107.724611059195, -195.854742222071, 2.16662
0 0 0 0 0, 179.917596730905, -213.167186197752, 2.16662
0 0 0 0 0, 218.918580941573, -189.14475584344, 2.16662
0 0 0 0 0, 240.85278012639, -184.065266019634, 2.16662
0 0 0 0 0, -244.725561647328, -122.378653141656, 2.16662
0 0 0 0 0, -176.457922158307, -142.409818613581, 2.16662
0 0 0 0 0, -123.743812038173, -145.275082444336, 2.16662
0 0 0 0 0, -48.3823239335189, -139.624736865099, 2.16662
0 0 0 0 0, -5.05397077748931, -135.344581650275, 2.16662
0 0 0 0 0, 50.0200621810565, -137.576601310261, 2.16662
0 0 0 0 0, 126.440283937054, -171.079048079284, 2.16662
0 0 0 0 0, 186.4249853588, -151.769079950077, 2.16662
0 0 0 0 0, 231.819447315195, -153.202167850288, 2.16662
0 0 0 0 0, -252.59836706278, -101.320656753122, 2.16662
0 0 0 0 0, -102.859524543502, -95.8579969456942, 2.16662
0 0 0 0 0, -36.9841210810855, -104.293428571878, 2.16662
0 0 0 0 0, 33.3733449679874, -105.195464125358, 2.16662
0 0 0 0 0, 60.812062994446, -74.6430305154565, 2.16662
0 0 0 0 0, 162.795336978955, -69.1541276610998, 2.16662
0 0 0 0 0, 241.663188378852, -73.4108949235176, 2.16662
0 0 0 0 0, 283.569741244603, -60.9860329325141, 2.16662
0 0 0 0 0, 247.26835902045, -54.8422353333161, 2.16662
0 0 0 0 0, -295.626952132555, -35.4586824782725, 2.16662
0 0 0 0 0, -191.445819276052, -7.35873722254729, 2.16662
0 0 0 0 0, -166.790227090707, -24.8536988447994, 2.16662
0 0 0 0 0, -45.1680131847633, -47.5539424371826, 2.16662
0 0 0 0 0, 78.2123370444128, -3.8054992093797, 2.16662
0 0 0 0 0, 100.150581378994, -9.29374299848236, 2.16662
0 0 0 0 0, 184.60374479839, -0.884241265676951, 2.16662
0 0 0 0 0, 220.699896815917, -47.5090667616578, 2.16662
0 0 0 0 0, 300.355653951939, -29.3796060680855, 2.16662
0 0 0 0 0, -311.604799397974, 4.3821992267989, 2.16662
0 0 0 0 0, -239.187798599429, 38.056048468796, 2.16662
0 0 0 0 0, -158.222232317387, 19.5687106157842, 2.16662
0 0 0 0 0, -98.4973456241411, 46.9385950718112, 2.16662
0 0 0 0 0, -8.49410713560179, 5.18788178903876, 2.16662
0 0 0 0 0, 175.278837063268, 60.9430206378884, 2.16662
0 0 0 0 0, 188.348969555721, 14.6390289453057, 2.16662
0 0 0 0 0, 288.730841604245, 39.0661399134316, 2.16662
0 0 0 0 0, 300.616642944853, 37.4282234041586, 2.16662
0 0 0 0 0, -287.331180298863, 91.5321982624571, 2.16662
0 0 0 0 0, -243.306641168967, 102.744280972629, 2.16662
0 0 0 0 0, -220.2737945532, 108.845598876134, 2.16662
0 0 0 0 0, -125.269989214982, 120.844119735575, 2.16662
0 0 0 0 0, -60.0837605132669, 57.1664050562693, 2.16662
0 0 0 0 0, 19.4758677054896, 129.327841124627, 2.16662
0 0 0 0 0, 165.950842487969, 109.37321809198, 2.16662
0 0 0 0 0, 273.790086637107, 110.320694515382, 2.16662
0 0 0 0 0, 289.530208619493, 97.0264847592006, 2.16662
0 0 0 0 0, -233.141994390341, 149.665305572545, 2.16662
0 0 0 0 0, -159.642661103258, 173.383554112383, 2.16662
0 0 0 0 0, -132.064376957775, 176.473705928322, 2.16662
0 0 0 0 0, -16.9079221401393, 170.079780281992, 2.16662
0 0 0 0 0, 17.4079400569892, 200.754308886863, 2.16662
0 0 0 0 0, 52.1491359048158, 192.544246508264, 2.16662
0 0 0 0 0, 125.829527302237, 164.116988787574, 2.16662
0 0 0 0 0, 181.836118284958, 171.480441787873, 2.16662
0 0 0 0 0, 232.541432844242, 196.134062942664, 2.16662
0 0 0 0 0, -141.297113052838, 226.61807535229, 2.16662
0 0 0 0 0, -119.483297983237, 247.596128849783, 2.16662
0 0 0 0 0, -57.3771296612418, 252.973360503624, 2.16662
0 0 0 0 0, -40.9680831549877, 251.743501317046, 2.16662
0 0 0 0 0, 2.5013906800629, 293.923044562114, 2.16662
0 0 0 0 0, 22.4071677543155, 287.812463410885, 2.16662
0 0 0 0 0, 60.5979552014589, 290.020808852602, 2.16662
0 0 0 0 0, 93.1684197111238, 240.246223318656, 2.16662
0 0 0 0 0, 157.527626087393, 254.405115764357, 2.16662
0 0 0 0 0, 53.9188532218761, 267.200616143767, 2.16662
0 0 0 0 0, -57.1863784720323, 233.948700930818, 2.16662
0 0 0 0 0, 294.85381756626, 65.0343563688794, 2.16662
0 0 0 0 0, 59.1121206099304, -215.190986702563, 2.16662
0 0 0 0 0, 177.383628651116, -245.900341044247, 2.16662
0 0 0 0 0, 297.381600908818, 74.6837475785067, 2.16662
0 0 0 0 0, 65.0930102056811, -253.470438410401, 2.16662
-1 0 0 0 0, 0, 0, 3.175
