0 0 0 0 0, -116.856215961212, 282.569162153792, 3.175
0 0 0 0 0, -120.440281547571, -70.7473939831966, 3.175
0 0 0 0 0, 180.854862430006, 157.035056990321, 3.175
0 0 0 0 0, 194.51974923048, -125.485358643083, 2.16662
0 0 0 0 0, 194.405602825183, -128.023844867795, 2.16662
0 0 0 0 0, 91.9870717285908, -256.835648800302, 2.16662
0 0 0 0 0, 91.8588302669063, -259.373270049593, 2.16662
0 0 0 0 0, -122.23218027163, -266.545538058247, 2.16662
0 0 0 0 0, -122.162376769781, -269.085845147982, 2.16662
0 0 0 0 0, -224.556756773125, -139.438220350123, 2.16662
0 0 0 0 0, -224.385844474478, -141.973540712144, 2.16662
0 0 0 0 0, -194.352291279533, 136.16568218063, 2.16662
0 0 0 0 0, -194.455849748069, 138.704514389315, 2.16662
0 0 0 0 0, -105.932409563932, 264.124806111945, 2.16662
0 0 0 0 0, -105.952863679338, 266.665798870863, 2.16662
0 0 0 0 0, 120.560853565356, 266.23418671325, 2.16662
0 0 0 0 0, 120.497392310747, 268.774641169219, 2.16662
0 0 0 0 0, 223.116213006353, 128.761143862887, 2.16662
0 0 0 0 0, 223.162841582015, 131.301749556818, 2.16662
0 0 0 0 0, 15.0043540539285, 59.7885222528036, 2.16662
0 0 0 0 0, 16.3805872213436, 61.9256115977768, 2.16662
0 0 0 0 0, -11.2542682386125, -61.5198803995148, 2.16662
0 0 0 0 0, -12.6006932364882, -63.675873197804, 2.16662
0 0 0 0 0, 94.318706218271, -124.050979582822, 2.16662
0 0 0 0 0, 94.1749721093001, -126.588091755923, 2.16662
0 0 0 0 0, -67.5412685795288, -14.0575990916881, 2.16662
0 0 0 0 0, 4.84211105148121, 108.310771836467, 2.16662
0 0 0 0 0, 111.230456767249, -58.9579544974186, 2.16662
0 0 0 0 0, 26.2335453962164, -134.93438334931, 2.16662
0 0 0 0 0, 50.5371130428238, 131.69333206676, 2.16662
0 0 0 0 0, -167.959304884751, 6.23451402881311, 2.16662
0 0 0 0 0, 128.787025237847, -127.666155474732, 2.16662
0 0 0 0 0, 83.405791186892, -169.149503651281, 2.16662
0 0 0 0 0, 192.99163954064, -20.6264466296385, 2.16662
0 0 0 0 0, 61.2156445396096, 190.547395925344, 2.16662
0 0 0 0 0, -2.79810233614906, 209.05915824133, 2.16662
0 0 0 0 0, -197.491049084459, 84.2861303088634, 2.16662
0 0 0 0 0, -104.215444053705, 190.166552775088, 2.16662
0 0 0 0 0, 16.6100811799996, 225.538487847267, 2.16662
0 0 0 0 0, 206.965198619103, -96.8870950259003, 2.16662
0 0 0 0 0, -157.129069835439, 166.502883702563, 2.16662
0 0 0 0 0, -127.676273218352, 201.366384168246, 2.16662
0 0 0 0 0, -161.303418572279, -197.215258874343, 2.16662
0 0 0 0 0, -254.389489465917, -19.9751194509635, 2.16662
0 0 0 0 0, 163.187517927326, 201.554283738085, 2.16662
0 0 0 0 0, -153.771953171428, 209.468205734208, 2.16662
0 0 0 0 0, 60.1335243794683, -254.212771499003, 2.16662
0 0 0 0 0, 228.111705324084, -132.074068531942, 2.16662
0 0 0 0 0, -209.135304800288, -192.492186510517, 2.16662
0 0 0 0 0, 292.557682689604, -68.8758469394824, 2.16662
0 0 0 0 0, -154.277940596158, -265.509225727856, 2.16662
0 0 0 0 0, -244.271350935019, 195.863397335386, 2.16662
0 0 0 0 0, 158.051683575966, 280.080999257971, 2.16662
0 0 0 0 0, 323.6391838551, -4.25743309213337, 2.16662
0 0 0 0 0, -37.7600498954703, -21.3696806954102, 2.16662
0 0 0 0 0, -44.9416138021298, 24.1962826428995, 2.16662
0 0 0 0 0, -60.408125787314, 2.50165681969188, 2.16662
0 0 0 0 0, 6.40139773058163, 66.9358314461027, 2.16662
0 0 0 0 0, -45.4500743140872, -60.4033334988701, 2.16662
0 0 0 0 0, -54.2604129604911, -59.2159849543098, 2.16662
0 0 0 0 0, -83.7354708576382, -3.07416733351721, 2.16662
0 0 0 0 0, -3.32815245655681, 93.0654745145777, 2.16662
0 0 0 0 0, -80.495995091146, 48.0549533929445, 2.16662
0 0 0 0 0, -86.8960931213678, -48.3776834844341, 2.16662
0 0 0 0 0, -98.5520483227435, 32.832090240665, 2.16662
0 0 0 0 0, 5.64585794368011, -106.179701210976, 2.16662
0 0 0 0 0, 32.2742715248307, 102.528944149269, 2.16662
0 0 0 0 0, -31.1796851259859, -105.95617759619, 2.16662
0 0 0 0 0, 82.2040318788077, -79.3887478608099, 2.16662
0 0 0 0 0, -43.2505147566018, -105.853977525147, 2.16662
0 0 0 0 0, -110.789043804295, -28.8611865723009, 2.16662
0 0 0 0 0, 56.9189596543823, -99.6321345692381, 2.16662
0 0 0 0 0, -91.2849609299347, -71.4291473021562, 2.16662
0 0 0 0 0, 31.1304326378726, -113.876341893067, 2.16662
0 0 0 0 0, -6.02334568461313, 123.643244425078, 2.16662
0 0 0 0 0, 64.164093178324, 106.544220833915, 2.16662
0 0 0 0 0, -46.1827911717214, 117.303713408873, 2.16662
0 0 0 0 0, -12.7420995891044, -126.269423634147, 2.16662
0 0 0 0 0, -29.6421368015225, -127.341754263132, 2.16662
0 0 0 0 0, 101.002260550584, -87.349943389309, 2.16662
0 0 0 0 0, -91.5425655787992, 97.7499508436674, 2.16662
0 0 0 0 0, 127.871713764447, 44.3584073408497, 2.16662
0 0 0 0 0, -98.4823092541305, 98.1383425734372, 2.16662
0 0 0 0 0, 37.7391272052185, -138.307964036569, 2.16662
0 0 0 0 0, -17.539287264694, -144.794104720324, 2.16662
0 0 0 0 0, 115.565804376731, 91.3908433649946, 2.16662
0 0 0 0 0, 24.2063207621778, -145.568608649545, 2.16662
0 0 0 0 0, -106.041051753495, -105.405901508182, 2.16662
0 0 0 0 0, -81.2492096195274, -125.688034485073, 2.16662
0 0 0 0 0, -109.447622891729, -102.219654014715, 2.16662
0 0 0 0 0, -88.6156589674428, -121.782581407633, 2.16662
0 0 0 0 0, 10.8353585789094, 150.961201257825, 2.16662
0 0 0 0 0, -138.672327106247, 63.6196720880898, 2.16662
0 0 0 0 0, 48.8372230752328, -146.249330098907, 2.16662
0 0 0 0 0, 147.33713230115, -57.9703237821035, 2.16662
0 0 0 0 0, -146.66943912855, 60.2047027409639, 2.16662
0 0 0 0 0, -118.453704922025, -107.049321236751, 2.16662
0 0 0 0 0, 139.703855889989, 79.2261347621409, 2.16662
0 0 0 0 0, 153.409872163935, 48.9030287590264, 2.16662
0 0 0 0 0, -146.528942786898, -67.8451278005441, 2.16662
0 0 0 0 0, -72.1442178291183, -149.334800780796, 2.16662
0 0 0 0 0, -21.009412042409, -169.242861407513, 2.16662
0 0 0 0 0, 117.505651946073, 123.999239595022, 2.16662
0 0 0 0 0, -141.172224978317, 97.8031598822732, 2.16662
0 0 0 0 0, 100.370354861555, -145.882730088784, 2.16662
0 0 0 0 0, 146.480496275193, 103.231517766633, 2.16662
0 0 0 0 0, 94.3767817245579, 155.071051712621, 2.16662
0 0 0 0 0, -75.4140587104325, -166.680532960279, 2.16662
0 0 0 0 0, 181.322089151144, 28.6461365528055, 2.16662
0 0 0 0 0, 101.303844937339, -156.508641722083, 2.16662
0 0 0 0 0, 65.7236120566411, -175.427571211598, 2.16662
0 0 0 0 0, -133.282841545943, 133.79457968828, 2.16662
0 0 0 0 0, 180.842768304793, -54.3389566729843, 2.16662
0 0 0 0 0, -189.395975748546, -9.82638867874358, 2.16662
0 0 0 0 0, -189.122851237018, 30.2413550316324, 2.16662
0 0 0 0 0, 104.558106633975, 161.22878499592, 2.16662
0 0 0 0 0, -103.853240014388, 163.738678286926, 2.16662
0 0 0 0 0, 149.294922039105, 124.227590949441, 2.16662
0 0 0 0 0, -159.953456032646, 113.904792559699, 2.16662
0 0 0 0 0, -192.005423486817, 51.4219708258172, 2.16662
0 0 0 0 0, 122.88238170586, -156.955099392712, 2.16662
0 0 0 0 0, 199.923873544758, -13.0607903657768, 2.16662
0 0 0 0 0, -200.332327251715, 23.5252554338901, 2.16662
0 0 0 0 0, -117.83836724648, -164.142453053101, 2.16662
0 0 0 0 0, -187.807065852729, 78.1642068972927, 2.16662
0 0 0 0 0, 168.423814596676, -117.805153828508, 2.16662
0 0 0 0 0, -63.0675241555586, -196.09661655313, 2.16662
0 0 0 0 0, -208.271768774694, -25.233297495594, 2.16662
0 0 0 0 0, 209.951562208608, -16.9389626916333, 2.16662
0 0 0 0 0, -203.208029344713, 63.6733899556008, 2.16662
0 0 0 0 0, -147.219670958952, 155.268799891079, 2.16662
0 0 0 0 0, 205.795787267772, 58.5791847990469, 2.16662
0 0 0 0 0, -190.811224044693, 97.2912987663236, 2.16662
0 0 0 0 0, 52.5696315902312, -211.329279894838, 2.16662
0 0 0 0 0, 124.082887522805, -180.995034103786, 2.16662
0 0 0 0 0, 166.566670497415, -143.121308592696, 2.16662
0 0 0 0 0, 134.654004795573, 174.670682374743, 2.16662
0 0 0 0 0, -69.0279162252964, -209.979501600397, 2.16662
0 0 0 0 0, -43.4946728607496, -219.262667957509, 2.16662
0 0 0 0 0, -215.78532919318, -59.6773514200468, 2.16662
0 0 0 0 0, -34.7630996795476, -223.51448719795, 2.16662
0 0 0 0 0, 164.185636352635, -157.17870225972, 2.16662
0 0 0 0 0, 50.4618757636625, -221.849215538533, 2.16662
0 0 0 0 0, 144.913164382847, -177.815352844384, 2.16662
0 0 0 0 0, 232.194900954474, -34.2599340768719, 2.16662
0 0 0 0 0, -29.6129156795351, -233.075540732628, 2.16662
0 0 0 0 0, -177.670468531116, 153.79368147304, 2.16662
0 0 0 0 0, -231.097616662748, -43.0630477093876, 2.16662
0 0 0 0 0, -185.670661715251, 145.218810041077, 2.16662
0 0 0 0 0, -9.03009986930699, -240.139974685553, 2.16662
0 0 0 0 0, 209.687816724202, -118.635810838291, 2.16662
0 0 0 0 0, -72.8784124663497, -230.963031403824, 2.16662
0 0 0 0 0, -185.253681517901, 156.120865424338, 2.16662
0 0 0 0 0, 159.330142212458, 184.915555413992, 2.16662
0 0 0 0 0, -221.612010917902, -104.382283457866, 2.16662
0 0 0 0 0, -100.562314447723, 223.859120728745, 2.16662
0 0 0 0 0, -248.672790185123, 1.64731456106422, 2.16662
0 0 0 0 0, 143.00121049546, 210.566070624343, 2.16662
0 0 0 0 0, -254.248841308937, 16.1734796844812, 2.16662
0 0 0 0 0, 132.305747983222, 219.296720780364, 2.16662
0 0 0 0 0, -234.660367578867, 111.913617297027, 2.16662
0 0 0 0 0, -221.357524421274, 139.749003990247, 2.16662
0 0 0 0 0, 255.420848167234, -61.7068033146566, 2.16662
0 0 0 0 0, -117.515761769016, 235.197821442423, 2.16662
0 0 0 0 0, 229.648587193796, -128.283452268761, 2.16662
0 0 0 0 0, -231.180547808217, -127.5414516433, 2.16662
0 0 0 0 0, -258.298499954491, 61.3251529407205, 2.16662
0 0 0 0 0, 192.60253531524, -183.143765930963, 2.16662
0 0 0 0 0, 151.985816444416, 219.038512583384, 2.16662
0 0 0 0 0, 27.7614098907809, 268.232681473325, 2.16662
0 0 0 0 0, 95.8394118500591, 252.09435754403, 2.16662
0 0 0 0 0, -191.928718317763, 191.936281814354, 2.16662
0 0 0 0 0, -103.127489152606, 252.269130893688, 2.16662
0 0 0 0 0, -225.516353747896, -154.105030737549, 2.16662
0 0 0 0 0, 31.8758405710523, 271.574316727666, 2.16662
0 0 0 0 0, 162.308402594595, 221.758855709851, 2.16662
0 0 0 0 0, 264.049903241465, -78.7585199699111, 2.16662
0 0 0 0 0, 124.320847816297, 246.86353824908, 2.16662
0 0 0 0 0, -273.728294777321, -39.0779525479721, 2.16662
0 0 0 0 0, 226.034718200832, -160.939735704139, 2.16662
0 0 0 0 0, -153.297028899936, 233.666304129699, 2.16662
0 0 0 0 0, -62.9850498944806, -273.369808292207, 2.16662
0 0 0 0 0, 258.36590652887, -114.012847111417, 2.16662
0 0 0 0 0, -20.6720286089858, 282.658373643715, 2.16662
0 0 0 0 0, 158.649896097669, -234.735692770282, 2.16662
0 0 0 0 0, -206.200442585776, -195.653331073314, 2.16662
0 0 0 0 0, 213.439573992889, -191.372834444339, 2.16662
0 0 0 0 0, 226.044879747815, -177.1774709102, 2.16662
0 0 0 0 0, -284.057989811409, -51.0570852708148, 2.16662
0 0 0 0 0, 286.397541842339, -43.7553361027447, 2.16662
0 0 0 0 0, 26.9979475230915, -288.534887811168, 2.16662
0 0 0 0 0, 101.618192739289, -272.642088767624, 2.16662
0 0 0 0 0, 128.510158725664, -261.92238615501, 2.16662
0 0 0 0 0, 10.2584221488134, -292.835560183463, 2.16662
0 0 0 0 0, 146.337438841847, -254.480297293486, 2.16662
0 0 0 0 0, -293.871738522756, 1.74372285756025, 2.16662
0 0 0 0 0, 278.72016101294, 95.5241299764929, 2.16662
0 0 0 0 0, -253.563828572844, -150.277458594425, 2.16662
0 0 0 0 0, 122.464698401308, -268.669400255553, 2.16662
0 0 0 0 0, -266.460498080209, 129.408761105171, 2.16662
0 0 0 0 0, -3.39150745461207, 297.702570211609, 2.16662
0 0 0 0 0, 284.52017774479, -88.5419110824163, 2.16662
0 0 0 0 0, -80.5764407006575, 287.31467615069, 2.16662
0 0 0 0 0, -234.484082692421, 185.24580337472, 2.16662
0 0 0 0 0, -197.7267672788, -226.60372898448, 2.16662
0 0 0 0 0, 302.459247894644, -1.18414193978596, 2.16662
0 0 0 0 0, -6.35700913375809, -304.789565714661, 2.16662
0 0 0 0 0, -226.72541296615, -204.817054269658, 2.16662
0 0 0 0 0, -233.07691024055, -197.841238184754, 2.16662
0 0 0 0 0, 305.173469572528, 21.8549387793854, 2.16662
0 0 0 0 0, -66.7499696512472, -299.314914588709, 2.16662
0 0 0 0 0, -307.786631286769, 9.47286202213438, 2.16662
0 0 0 0 0, 304.240499742135, -47.8437092149145, 2.16662
0 0 0 0 0, 248.596727469577, 182.114073382032, 2.16662
0 0 0 0 0, -298.54057742038, -79.5258195568858, 2.16662
0 0 0 0 0, -238.717500706972, -197.117917035983, 2.16662
0 0 0 0 0, 309.550566508888, 4.39431366883761, 2.16662
0 0 0 0 0, 127.279028845196, -283.930733084053, 2.16662
0 0 0 0 0, -134.582858852678, -280.914561203348, 2.16662
0 0 0 0 0, -156.956327225923, -269.592698482606, 2.16662
0 0 0 0 0, 243.088825912388, 196.968781509013, 2.16662
0 0 0 0 0, -45.8230392744772, 310.449204401529, 2.16662
0 0 0 0 0, 211.429867308684, -231.756288932923, 2.16662
0 0 0 0 0, -276.852648846753, 148.744308524925, 2.16662
0 0 0 0 0, -262.549043527272, 173.666364833912, 2.16662
0 0 0 0 0, 149.25144810524, -277.191029634788, 2.16662
0 0 0 0 0, -132.917245602331, -288.043406905845, 2.16662
0 0 0 0 0, 290.551649028644, -129.309713692997, 2.16662
0 0 0 0 0, 192.859098491852, -253.479343226736, 2.16662
0 0 0 0 0, -320.590864092844, -11.4271781509662, 2.16662
0 0 0 0 0, 192.549582767256, 258.195889451038, 2.16662
0 0 0 0 0, -288.895769144203, -142.35497461779, 2.16662
0 0 0 0 0, 318.565985200344, 52.2928624171964, 2.16662
0 0 0 0 0, 232.096340783072, 226.771698197448, 2.16662
0 0 0 0 0, 36.9277911979692, 26.7236323857319, 2.16662
0 0 0 0 0, 25.642464138369, 77.5465789463514, 2.16662
0 0 0 0 0, 44.1726532232272, 98.127151348935, 2.16662
0 0 0 0 0, -45.6060423026065, -145.305385431309, 2.16662
0 0 0 0 0, -136.145473888808, -79.6158608077825, 2.16662
0 0 0 0 0, -177.875376478082, 9.8950358314829, 2.16662
0 0 0 0 0, 141.384822616035, -121.826301802338, 2.16662
0 0 0 0 0, -146.638739469739, 124.194749350516, 2.16662
0 0 0 0 0, 126.388588188443, -146.23007581124, 2.16662
0 0 0 0 0, -193.901231329897, -5.57725094649397, 2.16662
0 0 0 0 0, 116.124955230915, -167.303083204924, 2.16662
0 0 0 0 0, 105.874270521523, -176.966664114689, 2.16662
0 0 0 0 0, 76.0236318424536, -197.613373666513, 2.16662
0 0 0 0 0, -130.02876911499, 167.24323160503, 2.16662
0 0 0 0 0, 65.7770220935546, 204.934361639388, 2.16662
0 0 0 0 0, 181.77304777007, -115.935661672008, 2.16662
0 0 0 0 0, -193.25899740837, 104.825737850851, 2.16662
0 0 0 0 0, 161.76887839861, 153.832995733748, 2.16662
0 0 0 0 0, -142.324906145663, 178.968852994105, 2.16662
0 0 0 0 0, 26.6638113598884, -242.771244554552, 2.16662
0 0 0 0 0, 235.870541895313, 69.4319910344056, 2.16662
0 0 0 0 0, 99.5450705017208, 236.108114489695, 2.16662
0 0 0 0 0, 219.44403455275, -136.357519644567, 2.16662
0 0 0 0 0, 146.160560330136, -213.491705623382, 2.16662
0 0 0 0 0, 114.207078392031, -241.169572754565, 2.16662
0 0 0 0 0, 259.340959320408, -75.22943312337, 2.16662
0 0 0 0 0, 118.745301152133, -259.437521038749, 2.16662
0 0 0 0 0, 74.091031601145, -301.454335164196, 2.16662
0 0 0 0 0, 20.6621500908806, 314.478920630855, 2.16662
0 0 0 0 0, 70.8092850308883, -310.208958552022, 2.16662
0 0 0 0 0, -19.0799577908719, -319.554642281093, 2.16662
0 0 0 0 0, -81.1872049980904, -19.0699350570031, 2.16662
0 0 0 0 0, 121.628018377935, -80.4222199584239, 2.16662
0 0 0 0 0, -263.846260274332, -31.4227979214678, 2.16662
0 0 0 0 0, 105.474365975806, -268.024025983436, 2.16662
0 0 0 0 0, -290.473518330256, -39.9733492057886, 2.16662
0 0 0 0 0, 174.119207958901, -227.441575709802, 2.16662
0 0 0 0 0, -302.252128881822, -65.4164800895452, 2.16662
0 0 0 0 0, -20.1608692985434, -78.0931992291183, 2.16662
0 0 0 0 0, 184.518321186921, 15.0610256278094, 2.16662
0 0 0 0 0, 12.5331123480874, -201.15456823487, 2.16662
0 0 0 0 0, -159.999710557442, -14.7075028394393, 2.16662
0 0 0 0 0, -101.091863533245, 134.010358187747, 2.16662
0 0 0 0 0, 83.7103616593511, -162.939902369206, 2.16662
0 0 0 0 0, 116.242267566965, -265.737889000811, 2.16662
0 0 0 0 0, 220.256208658659, 225.699014757148, 2.16662
0 0 0 0 0, 8.72632852621035, 235.228508792027, 2.16662
0 0 0 0 0, -10.745573892223, 272.296010471515, 2.16662
0 0 0 0 0, -94.5246952715884, -107.055961564182, 2.16662
0 0 0 0 0, -134.295392708914, 84.3601067232905, 2.16662
0 0 0 0 0, -247.961028226387, -37.9870797121134, 2.16662
0 0 0 0 0, 83.2197686797024, -294.095817291075, 2.16662
0 0 0 0 0, 311.807304846938, -5.45102597322849, 2.16662
0 0 0 0 0, 228.627862263505, -215.243175043714, 2.16662
0 0 0 0 0, 126.731370423702, -13.9761987220783, 2.16662
0 0 0 0 0, -175.862598559142, 3.51187239782968, 2.16662
0 0 0 0 0, 178.778136197483, -26.0994033445831, 2.16662
0 0 0 0 0, 168.678690303464, -176.432029223564, 2.16662
0 0 0 0 0, 184.816291376599, 210.413721303446, 2.16662
0 0 0 0 0, -248.72939801478, 183.888367195104, 2.16662
0 0 0 0 0, -27.1874166138322, -33.2873384705886, 2.16662
0 0 0 0 0, 179.292913432955, 71.8680820240028, 2.16662
0 0 0 0 0, -59.6151112222222, -225.756185570026, 2.16662
0 0 0 0 0, -111.549659365988, -244.679219934267, 2.16662
0 0 0 0 0, -14.3876112007233, 15.0714671531551, 2.16662
0 0 0 0 0, 34.4778547006475, 19.0027007249661, 2.16662
0 0 0 0 0, -104.60903532402, -3.39046442707809, 2.16662
0 0 0 0 0, 103.181367425547, 38.2952922706636, 2.16662
0 0 0 0 0, 139.764781544563, 14.2685455962604, 2.16662
0 0 0 0 0, -140.050309425376, -52.4003638816804, 2.16662
0 0 0 0 0, -112.153771133173, 117.34771407959, 2.16662
0 0 0 0 0, -135.827681698073, -150.48093691293, 2.16662
0 0 0 0 0, 210.611863041318, 93.4508614575065, 2.16662
0 0 0 0 0, -49.172833999517, 241.521550897523, 2.16662
0 0 0 0 0, 101.90551135452, -266.836829649479, 2.16662
0 0 0 0 0, 142.124838869455, 88.3969167953296, 2.16662
0 0 0 0 0, -194.207733318709, -57.1467453120552, 2.16662
0 0 0 0 0, -267.731326969682, -46.345925893202, 2.16662
0 0 0 0 0, -293.610799465121, 73.4592368614552, 2.16662
0 0 0 0 0, -273.385602183874, -130.065138462741, 2.16662
0 0 0 0 0, -145.871079372061, 11.0451777459466, 2.16662
0 0 0 0 0, -151.904491308894, -46.7192202234242, 2.16662
0 0 0 0 0, -166.219039074335, -110.765212723707, 2.16662
0 0 0 0 0, -151.336205580977, -144.764464084682, 2.16662
0 0 0 0 0, 206.230594969036, -55.6249117038966, 2.16662
0 0 0 0 0, -129.666934665865, 182.56161336103, 2.16662
0 0 0 0 0, -146.291159465893, -250.941344831143, 2.16662
0 0 0 0 0, 56.9923291554706, 287.490991229377, 2.16662
0 0 0 0 0, 272.731652812622, 174.279711686503, 2.16662
0 0 0 0 0, 10.5327689707478, 130.045459367944, 2.16662
0 0 0 0 0, 150.671915862297, 149.084440384755, 2.16662
0 0 0 0 0, -71.0050152644413, -221.591115294147, 2.16662
0 0 0 0 0, -46.0704529178265, -240.133969449001, 2.16662
0 0 0 0 0, 248.925537356264, -144.542798668271, 2.16662
0 0 0 0 0, 104.958748173785, 268.678218738042, 2.16662
0 0 0 0 0, -136.032491986033, -18.7863486595631, 2.16662
0 0 0 0 0, -35.356959083993, 147.096336883473, 2.16662
0 0 0 0 0, -176.094345985055, -48.5638389269103, 2.16662
0 0 0 0 0, 120.726676821307, -167.036196784204, 2.16662
0 0 0 0 0, -225.509164796265, 9.335441005476, 2.16662
0 0 0 0 0, 228.611254804059, 155.58129861615, 2.16662
0 0 0 0 0, 321.291331111551, 6.86245822095844, 2.16662
0 0 0 0 0, -175.929473660842, -55.6885972488419, 2.16662
0 0 0 0 0, 229.187960895918, -42.477820852036, 2.16662
0 0 0 0 0, 262.523422366976, -89.0716984493837, 2.16662
0 0 0 0 0, 298.14095236173, 47.5060993231209, 2.16662
0 0 0 0 0, 131.634629814024, 24.3709159781711, 2.16662
0 0 0 0 0, 83.1147709772841, -133.365403528687, 2.16662
0 0 0 0 0, 109.325808315282, 169.565092282835, 2.16662
0 0 0 0 0, -46.4664346215903, -211.799789576704, 2.16662
0 0 0 0 0, -176.032906348428, -154.79427361016, 2.16662
0 0 0 0 0, -14.824638501797, 261.344709600551, 2.16662
0 0 0 0 0, 35.2420031424534, 123.621998619925, 2.16662
0 0 0 0 0, -172.165735444689, 0.875733658809103, 2.16662
0 0 0 0 0, 129.075140017233, -204.15145049835, 2.16662
0 0 0 0 0, 247.044583950475, -20.5745537824747, 2.16662
0 0 0 0 0, 50.0170394067172, -251.093040644708, 2.16662
0 0 0 0 0, -64.5007409898221, 250.489973656686, 2.16662
0 0 0 0 0, 217.352169609521, 142.509239382561, 2.16662
0 0 0 0 0, 263.050144611772, 12.6060579359307, 2.16662
0 0 0 0 0, 80.4262671990884, -251.143657473902, 2.16662
0 0 0 0 0, 258.430870656042, 90.7710003075927, 2.16662
0 0 0 0 0, -168.098655674074, 54.1407385814802, 2.16662
0 0 0 0 0, 23.5953532381187, -206.477947249877, 2.16662
0 0 0 0 0, 226.69338578222, -7.85532875333035, 2.16662
0 0 0 0 0, -203.966090782581, 100.091084665373, 2.16662
0 0 0 0 0, -213.215106213069, -161.824271239707, 2.16662
0 0 0 0 0, -154.942470499858, -245.863447228811, 2.16662
0 0 0 0 0, 51.3234630297365, -294.960570467422, 2.16662
0 0 0 0 0, 110.198165134136, 107.639215167763, 2.16662
0 0 0 0 0, -162.932829846015, 72.3626901554132, 2.16662
0 0 0 0 0, -23.0819548606552, -229.003125058534, 2.16662
0 0 0 0 0, 244.388171384024, 100.482873373073, 2.16662
0 0 0 0 0, 183.309626478035, -190.298593027919, 2.16662
0 0 0 0 0, -79.2850980557345, 253.696101420897, 2.16662
0 0 0 0 0, 70.5241967064291, 273.117539561337, 2.16662
0 0 0 0 0, 247.509606160958, -149.69790404363, 2.16662
0 0 0 0 0, 198.91134043231, -255.604984184584, 2.16662
0 0 0 0 0, -14.0810162130387, 144.367597363341, 2.16662
0 0 0 0 0, 99.5648220959551, -165.71773516296, 2.16662
0 0 0 0 0, 259.496401728932, 42.6634441514728, 2.16662
0 0 0 0 0, 259.764010893246, -81.1119053077701, 2.16662
0 0 0 0 0, -263.870705238332, -79.2344262571121, 2.16662
0 0 0 0 0, 189.355083159426, -218.300049985928, 2.16662
0 0 0 0 0, 261.073376846841, -137.06867419928, 2.16662
0 0 0 0 0, 294.068820874414, -83.2362371589955, 2.16662
0 0 0 0 0, -102.689068816394, -291.434051728604, 2.16662
0 0 0 0 0, -51.5750232565795, -28.0772964168992, 2.16662
0 0 0 0 0, -6.339569435181, 90.2660665076985, 2.16662
0 0 0 0 0, 102.350688483756, 131.350784181333, 2.16662
0 0 0 0 0, -60.2550655946844, 161.428665784248, 2.16662
0 0 0 0 0, -184.762139059988, -70.5267981356634, 2.16662
0 0 0 0 0, 175.124421992798, 105.890947992293, 2.16662
0 0 0 0 0, -219.05095092318, 16.8529116393004, 2.16662
0 0 0 0 0, -80.1910202358711, 212.135972472963, 2.16662
0 0 0 0 0, -16.9450373776321, 243.657742880024, 2.16662
0 0 0 0 0, 229.904128917785, -88.458520570969, 2.16662
0 0 0 0 0, 17.8414601485924, -263.396066350761, 2.16662
0 0 0 0 0, 10.3030770548858, -268.664005160242, 2.16662
0 0 0 0 0, -144.826450984137, 233.426710426897, 2.16662
0 0 0 0 0, -275.188086191687, 45.3314474620924, 2.16662
0 0 0 0 0, 172.415940357623, -234.151280589943, 2.16662
0 0 0 0 0, 36.8932552043749, 296.539734176373, 2.16662
0 0 0 0 0, -0.733670749794652, -123.240241535139, 2.16662
0 0 0 0 0, 25.2163762801801, 153.286574057993, 2.16662
0 0 0 0 0, -133.3105808414, 98.2490730309174, 2.16662
0 0 0 0 0, 144.793186915696, 122.22863879802, 2.16662
0 0 0 0 0, -16.6032418740878, 213.881626768619, 2.16662
0 0 0 0 0, -217.99875174631, 47.3872858669022, 2.16662
0 0 0 0 0, -7.56409849477515, 231.319369556914, 2.16662
0 0 0 0 0, 209.710836577485, -200.466745610522, 2.16662
0 0 0 0 0, -139.502141153726, -0.772610165522983, 2.16662
0 0 0 0 0, 70.566465855158, -188.452021122456, 2.16662
0 0 0 0 0, -219.955454699144, 90.4624268640455, 2.16662
0 0 0 0 0, 205.891599686551, 192.405036683514, 2.16662
0 0 0 0 0, 63.2840459680521, 279.00391140114, 2.16662
0 0 0 0 0, -89.7464117102181, 27.074436385333, 2.16662
0 0 0 0 0, -78.6619883060881, -59.7872174488654, 2.16662
0 0 0 0 0, -135.307551436071, 78.4408002863349, 2.16662
0 0 0 0 0, -188.275295495593, 16.8509946889906, 2.16662
0 0 0 0 0, 110.49476562042, -160.285776701209, 2.16662
0 0 0 0 0, 133.996122009948, 200.349655445988, 2.16662
0 0 0 0 0, 240.76347761425, 145.964380125305, 2.16662
0 0 0 0 0, -280.681272936855, -57.5677424794701, 2.16662
0 0 0 0 0, -247.771312569757, -156.306361145841, 2.16662
0 0 0 0 0, 282.187986794031, -84.7860683061943, 2.16662
0 0 0 0 0, -242.948891547258, -169.986273423083, 2.16662
0 0 0 0 0, 211.944319440031, -212.848574266863, 2.16662
0 0 0 0 0, -145.273337125191, 267.712641515252, 2.16662
0 0 0 0 0, -97.3442649941771, 8.28979830584191, 2.16662
0 0 0 0 0, 83.0385892906233, -121.94596548058, 2.16662
0 0 0 0 0, 9.90272968019004, -259.91737519141, 2.16662
0 0 0 0 0, -60.8696390086147, 259.75916310351, 2.16662
0 0 0 0 0, 270.483991205292, 2.07963932018426, 2.16662
0 0 0 0 0, -56.5796101093097, -266.128079204124, 2.16662
0 0 0 0 0, 157.774998654899, 225.10919891335, 2.16662
0 0 0 0 0, -240.433882285064, -134.881096818769, 2.16662
0 0 0 0 0, -235.725533541037, 163.881880200864, 2.16662
0 0 0 0 0, 277.743835601319, -89.9140917629888, 2.16662
0 0 0 0 0, -225.361672678642, 200.265067582758, 2.16662
0 0 0 0 0, 280.240000424417, -128.372568246032, 2.16662
0 0 0 0 0, 17.3856093663215, 311.123357621328, 2.16662
0 0 0 0 0, -181.965437243293, -260.868741444785, 2.16662
0 0 0 0 0, -310.701663823236, -80.8816704727397, 2.16662
0 0 0 0 0, -318.299813587399, -62.4928782347958, 2.16662
0 0 0 0 0, -6.92573974932801, 26.5109547306345, 2.16662
0 0 0 0 0, 24.3774181344834, 74.2253324321663, 2.16662
0 0 0 0 0, 104.747492698217, -46.9309598184264, 2.16662
0 0 0 0 0, -65.7039747070201, -119.244182524772, 2.16662
0 0 0 0 0, 70.8540816144474, 152.915411381338, 2.16662
0 0 0 0 0, 167.110260884836, 48.8161891764085, 2.16662
0 0 0 0 0, -192.344114762262, 20.7494854925768, 2.16662
0 0 0 0 0, -104.202903347192, -168.548937182393, 2.16662
0 0 0 0 0, -119.510307185105, 195.48391813115, 2.16662
0 0 0 0 0, -200.058755202427, 118.601477383407, 2.16662
0 0 0 0 0, 145.134445663582, 204.660373180715, 2.16662
0 0 0 0 0, 149.462155475755, -211.313777444082, 2.16662
0 0 0 0 0, -85.4751337481566, 248.952803461364, 2.16662
0 0 0 0 0, 123.790022760197, -232.929522741079, 2.16662
0 0 0 0 0, -34.5511718874242, 267.959155988865, 2.16662
0 0 0 0 0, -280.390712659976, -5.30104141435362, 2.16662
0 0 0 0 0, 218.005842091836, -183.070354423092, 2.16662
0 0 0 0 0, 119.322606666604, -287.802307380022, 2.16662
0 0 0 0 0, -13.3075479817068, -102.29106329495, 2.16662
0 0 0 0 0, -127.958759877901, 19.2508839702581, 2.16662
0 0 0 0 0, -147.598129298259, 88.8476283885157, 2.16662
0 0 0 0 0, 168.202650259077, 59.8054047696472, 2.16662
0 0 0 0 0, -185.070615654907, 62.1715683280165, 2.16662
0 0 0 0 0, 88.3784212900884, -180.361410910494, 2.16662
0 0 0 0 0, -152.423110514599, 159.912500080718, 2.16662
0 0 0 0 0, -201.079299959011, -108.449337555087, 2.16662
0 0 0 0 0, 112.966588889188, 219.194325850399, 2.16662
0 0 0 0 0, -200.082392264095, -171.670829386609, 2.16662
0 0 0 0 0, 179.032464045576, -194.453710581441, 2.16662
0 0 0 0 0, 191.587504542318, -203.838399766337, 2.16662
0 0 0 0 0, 208.267360310521, -187.834229595796, 2.16662
0 0 0 0 0, 248.598103450963, 167.489684842817, 2.16662
0 0 0 0 0, -256.956236901797, -160.232066192866, 2.16662
0 0 0 0 0, 76.3695194490875, -40.3037187028933, 2.16662
0 0 0 0 0, -15.3230461726685, -91.481043997462, 2.16662
0 0 0 0 0, 58.1204935284458, -133.582591041172, 2.16662
0 0 0 0 0, 48.2840807863873, -140.770635131773, 2.16662
0 0 0 0 0, 133.883790271153, 106.670112200063, 2.16662
0 0 0 0 0, 141.872840908646, -114.487619992222, 2.16662
0 0 0 0 0, -199.925666659021, -4.47750816931299, 2.16662
0 0 0 0 0, 67.6782954914832, 246.619308996999, 2.16662
0 0 0 0 0, 1.1486928291062, 256.513307507614, 2.16662
0 0 0 0 0, 270.841171481263, -53.8732996867233, 2.16662
0 0 0 0 0, 251.816979382789, 118.123962044873, 2.16662
0 0 0 0 0, 23.7324532632271, 322.575730525029, 2.16662
0 0 0 0 0, -6.93120656315335, 55.6815175682638, 2.16662
0 0 0 0 0, 8.60378866136853, 73.5191823225109, 2.16662
0 0 0 0 0, 15.3399160005106, -81.161520551075, 2.16662
0 0 0 0 0, 84.3869045077939, -21.1401001053982, 2.16662
0 0 0 0 0, 1.85300750754739, -136.160321729414, 2.16662
0 0 0 0 0, -62.7963844172896, -128.39897607968, 2.16662
0 0 0 0 0, -42.2553405576365, 190.516363000872, 2.16662
0 0 0 0 0, -183.525996546401, 98.2687907113643, 2.16662
0 0 0 0 0, 102.984869324941, 212.760848724433, 2.16662
0 0 0 0 0, -113.751527373554, -226.481867031049, 2.16662
0 0 0 0 0, -146.378512427427, 225.630426001674, 2.16662
0 0 0 0 0, 230.011589210461, 142.975620373934, 2.16662
0 0 0 0 0, -31.9055500021803, -282.186263655709, 2.16662
0 0 0 0 0, 162.309567002847, -233.809247436255, 2.16662
0 0 0 0 0, -230.863364315523, 169.219733921581, 2.16662
0 0 0 0 0, 159.205787835503, -239.498046579902, 2.16662
0 0 0 0 0, 282.329168569146, 128.59881362662, 2.16662
0 0 0 0 0, 75.1775071588778, 301.142229578008, 2.16662
0 0 0 0 0, 319.945561963578, 26.5219560513958, 2.16662
0 0 0 0 0, 18.8855158311827, -8.83614454337626, 2.16662
0 0 0 0 0, 64.5064290256101, 18.1047733697558, 2.16662
0 0 0 0 0, 12.0303471946269, -86.3046137917688, 2.16662
0 0 0 0 0, 90.7639877134561, 12.372584289657, 2.16662
0 0 0 0 0, -87.1520004008969, 67.4844109583456, 2.16662
0 0 0 0 0, -101.47890886441, 71.1205188304114, 2.16662
0 0 0 0 0, -123.414008587455, 175.905694476755, 2.16662
0 0 0 0 0, 132.044982519245, -242.180067841858, 2.16662
0 0 0 0 0, 233.457653851708, 173.352658086063, 2.16662
0 0 0 0 0, -286.210515138565, -69.1796267652348, 2.16662
0 0 0 0 0, 51.3344375332865, 298.565350821898, 2.16662
0 0 0 0 0, 301.029555579768, -79.6486312774806, 2.16662
0 0 0 0 0, -46.3989745494709, 46.6134229296328, 2.16662
0 0 0 0 0, -95.7023579450425, 43.0731773202306, 2.16662
0 0 0 0 0, -130.32119497253, 2.04583138633325, 2.16662
0 0 0 0 0, 81.401649309578, -138.034147546627, 2.16662
0 0 0 0 0, -191.987459508063, -115.5604423499, 2.16662
0 0 0 0 0, -225.754102321348, 84.9109360439696, 2.16662
0 0 0 0 0, 251.742772414289, 0.161931911047744, 2.16662
0 0 0 0 0, -33.0461584678116, 285.458081186898, 2.16662
0 0 0 0 0, 127.161575088371, 106.609836051508, 2.16662
0 0 0 0 0, 194.524780023407, 53.5386967569473, 2.16662
0 0 0 0 0, -109.138666643117, 193.849952127107, 2.16662
0 0 0 0 0, 87.7287900165176, -209.953208226682, 2.16662
0 0 0 0 0, -132.774935260153, -199.205524232588, 2.16662
0 0 0 0 0, 174.61472833818, 166.251938678424, 2.16662
0 0 0 0 0, 226.319393679395, 117.784122159897, 2.16662
0 0 0 0 0, -95.1292852058946, 256.728002448068, 2.16662
0 0 0 0 0, 261.514775683304, 96.6001070464122, 2.16662
0 0 0 0 0, 137.722257016455, -242.975466653676, 2.16662
0 0 0 0 0, 260.9037105791, -157.514184360381, 2.16662
0 0 0 0 0, 206.229508905985, -236.09974999476, 2.16662
0 0 0 0 0, 4.54302060706534, 48.5084964314231, 2.16662
0 0 0 0 0, 42.0088371713534, 117.405143083853, 2.16662
0 0 0 0 0, -127.192354726019, -140.020460560123, 2.16662
0 0 0 0 0, 192.47091799819, -100.784533080007, 2.16662
0 0 0 0 0, 8.06440249279838, 229.068786547691, 2.16662
0 0 0 0 0, -64.4214074851558, 221.987993548817, 2.16662
0 0 0 0 0, -222.014674171356, -172.168346472769, 2.16662
0 0 0 0 0, 267.702665609782, 110.568766761487, 2.16662
0 0 0 0 0, -205.212930150943, 211.272949811502, 2.16662
0 0 0 0 0, -222.609089778971, -216.850180423111, 2.16662
0 0 0 0 0, -117.808986143583, -62.1961927428998, 2.16662
0 0 0 0 0, 161.360187451319, -106.176502883953, 2.16662
0 0 0 0 0, -287.453684933214, -145.883258624162, 2.16662
0 0 0 0 0, 52.9734904885025, -3.54216861113207, 2.16662
0 0 0 0 0, 93.1633262017774, 32.8313266012549, 2.16662
0 0 0 0 0, 141.69664828698, -50.5831436295472, 2.16662
0 0 0 0 0, -17.4216084599682, -161.08138390567, 2.16662
0 0 0 0 0, 154.303685675099, -75.107186015284, 2.16662
0 0 0 0 0, 111.869699392196, -192.221352029564, 2.16662
0 0 0 0 0, 183.156617425849, -198.139048865273, 2.16662
0 0 0 0 0, -24.0445973242738, 306.655113413693, 2.16662
0 0 0 0 0, -283.613251527493, -150.824899237026, 2.16662
0 0 0 0 0, 136.310624482876, 34.7889571440464, 2.16662
0 0 0 0 0, 4.04255913725174, -234.293954544913, 2.16662
0 0 0 0 0, 143.920608287145, -189.019874477828, 2.16662
0 0 0 0 0, 7.11134771118877, -289.494165878581, 2.16662
0 0 0 0 0, -190.919402596453, -221.583468434112, 2.16662
0 0 0 0 0, -305.944971455983, 4.89557053151205, 2.16662
0 0 0 0 0, 296.119705926464, 82.4942628966525, 2.16662
0 0 0 0 0, 30.2628274118931, 90.5455788163937, 2.16662
0 0 0 0 0, -172.169858678515, -84.7432626911121, 2.16662
0 0 0 0 0, -46.8346334038411, -282.723694219273, 2.16662
0 0 0 0 0, 280.463601414824, 77.7568350241683, 2.16662
0 0 0 0 0, -261.377296704252, -118.093720492385, 2.16662
0 0 0 0 0, 169.870539585968, -266.439775797142, 2.16662
0 0 0 0 0, 117.245674801257, -204.724550782192, 2.16662
0 0 0 0 0, -166.5452939786, -191.465127004381, 2.16662
0 0 0 0 0, -196.726914429299, -86.0300990598975, 2.16662
0 0 0 0 0, 269.022243707325, -86.3184126088189, 2.16662
0 0 0 0 0, 55.06668629565, -315.289000176508, 2.16662
0 0 0 0 0, 48.2064026879718, 246.871394600281, 2.16662
0 0 0 0 0, 107.883978426298, -242.812845910761, 2.16662
0 0 0 0 0, -276.704472415948, -91.7509048142549, 2.16662
0 0 0 0 0, -33.3945001642764, -304.903059129792, 2.16662
0 0 0 0 0, 316.977984603239, -44.1786990717383, 2.16662
0 0 0 0 0, 58.4229335112502, 164.440828659207, 2.16662
0 0 0 0 0, -266.652063519761, -57.1856200786728, 2.16662
0 0 0 0 0, -148.663445051135, -239.700417647367, 2.16662
0 0 0 0 0, -112.220476652652, -209.409015322627, 2.16662
0 0 0 0 0, -147.529314583534, -210.358813930017, 2.16662
0 0 0 0 0, -14.8144716287955, -8.2204068225427, 2.16662
0 0 0 0 0, 14.6524165771181, 12.702934780921, 2.16662
0 0 0 0 0, -54.506891730946, -33.196412721977, 2.16662
0 0 0 0 0, 55.4123199345218, -32.3600630476245, 2.16662
0 0 0 0 0, -42.7164669289196, 77.0495114147833, 2.16662
0 0 0 0 0, 99.3560131254761, 70.6496461971935, 2.16662
0 0 0 0 0, -31.7916491617194, -149.348468493102, 2.16662
0 0 0 0 0, -83.0939611830157, -137.157314253828, 2.16662
0 0 0 0 0, 43.2625741739195, -169.656530105541, 2.16662
0 0 0 0 0, 105.403767177871, -151.723250369681, 2.16662
0 0 0 0 0, -79.38336810814, -187.761999820472, 2.16662
0 0 0 0 0, -98.8021695686527, 181.422460661701, 2.16662
0 0 0 0 0, -185.605466553977, -91.4255604767887, 2.16662
0 0 0 0 0, 213.733662669315, -38.9266184135507, 2.16662
0 0 0 0 0, 205.269167190639, 111.045869258086, 2.16662
0 0 0 0 0, -23.4916330898994, -236.672123733441, 2.16662
0 0 0 0 0, -316.126600877096, -53.1169890202658, 2.16662
0 0 0 0 0, -65.1734584193896, -147.552445636928, 2.16662
0 0 0 0 0, 131.575451672427, -208.64623472894, 2.16662
0 0 0 0 0, 232.651371739226, -103.965340768167, 2.16662
0 0 0 0 0, -307.991770112919, 19.4881731433125, 2.16662
0 0 0 0 0, -129.027055917839, 134.047838838973, 2.16662
0 0 0 0 0, 60.9940044085403, 260.910853168403, 2.16662
0 0 0 0 0, 301.338141656958, 63.9619952167692, 2.16662
0 0 0 0 0, -297.257209656844, -36.183579181672, 2.16662
0 0 0 0 0, -289.217529783052, -12.0679103354973, 2.16662
0 0 0 0 0, 129.898433069527, -160.083758483828, 2.16662
0 0 0 0 0, 152.259909042551, -236.64355234411, 2.16662
0 0 0 0 0, 180.477748684153, -103.239320310846, 2.16662
0 0 0 0 0, 69.077252855448, -32.7531786487342, 2.16662
0 0 0 0 0, 210.964889337321, 67.436810398638, 2.16662
0 0 0 0 0, -90.5672407319412, -112.887412552566, 2.16662
0 0 0 0 0, -161.041439879864, -258.487274121019, 2.16662
0 0 0 0 0, -63.5457397326543, -292.188270205081, 2.16662
0 0 0 0 0, 6.33931837921656, -257.814713746062, 2.16662
0 0 0 0 0, 60.0137059980707, -291.401357632045, 2.16662
0 0 0 0 0, 128.062698205126, -276.393857211233, 2.16662
0 0 0 0 0, 156.61102831777, -250.267405475189, 2.16662
0 0 0 0 0, -235.58011255195, -163.678421046733, 2.16662
0 0 0 0 0, -127.516477346659, -187.855891052977, 2.16662
0 0 0 0 0, 11.3624111511408, -191.458748670043, 2.16662
0 0 0 0 0, 137.219205218239, -169.441156269704, 2.16662
0 0 0 0 0, 123.288205273548, -195.546203135332, 2.16662
0 0 0 0 0, 216.698332559154, -165.371108821024, 2.16662
0 0 0 0 0, -258.528858587047, -137.207472448416, 2.16662
0 0 0 0 0, -94.2712843109847, -120.684027141212, 2.16662
0 0 0 0 0, -37.1872599476649, -119.425781343497, 2.16662
0 0 0 0 0, 66.8743604982681, -138.917590832192, 2.16662
0 0 0 0 0, 104.492091980997, -119.579093437786, 2.16662
0 0 0 0 0, 276.610551717713, -118.77055889591, 2.16662
0 0 0 0 0, -295.358752465586, -73.2188556184374, 2.16662
0 0 0 0 0, -184.385123539941, -40.4580966380413, 2.16662
0 0 0 0 0, -68.3512818404059, -83.9849922025653, 2.16662
0 0 0 0 0, 83.8227907563405, -60.0864135125677, 2.16662
0 0 0 0 0, 230.54635862389, -56.6516019032102, 2.16662
0 0 0 0 0, 301.636583625323, -88.5184317752356, 2.16662
0 0 0 0 0, -261.491829401373, 5.1869312375684, 2.16662
0 0 0 0 0, -191.150896233061, 10.8935378237878, 2.16662
0 0 0 0 0, -104.701183265604, -25.0129897162117, 2.16662
0 0 0 0 0, 0.988255481002952, 23.0650277632436, 2.16662
0 0 0 0 0, 140.260378393005, -4.85792274832951, 2.16662
0 0 0 0 0, 284.682232500491, 37.4839960107815, 2.16662
0 0 0 0 0, -211.806736298022, 74.5735549537116, 2.16662
0 0 0 0 0, -133.569501833891, 51.6538298648281, 2.16662
0 0 0 0 0, -56.0510337277191, 43.9457069554809, 2.16662
0 0 0 0 0, 84.0317401155068, 70.1656661251149, 2.16662
0 0 0 0 0, 160.820275297422, 52.9490247982796, 2.16662
0 0 0 0 0, 291.019010704832, 51.0914422034932, 2.16662
0 0 0 0 0, -242.349351002363, 159.964272517613, 2.16662
0 0 0 0 0, -165.910288411436, 176.129780891901, 2.16662
0 0 0 0 0, -88.5543157436696, 177.652950403975, 2.16662
0 0 0 0 0, 49.7121723227612, 165.37286878143, 2.16662
0 0 0 0 0, 154.503652110789, 165.087240790945, 2.16662
0 0 0 0 0, 255.623472096537, 165.767309064836, 2.16662
0 0 0 0 0, -130.784308103634, 211.59565336127, 2.16662
0 0 0 0 0, -73.1357622171339, 238.930459020304, 2.16662
0 0 0 0 0, 2.19760585061603, 277.165233374004, 2.16662
0 0 0 0 0, 22.3556991455407, 289.73781119649, 2.16662
0 0 0 0 0, 126.972663250164, 239.551839694802, 2.16662
0 0 0 0 0, 173.11622135723, 219.889278041615, 2.16662
-1 0 0 0 0, 0, 0, 3.175
