0 0 0 0 0, 121.625004102139, 22.932165299945, 3.175
0 0 0 0 0, 131.956154027017, -115.957651820691, 3.175
0 0 0 0 0, -67.743265055544, 153.110345535918, 3.175
0 0 0 0 0, 188.286401449665, -135.565984930443, 2.16662
0 0 0 0 0, 188.377695649203, -138.105284837832, 2.16662
0 0 0 0 0, 90.0209858328977, -260.369926716138, 2.16662
0 0 0 0 0, 89.9647932908096, -262.910198787793, 2.16662
0 0 0 0 0, -116.636061722449, -280.74845662849, 2.16662
0 0 0 0 0, -116.277950592598, -283.264619969537, 2.16662
0 0 0 0 0, -235.196584685526, -135.583486385967, 2.16662
0 0 0 0 0, -235.104207832356, -138.12288383959, 2.16662
0 0 0 0 0, -198.466548476371, 132.181564736318, 2.16662
0 0 0 0 0, -198.488925283278, 134.722448016977, 2.16662
0 0 0 0 0, -86.8472989578885, 275.311795231224, 2.16662
0 0 0 0 0, -87.0955210331251, 277.840815572812, 2.16662
0 0 0 0 0, 130.717549844388, 257.289046467309, 2.16662
0 0 0 0 0, 130.836424580272, 259.827426474693, 2.16662
0 0 0 0 0, 227.023846710498, 134.88270948602, 2.16662
0 0 0 0 0, 226.945706749404, 137.422571612356, 2.16662
0 0 0 0 0, 22.7898374465577, 71.6323430285688, 2.16662
0 0 0 0 0, 23.9570306230528, 73.8902571852237, 2.16662
0 0 0 0 0, -19.9854663169504, -60.365670021869, 2.16662
0 0 0 0 0, -21.351768735749, -62.5090960262746, 2.16662
0 0 0 0 0, 91.9822661677756, -125.717396550026, 2.16662
0 0 0 0 0, 91.8724706896711, -128.256170510964, 2.16662
0 0 0 0 0, -52.3729759610034, 21.7982124361197, 2.16662
0 0 0 0 0, -59.7181295920639, -31.7724142753853, 2.16662
0 0 0 0 0, 33.2584216102711, -121.789063257589, 2.16662
0 0 0 0 0, -107.302210418595, 66.679914019338, 2.16662
0 0 0 0 0, 123.531806513645, 83.7829478300475, 2.16662
0 0 0 0 0, -110.35084718449, -116.693752772382, 2.16662
0 0 0 0 0, 70.7718157187254, -182.605826408124, 2.16662
0 0 0 0 0, 190.615419475521, 70.346650622627, 2.16662
0 0 0 0 0, 161.308267151285, 124.178487500378, 2.16662
0 0 0 0 0, 193.812835039422, 64.8229255426798, 2.16662
0 0 0 0 0, 242.10736062633, 0.852497188206598, 2.16662
0 0 0 0 0, 246.190021036159, 36.0467379015735, 2.16662
0 0 0 0 0, 192.910810446058, -158.292634945684, 2.16662
0 0 0 0 0, 223.643858093468, 117.948529104672, 2.16662
0 0 0 0 0, -163.809486444395, 198.620828053235, 2.16662
0 0 0 0 0, -261.998172961355, -36.0865722905194, 2.16662
0 0 0 0 0, 111.481044015826, -241.721677282469, 2.16662
0 0 0 0 0, 227.715872806774, -160.220323843945, 2.16662
0 0 0 0 0, 285.930897234412, 20.1414692005196, 2.16662
0 0 0 0 0, -70.7058363809391, -281.542586709428, 2.16662
0 0 0 0 0, 58.8647908679463, 314.15298440181, 2.16662
0 0 0 0 0, 1.13745920791806, -26.751839940637, 2.16662
0 0 0 0 0, -10.7150227150902, -28.8862311894912, 2.16662
0 0 0 0 0, -3.78331516814716, 41.9338002284827, 2.16662
0 0 0 0 0, -32.9982130840938, -36.4424748232503, 2.16662
0 0 0 0 0, 9.44527085589943, 65.747023174985, 2.16662
0 0 0 0 0, -55.8791551286237, -41.8547482041718, 2.16662
0 0 0 0 0, 80.435582667562, 18.0933310618717, 2.16662
0 0 0 0 0, 98.248424406274, 17.2673267454359, 2.16662
0 0 0 0 0, -83.2167539676274, 56.7330035668242, 2.16662
0 0 0 0 0, -60.6935552952346, 84.1893157078244, 2.16662
0 0 0 0 0, 102.173314178089, -19.0645150689875, 2.16662
0 0 0 0 0, -127.666038841013, 34.6464787003982, 2.16662
0 0 0 0 0, -4.43200328567031, 134.709863738504, 2.16662
0 0 0 0 0, -31.8474115282353, -135.588404016569, 2.16662
0 0 0 0 0, -124.169228798733, 66.3978713328735, 2.16662
0 0 0 0 0, -147.213197806177, -17.67481927028, 2.16662
0 0 0 0 0, 98.1654418961761, 112.022265894403, 2.16662
0 0 0 0 0, -85.9155112075458, -123.880618791251, 2.16662
0 0 0 0 0, 143.013867453714, -75.7434710343904, 2.16662
0 0 0 0 0, 49.4975392369863, -156.222224880534, 2.16662
0 0 0 0 0, 14.3585869398163, -164.62616482831, 2.16662
0 0 0 0 0, -126.977673969009, -112.283082745115, 2.16662
0 0 0 0 0, -172.879750003378, 47.9837904853837, 2.16662
0 0 0 0 0, 180.556447088974, 10.3062535242181, 2.16662
0 0 0 0 0, -25.6017032651139, -181.513637161865, 2.16662
0 0 0 0 0, 126.057430680328, 136.021162705696, 2.16662
0 0 0 0 0, 118.870171037626, -157.788966149942, 2.16662
0 0 0 0 0, -93.1809723881901, 174.31231903006, 2.16662
0 0 0 0 0, -195.973521043933, -46.8952041808866, 2.16662
0 0 0 0 0, -201.860816255725, -2.45433365545319, 2.16662
0 0 0 0 0, 199.965311496283, 37.2995786180106, 2.16662
0 0 0 0 0, -128.658553536609, -164.041163831365, 2.16662
0 0 0 0 0, -107.410976041264, -180.368889504074, 2.16662
0 0 0 0 0, 74.0693180852156, 205.592879481618, 2.16662
0 0 0 0 0, 152.326299533873, 159.520849031613, 2.16662
0 0 0 0 0, -204.672177242714, 97.1880981582697, 2.16662
0 0 0 0 0, 144.172094269832, -180.509462108663, 2.16662
0 0 0 0 0, -184.480543100833, -143.93226063717, 2.16662
0 0 0 0 0, 199.15314514708, -127.392326507479, 2.16662
0 0 0 0 0, 237.602420015448, -4.47958708198047, 2.16662
0 0 0 0 0, -221.453705090119, 93.0068224939871, 2.16662
0 0 0 0 0, 223.118968557273, 92.3654687562488, 2.16662
0 0 0 0 0, 24.9090324807292, 242.821331291967, 2.16662
0 0 0 0 0, -160.028110538191, 185.040055870527, 2.16662
0 0 0 0 0, -150.049710883316, -196.871520370347, 2.16662
0 0 0 0 0, 235.073256418062, 84.4477910866881, 2.16662
0 0 0 0 0, -51.6888363893769, 249.115586391246, 2.16662
0 0 0 0 0, 65.4039738414086, -249.12307191241, 2.16662
0 0 0 0 0, -210.763571842451, 149.943086844661, 2.16662
0 0 0 0 0, -115.10331681912, 232.515782514384, 2.16662
0 0 0 0 0, 244.487108293534, 87.2076462065085, 2.16662
0 0 0 0 0, 186.28858767429, 183.254872283417, 2.16662
0 0 0 0 0, -40.5472563725014, -268.081863011572, 2.16662
0 0 0 0 0, -167.307775425717, -217.403583586495, 2.16662
0 0 0 0 0, 64.9636951494122, -268.050380176016, 2.16662
0 0 0 0 0, 226.065767804983, 167.867636014094, 2.16662
0 0 0 0 0, 231.148496183881, -161.575675859217, 2.16662
0 0 0 0 0, 267.375962402217, -94.6245777668803, 2.16662
0 0 0 0 0, -283.710374584653, -45.2662837590243, 2.16662
0 0 0 0 0, 66.5907460078692, 282.141008436939, 2.16662
0 0 0 0 0, 202.370657753296, 209.964055473197, 2.16662
0 0 0 0 0, 52.0395275257465, 287.026229769126, 2.16662
0 0 0 0 0, 252.092971246673, 147.263205331773, 2.16662
0 0 0 0 0, 280.737539830119, -89.8477016884331, 2.16662
0 0 0 0 0, 290.291105782989, -64.9778755098921, 2.16662
0 0 0 0 0, -262.378740576873, 141.009421416455, 2.16662
0 0 0 0 0, 274.70702215416, -115.968477795377, 2.16662
0 0 0 0 0, -181.977228979345, -241.671381708956, 2.16662
0 0 0 0 0, 216.668496369244, -214.82726728907, 2.16662
0 0 0 0 0, -18.6034925402704, 305.544411333484, 2.16662
0 0 0 0 0, 303.109200884574, 45.3534339498975, 2.16662
0 0 0 0 0, 45.7367849738415, -304.906924187051, 2.16662
0 0 0 0 0, -253.996116413267, -177.014895239622, 2.16662
0 0 0 0 0, -121.441694107703, 285.231874122823, 2.16662
0 0 0 0 0, 299.687652582934, -87.0310377712243, 2.16662
0 0 0 0 0, 260.270541364176, 173.479434908364, 2.16662
0 0 0 0 0, 312.747935334859, 27.904610541054, 2.16662
0 0 0 0 0, -176.882021799047, -261.296981199823, 2.16662
0 0 0 0 0, 268.745096817343, -168.206905490229, 2.16662
0 0 0 0 0, 77.1011984175243, -309.960661604518, 2.16662
0 0 0 0 0, -264.15663298135, 179.912525753131, 2.16662
0 0 0 0 0, -310.711633389203, 74.8501909978658, 2.16662
0 0 0 0 0, -120.153764187413, -296.275945276, 2.16662
0 0 0 0 0, 109.741656158354, 301.960490924497, 2.16662
0 0 0 0 0, -267.983896595243, 178.726174629512, 2.16662
0 0 0 0 0, 181.098891160888, 268.370677855264, 2.16662
0 0 0 0 0, -27.7947156845765, 50.0111826280624, 2.16662
0 0 0 0 0, 82.8311222276076, -18.1141122418924, 2.16662
0 0 0 0 0, 60.4278480837441, 69.1888627633598, 2.16662
0 0 0 0 0, 48.9905528410332, -124.990290463736, 2.16662
0 0 0 0 0, -136.683119813314, -72.4536100276613, 2.16662
0 0 0 0 0, 179.711793138335, -69.8804391427458, 2.16662
0 0 0 0 0, 119.190914969418, 173.612926767306, 2.16662
0 0 0 0 0, 21.9398803630045, -209.824306931105, 2.16662
0 0 0 0 0, -193.391057115581, 114.319223100729, 2.16662
0 0 0 0 0, -76.1400341467696, -234.222040655747, 2.16662
0 0 0 0 0, 257.725470916681, -92.6381798231381, 2.16662
0 0 0 0 0, 166.294789833687, -223.536700282571, 2.16662
0 0 0 0 0, -166.382626381249, -223.946796454402, 2.16662
0 0 0 0 0, -119.305229906121, -260.326750046083, 2.16662
0 0 0 0 0, 244.980524426962, 152.867523254483, 2.16662
0 0 0 0 0, 101.752522653051, -281.358154982221, 2.16662
0 0 0 0 0, -26.3055097606871, 303.597224322644, 2.16662
0 0 0 0 0, 305.247931144952, -99.8654505959101, 2.16662
0 0 0 0 0, -248.570187382079, 144.887887603883, 2.16662
0 0 0 0 0, -235.136023728372, -202.071230485078, 2.16662
0 0 0 0 0, 306.559758500359, 63.4349688076091, 2.16662
0 0 0 0 0, 92.063820536438, 193.857548794179, 2.16662
0 0 0 0 0, -282.385203816744, 95.9524122803636, 2.16662
0 0 0 0 0, -62.3737331839063, 292.646711404713, 2.16662
0 0 0 0 0, 282.671111112781, 143.636115284006, 2.16662
0 0 0 0 0, -91.2539225704144, 15.7935728121312, 2.16662
0 0 0 0 0, 84.5016539736903, 38.7627719269838, 2.16662
0 0 0 0 0, -8.80443554388638, -255.316202263466, 2.16662
0 0 0 0 0, 214.221839109881, -112.597730786739, 2.16662
0 0 0 0 0, -236.283372739857, 103.186816406001, 2.16662
0 0 0 0 0, 60.3930353715705, 17.7953899582816, 2.16662
0 0 0 0 0, 241.88843303931, 20.6340900389431, 2.16662
0 0 0 0 0, 115.354401320954, -223.215085579223, 2.16662
0 0 0 0 0, -218.822480720586, -159.097617412765, 2.16662
0 0 0 0 0, 189.954953258769, 229.035742773864, 2.16662
0 0 0 0 0, 21.0900309688879, -298.250705780421, 2.16662
0 0 0 0 0, -275.1506055344, -126.660262790725, 2.16662
0 0 0 0 0, -9.53075968763271, 174.804088449801, 2.16662
0 0 0 0 0, -157.49651271036, -99.1572514612362, 2.16662
0 0 0 0 0, -140.406298855647, 144.209593318971, 2.16662
0 0 0 0 0, -138.97702705785, -200.722587219168, 2.16662
0 0 0 0 0, 250.14923953937, 86.1250966954664, 2.16662
0 0 0 0 0, -195.592554359256, -254.602307832621, 2.16662
0 0 0 0 0, 11.8481122668441, 89.2141516617441, 2.16662
0 0 0 0 0, -129.560535067395, 120.999149419502, 2.16662
0 0 0 0 0, 4.04341380248214, -51.2162296838865, 2.16662
0 0 0 0 0, 197.887310499395, -43.7057223114768, 2.16662
0 0 0 0 0, 160.44236698518, 140.190092847676, 2.16662
0 0 0 0 0, -157.137829286636, -164.06943597636, 2.16662
0 0 0 0 0, 48.1358766870844, 317.410162588756, 2.16662
0 0 0 0 0, 30.1649877782078, 31.6866848971493, 2.16662
0 0 0 0 0, 166.826311294583, 25.3756792993597, 2.16662
0 0 0 0 0, -129.653034486049, -41.519650138783, 2.16662
0 0 0 0 0, -145.933306390532, -41.106319064439, 2.16662
0 0 0 0 0, 138.027581031536, -75.7637582938206, 2.16662
0 0 0 0 0, 63.1279459277603, 158.191427591799, 2.16662
0 0 0 0 0, -118.183793119084, -146.925715002015, 2.16662
0 0 0 0 0, -31.3590191984381, 231.746606113455, 2.16662
0 0 0 0 0, 115.187311494459, -232.733925004039, 2.16662
0 0 0 0 0, 37.969766883422, 142.38876974052, 2.16662
0 0 0 0 0, 188.771986890042, -43.4251093130155, 2.16662
0 0 0 0 0, 266.552131000907, 73.6829106723633, 2.16662
0 0 0 0 0, 218.526254184577, 181.527909560454, 2.16662
0 0 0 0 0, 35.8564679028866, 76.4712396331199, 2.16662
0 0 0 0 0, -124.010990567013, -22.294986417756, 2.16662
0 0 0 0 0, 129.299262845797, -20.1576517875698, 2.16662
0 0 0 0 0, 55.9496519113493, -167.793267958967, 2.16662
0 0 0 0 0, -18.1575050086876, 181.531614227485, 2.16662
0 0 0 0 0, -132.266019699387, 149.918155011268, 2.16662
0 0 0 0 0, 193.446844761003, 81.53912512626, 2.16662
0 0 0 0 0, 207.787018793116, -165.56574351048, 2.16662
0 0 0 0 0, 173.586412299761, -271.508063358838, 2.16662
0 0 0 0 0, 79.881611318925, 112.74304960792, 2.16662
0 0 0 0 0, 147.056656816015, 58.6313995498911, 2.16662
0 0 0 0 0, 82.0672874145195, 137.878190629421, 2.16662
0 0 0 0 0, -165.375365080935, 222.946559933178, 2.16662
0 0 0 0 0, -86.8185926076058, 22.0653594652859, 2.16662
0 0 0 0 0, 211.674926797166, -75.738057727488, 2.16662
0 0 0 0 0, 176.474241616228, 164.417403756655, 2.16662
0 0 0 0 0, -242.9027890327, -5.26770016823954, 2.16662
0 0 0 0 0, -117.162578648245, 222.361985932975, 2.16662
0 0 0 0 0, 251.636116782003, -50.343952290653, 2.16662
0 0 0 0 0, -250.701219295707, 69.8925391737244, 2.16662
0 0 0 0 0, -256.184746154591, -132.146054181124, 2.16662
0 0 0 0 0, 286.433591192384, -123.868611700124, 2.16662
0 0 0 0 0, 313.146755786335, 13.7815304919229, 2.16662
0 0 0 0 0, -22.2920531050701, 147.625499775333, 2.16662
0 0 0 0 0, 103.81557071749, 109.727614263095, 2.16662
0 0 0 0 0, 214.913165872554, -72.723960831965, 2.16662
0 0 0 0 0, 201.410700858147, -154.466129451349, 2.16662
0 0 0 0 0, -175.523568778322, 199.421621369838, 2.16662
0 0 0 0 0, 179.270175002925, 202.735364531109, 2.16662
0 0 0 0 0, 240.198055081212, -175.208570359597, 2.16662
0 0 0 0 0, -13.3980894918808, -8.52850569427937, 2.16662
0 0 0 0 0, -81.2114777409725, -21.8056695643656, 2.16662
0 0 0 0 0, -6.24993354107399, 166.132287961765, 2.16662
0 0 0 0 0, -206.040354923897, -66.2134227362158, 2.16662
0 0 0 0 0, -221.448875866959, -99.8447836469653, 2.16662
0 0 0 0 0, -276.540341732925, 56.5928352413863, 2.16662
0 0 0 0 0, -304.542451816582, -4.5587394967148, 2.16662
0 0 0 0 0, -89.7515327937159, 296.739772676516, 2.16662
0 0 0 0 0, -294.936349365416, -97.9232728786964, 2.16662
0 0 0 0 0, 136.311401746657, 282.758838496957, 2.16662
0 0 0 0 0, 89.0568959941215, -89.4892154583919, 2.16662
0 0 0 0 0, -146.277929449837, 87.5448942402616, 2.16662
0 0 0 0 0, -89.2942871374447, 189.381098578992, 2.16662
0 0 0 0 0, 9.99837856663216, -251.46634179563, 2.16662
0 0 0 0 0, 183.778018028858, -246.655206073121, 2.16662
0 0 0 0 0, -272.89637529718, 148.402888270179, 2.16662
0 0 0 0 0, 2.25753176592103, 316.799638368606, 2.16662
0 0 0 0 0, -308.0147486935, -93.4783944692829, 2.16662
0 0 0 0 0, 146.092980070863, 92.8412746049904, 2.16662
0 0 0 0 0, 113.861962708757, -131.778507506336, 2.16662
0 0 0 0 0, 130.408384210926, -168.961919346765, 2.16662
0 0 0 0 0, 239.062488184567, -67.8451156652788, 2.16662
0 0 0 0 0, 44.758298530268, -251.896149459615, 2.16662
0 0 0 0 0, 289.978139950977, 17.1850880627762, 2.16662
0 0 0 0 0, -219.522587795383, -221.617674681074, 2.16662
0 0 0 0 0, 1.28385682219273, 64.9917422534104, 2.16662
0 0 0 0 0, -114.044334385956, 87.3191627179048, 2.16662
0 0 0 0 0, 134.546913323863, -70.4193674318236, 2.16662
0 0 0 0 0, -52.4206892582484, 187.919140859948, 2.16662
0 0 0 0 0, 216.530550090778, 100.449924319446, 2.16662
0 0 0 0 0, 247.935032343315, 52.5633009297539, 2.16662
0 0 0 0 0, 95.1298472165606, -236.92088570292, 2.16662
0 0 0 0 0, 218.190668968685, 200.332900943717, 2.16662
0 0 0 0 0, -312.973994222513, 40.0004520896999, 2.16662
0 0 0 0 0, -80.4532663291133, -46.9388211028421, 2.16662
0 0 0 0 0, -37.7757097401795, -111.494920187237, 2.16662
0 0 0 0 0, -105.258644763303, 121.409779095837, 2.16662
0 0 0 0 0, -119.444511050377, -243.708150058366, 2.16662
0 0 0 0 0, 147.866754345437, 247.252619567588, 2.16662
0 0 0 0 0, -236.184334927696, -176.711198480812, 2.16662
0 0 0 0 0, 25.8399572386727, 52.739981680538, 2.16662
0 0 0 0 0, -24.115409107545, 162.045024701979, 2.16662
0 0 0 0 0, -32.2721398923887, -179.70558578866, 2.16662
0 0 0 0 0, -198.617307965072, -18.870932042245, 2.16662
0 0 0 0 0, 198.912139829081, 92.1598035362332, 2.16662
0 0 0 0 0, -12.8609715737436, 219.674527512653, 2.16662
0 0 0 0 0, 128.94106884091, -216.978695696921, 2.16662
0 0 0 0 0, 162.978801292851, 219.936938317932, 2.16662
0 0 0 0 0, 33.7828632724406, 278.245483551795, 2.16662
0 0 0 0 0, 20.9057242143917, 36.9250115854838, 2.16662
0 0 0 0 0, -130.062760271493, -16.9911639195314, 2.16662
0 0 0 0 0, -16.0601186940678, 188.106585128997, 2.16662
0 0 0 0 0, 136.734085486548, 176.724936732898, 2.16662
0 0 0 0 0, 177.817717778316, -153.827118339358, 2.16662
0 0 0 0 0, -62.7559718667677, -229.631753616378, 2.16662
0 0 0 0 0, 230.669800437448, 172.18942408744, 2.16662
0 0 0 0 0, -112.187545593713, -297.29150923205, 2.16662
0 0 0 0 0, -49.2236222629846, -74.103409970083, 2.16662
0 0 0 0 0, 172.536902179166, 58.3578819780481, 2.16662
0 0 0 0 0, -279.654802799966, 134.981752942709, 2.16662
0 0 0 0 0, -105.982454124816, -1.59413597751192, 2.16662
0 0 0 0 0, -93.4986019644764, -127.995621081393, 2.16662
0 0 0 0 0, 16.6179657575444, 182.032644443622, 2.16662
0 0 0 0 0, -136.948145160573, 154.791061883519, 2.16662
0 0 0 0 0, 214.103245838885, -27.0328463671671, 2.16662
0 0 0 0 0, 79.3998309994661, -213.865096200442, 2.16662
0 0 0 0 0, 32.9366822704786, -234.787675626807, 2.16662
0 0 0 0 0, 113.289279997116, 237.987998666268, 2.16662
0 0 0 0 0, -199.540606050224, -214.217630213391, 2.16662
0 0 0 0 0, -282.79965216395, 148.854943633556, 2.16662
0 0 0 0 0, -58.9474769955638, 73.3271000030049, 2.16662
0 0 0 0 0, -177.944939060992, 141.327173466671, 2.16662
0 0 0 0 0, -180.459905422179, 166.831054104042, 2.16662
0 0 0 0 0, 208.002638625217, 136.42346161216, 2.16662
0 0 0 0 0, 180.71107705101, -172.662191304636, 2.16662
0 0 0 0 0, -230.958313001516, 145.400903539574, 2.16662
0 0 0 0 0, 22.2087959356207, 277.916977525848, 2.16662
0 0 0 0 0, 0.508702238077853, 290.739199883567, 2.16662
0 0 0 0 0, 234.744968825157, -213.502036758311, 2.16662
0 0 0 0 0, 317.625870071675, 47.5733689072337, 2.16662
0 0 0 0 0, -228.780894677964, -226.308024078967, 2.16662
0 0 0 0 0, 118.662198364476, -8.690310374589, 2.16662
0 0 0 0 0, 111.612762138745, 131.218485518829, 2.16662
0 0 0 0 0, 63.6699028510231, -202.075900886573, 2.16662
0 0 0 0 0, -22.4780803260283, 215.772847864351, 2.16662
0 0 0 0 0, 175.962743006459, -160.435100222268, 2.16662
0 0 0 0 0, -119.833351505589, -218.939583952897, 2.16662
0 0 0 0 0, -154.293436011918, 206.141532076488, 2.16662
0 0 0 0 0, 257.440369654686, 36.2126623077518, 2.16662
0 0 0 0 0, -110.444384059028, -246.732833524694, 2.16662
0 0 0 0 0, 265.931488884423, -59.0012167067943, 2.16662
0 0 0 0 0, -48.0029522428612, 283.357801246665, 2.16662
0 0 0 0 0, 4.64490400982141, 105.911928369132, 2.16662
0 0 0 0 0, 16.1502266775128, 133.506950501975, 2.16662
0 0 0 0 0, 121.755710566823, 97.7824074261381, 2.16662
0 0 0 0 0, 213.346756785128, 65.7627516364592, 2.16662
0 0 0 0 0, 206.865943303226, -243.51039851329, 2.16662
0 0 0 0 0, 31.1119319524032, -32.2851692591336, 2.16662
0 0 0 0 0, 63.9066400544965, 109.180521641875, 2.16662
0 0 0 0 0, -187.442463207836, 23.5211938410567, 2.16662
0 0 0 0 0, -194.482570912916, -9.85400341846561, 2.16662
0 0 0 0 0, -18.2262512951769, 234.912372814831, 2.16662
0 0 0 0 0, 204.538830831811, -188.871512021273, 2.16662
0 0 0 0 0, -149.71094100464, -252.55775038991, 2.16662
0 0 0 0 0, -96.2051634601309, -295.306395281218, 2.16662
0 0 0 0 0, 1.68004588980374, 10.8061970130439, 2.16662
0 0 0 0 0, 50.748850375048, 33.6872336658438, 2.16662
0 0 0 0 0, 1.82949406966501, -126.00164435803, 2.16662
0 0 0 0 0, 92.7313417475021, -103.199588894201, 2.16662
0 0 0 0 0, 216.40439428112, -181.513830353416, 2.16662
0 0 0 0 0, 21.3573759805802, -286.636897970105, 2.16662
0 0 0 0 0, -65.5953821842684, -280.37006549115, 2.16662
0 0 0 0 0, 203.709737528706, 237.448247566868, 2.16662
0 0 0 0 0, 86.353194652914, -54.4988369204645, 2.16662
0 0 0 0 0, 129.08277242836, -7.41969006380627, 2.16662
0 0 0 0 0, 17.5312288456242, -134.02848370423, 2.16662
0 0 0 0 0, -14.4640047057339, 156.801900216405, 2.16662
0 0 0 0 0, 233.546370280182, -8.12604672201271, 2.16662
0 0 0 0 0, -151.024355464985, 192.138771708543, 2.16662
0 0 0 0 0, 105.999174341254, 222.154775543637, 2.16662
0 0 0 0 0, -9.1269690053271, 251.049199024689, 2.16662
0 0 0 0 0, 157.343497924054, -244.553970932466, 2.16662
0 0 0 0 0, 156.463958814367, 248.557146445822, 2.16662
0 0 0 0 0, -53.0919763372714, -299.682993186013, 2.16662
0 0 0 0 0, -306.950345250047, 64.9251113633044, 2.16662
0 0 0 0 0, -283.572809414912, 135.592332444862, 2.16662
0 0 0 0 0, -121.202825706098, -87.3216663318088, 2.16662
0 0 0 0 0, 13.2561729198906, 163.278129812878, 2.16662
0 0 0 0 0, -180.706180627555, -103.466485514511, 2.16662
0 0 0 0 0, 6.92670158185284, 219.177000416948, 2.16662
0 0 0 0 0, 218.402239842452, -88.6063939067914, 2.16662
0 0 0 0 0, -123.961547030156, 228.479964598812, 2.16662
0 0 0 0 0, -285.01868007732, 21.2063037913404, 2.16662
0 0 0 0 0, 75.1950283936733, 42.1204794873051, 2.16662
0 0 0 0 0, -139.822577294397, -25.8261626688565, 2.16662
0 0 0 0 0, 149.832481353169, 145.199837098466, 2.16662
0 0 0 0 0, 174.817403054849, 154.437476808288, 2.16662
0 0 0 0 0, -104.519985529187, -213.359389838478, 2.16662
0 0 0 0 0, -53.4265227044862, -236.477922071173, 2.16662
0 0 0 0 0, 191.311258729322, 160.715753417867, 2.16662
0 0 0 0 0, 218.123710263676, 140.621699865683, 2.16662
0 0 0 0 0, 262.934858348046, 111.485239052111, 2.16662
0 0 0 0 0, 124.237276144048, -263.826022931574, 2.16662
0 0 0 0 0, -187.631687290084, -243.60234494571, 2.16662
0 0 0 0 0, 278.571008127143, -154.058256259314, 2.16662
0 0 0 0 0, 41.1077249859363, -235.964678914895, 2.16662
0 0 0 0 0, 37.6576583200981, 249.157854923839, 2.16662
0 0 0 0 0, -145.234771320925, 273.61907678741, 2.16662
0 0 0 0 0, -73.4481326575461, 129.257661025812, 2.16662
0 0 0 0 0, -182.658668129189, 20.9465081349968, 2.16662
0 0 0 0 0, 110.080932349045, -147.442678796953, 2.16662
0 0 0 0 0, -142.233683602917, -168.680186578572, 2.16662
0 0 0 0 0, -74.7287329877749, 225.270562774496, 2.16662
0 0 0 0 0, -49.9703862949425, -246.603603544286, 2.16662
0 0 0 0 0, 200.732570110521, 175.969177797138, 2.16662
0 0 0 0 0, -262.127221286869, 60.8372745577787, 2.16662
0 0 0 0 0, -280.958861951636, -57.4751876084608, 2.16662
0 0 0 0 0, 156.229083225065, -13.989585635825, 2.16662
0 0 0 0 0, -24.6972885660778, -9.72904037954329, 2.16662
0 0 0 0 0, -225.963062393502, 40.604668647932, 2.16662
0 0 0 0 0, -98.489371757973, -227.439200346756, 2.16662
0 0 0 0 0, 85.5381952593343, -136.903717585523, 2.16662
0 0 0 0 0, -190.645918026234, 124.612656071049, 2.16662
0 0 0 0 0, -278.378942802125, -53.5104773627464, 2.16662
0 0 0 0 0, -84.317502851702, 62.3195582596826, 2.16662
0 0 0 0 0, -68.042047391806, 241.797484857538, 2.16662
0 0 0 0 0, 98.2714551151637, 242.945617978698, 2.16662
0 0 0 0 0, -177.234937704176, 237.664071550819, 2.16662
0 0 0 0 0, 10.3579428530058, -13.2524121678137, 2.16662
0 0 0 0 0, 149.59182328579, 239.944486625383, 2.16662
0 0 0 0 0, -225.276929880232, 196.253112714405, 2.16662
0 0 0 0 0, 24.2187253197109, 92.1310981257257, 2.16662
0 0 0 0 0, -62.4283169255606, -265.973938422226, 2.16662
0 0 0 0 0, 133.320750933347, 223.867465553257, 2.16662
0 0 0 0 0, -235.360861029235, 141.662413948247, 2.16662
0 0 0 0 0, 9.05629428955659, 323.524631407667, 2.16662
0 0 0 0 0, -139.014928959848, 226.252361727293, 2.16662
0 0 0 0 0, -146.333644646861, 62.4843919364613, 2.16662
0 0 0 0 0, 128.849601311058, 37.5126354262121, 2.16662
0 0 0 0 0, -84.7273051059838, -134.547824147301, 2.16662
0 0 0 0 0, 155.602068567941, -78.7753180453607, 2.16662
0 0 0 0 0, -158.16292629751, -86.3114321492516, 2.16662
0 0 0 0 0, 71.0802302712754, -166.363801774778, 2.16662
0 0 0 0 0, -152.690449447337, 117.426585233648, 2.16662
0 0 0 0 0, 192.298310447873, -25.1517412519318, 2.16662
0 0 0 0 0, -220.171256008734, 100.193460472222, 2.16662
0 0 0 0 0, -218.44957025274, -137.449270605765, 2.16662
0 0 0 0 0, 209.927179332105, 176.170163313137, 2.16662
0 0 0 0 0, 239.719034782273, 147.249777955916, 2.16662
0 0 0 0 0, 279.110582279072, 57.9501709671419, 2.16662
0 0 0 0 0, -297.766553786624, 1.26016593044844, 2.16662
0 0 0 0 0, 24.3320752027098, 299.373856073461, 2.16662
0 0 0 0 0, 176.350112617757, -257.265929331788, 2.16662
0 0 0 0 0, -109.317393498395, -293.534721083193, 2.16662
0 0 0 0 0, -13.4041221962075, 315.650422438655, 2.16662
0 0 0 0 0, -255.21667220945, -199.08086301639, 2.16662
0 0 0 0 0, 94.601208775713, -20.3494870059411, 2.16662
0 0 0 0 0, 210.221156953211, 30.9978100480559, 2.16662
0 0 0 0 0, 175.340653046194, -130.822852540572, 2.16662
0 0 0 0 0, 62.1916965713353, -8.79030685974983, 2.16662
0 0 0 0 0, 15.0313286657541, 264.11278643258, 2.16662
0 0 0 0 0, -66.4089646142988, -90.9871708978958, 2.16662
0 0 0 0 0, 34.0785417343719, 236.191409398149, 2.16662
0 0 0 0 0, -216.529283924628, -46.2068076305327, 2.16662
0 0 0 0 0, -224.856241635745, -203.429433611246, 2.16662
0 0 0 0 0, -100.285761254024, -85.8758229078904, 2.16662
0 0 0 0 0, 252.335313281117, -6.97326601257256, 2.16662
0 0 0 0 0, 68.6791929270663, 48.933907809732, 2.16662
0 0 0 0 0, 28.4914075080456, -134.90704453302, 2.16662
0 0 0 0 0, -2.13128953202495, 210.152189415087, 2.16662
0 0 0 0 0, -84.3418479680075, -223.30886845907, 2.16662
0 0 0 0 0, -197.432982309769, -176.31789144394, 2.16662
0 0 0 0 0, -67.0682045097602, 162.161667165642, 2.16662
0 0 0 0 0, -68.0979423716013, 259.350322523817, 2.16662
0 0 0 0 0, 100.316802457147, -12.5640233829361, 2.16662
0 0 0 0 0, -27.7653730960273, 298.328609403517, 2.16662
0 0 0 0 0, 210.05209084586, 222.920984852305, 2.16662
0 0 0 0 0, -179.404481896623, -50.4882253286694, 2.16662
0 0 0 0 0, 166.085519272746, -114.388380501424, 2.16662
0 0 0 0 0, 67.5235732233612, -33.6530564844358, 2.16662
0 0 0 0 0, -187.833958709865, 214.034543575453, 2.16662
0 0 0 0 0, -229.553040536485, -181.394023446981, 2.16662
0 0 0 0 0, 71.7007667781512, 85.4537175624836, 2.16662
0 0 0 0 0, 161.067447699672, 39.1526531133433, 2.16662
0 0 0 0 0, 148.719509762258, -85.8988119139316, 2.16662
0 0 0 0 0, -107.695451177809, 195.193279677497, 2.16662
0 0 0 0 0, -243.01670912103, -88.6544697077138, 2.16662
0 0 0 0 0, 82.6729256972666, -268.691646389842, 2.16662
0 0 0 0 0, -244.238291067638, -83.3353581448844, 2.16662
0 0 0 0 0, 87.756641817597, -32.1153622467737, 2.16662
0 0 0 0 0, 138.050407337404, -13.799606022663, 2.16662
0 0 0 0 0, 200.479215293955, -0.554086275114728, 2.16662
0 0 0 0 0, 15.3430387251019, -205.074131687196, 2.16662
0 0 0 0 0, 219.125176335662, 14.4377130760857, 2.16662
0 0 0 0 0, -189.432008310274, -115.441128819309, 2.16662
0 0 0 0 0, 229.723457311046, 51.4159133022349, 2.16662
0 0 0 0 0, 147.543422550435, -199.485885640152, 2.16662
0 0 0 0 0, 256.528367454093, 47.7330896923364, 2.16662
0 0 0 0 0, 201.68195308606, 2.75986658368983, 2.16662
0 0 0 0 0, 220.67799195882, 74.8617972156107, 2.16662
0 0 0 0 0, 78.0091039886959, 6.42546784848428, 2.16662
0 0 0 0 0, -94.2488796768338, 27.4141637910207, 2.16662
0 0 0 0 0, 141.190234921392, 161.135862744971, 2.16662
0 0 0 0 0, 192.574045386293, 144.813667857808, 2.16662
0 0 0 0 0, -177.225807493945, -248.138550828107, 2.16662
0 0 0 0 0, 109.158284276046, -267.3990207704, 2.16662
0 0 0 0 0, -257.707860444392, 145.596637353412, 2.16662
0 0 0 0 0, 42.841509456796, -112.232917700478, 2.16662
0 0 0 0 0, 93.57979045564, 81.9775901656467, 2.16662
0 0 0 0 0, -162.968849590552, -5.75259432181376, 2.16662
0 0 0 0 0, 194.298538076232, -198.381062481217, 2.16662
0 0 0 0 0, -169.950046641481, -78.0100739787573, 2.16662
0 0 0 0 0, 84.5483556326522, 235.654807971968, 2.16662
0 0 0 0 0, 128.69734769122, -239.862778427178, 2.16662
0 0 0 0 0, -127.677074329712, -266.750980216588, 2.16662
0 0 0 0 0, -14.4513888014277, 12.0488366834083, 2.16662
0 0 0 0 0, 64.0950769045079, -57.2788146569138, 2.16662
0 0 0 0 0, 283.469653706226, -102.340952958723, 2.16662
0 0 0 0 0, -109.44038197462, -149.46367553256, 2.16662
0 0 0 0 0, -192.692316128114, -127.643289267909, 2.16662
0 0 0 0 0, -86.354866311094, -115.997516237638, 2.16662
0 0 0 0 0, 72.0492700378573, -162.769131590545, 2.16662
0 0 0 0 0, 269.046418309932, -77.798288426257, 2.16662
0 0 0 0 0, -245.372144614884, 115.275514924713, 2.16662
0 0 0 0 0, -81.2721969585599, 28.6441027903051, 2.16662
0 0 0 0 0, 63.4186321021795, 253.01295528841, 2.16662
0 0 0 0 0, 248.26307955144, 164.160139016105, 2.16662
0 0 0 0 0, -112.230020688732, 270.055366890767, 2.16662
0 0 0 0 0, -281.984867383224, 65.2163845164559, 2.16662
0 0 0 0 0, -168.375415759494, 103.205052774812, 2.16662
0 0 0 0 0, 51.8252004286338, 312.470474346958, 2.16662
0 0 0 0 0, -180.275138781263, 256.039210143914, 2.16662
0 0 0 0 0, 66.9501762998261, 292.963974317254, 2.16662
0 0 0 0 0, 1.17129494347521, -145.524226111589, 2.16662
0 0 0 0 0, 80.7206916283682, -80.5471451812821, 2.16662
0 0 0 0 0, -200.102406028089, -241.400805031663, 2.16662
0 0 0 0 0, -158.440780660933, -253.756432170356, 2.16662
0 0 0 0 0, -98.680791698795, -286.953225288207, 2.16662
0 0 0 0 0, -69.2388546462325, -284.912727752388, 2.16662
0 0 0 0 0, -51.6580916808797, -281.243899987086, 2.16662
0 0 0 0 0, -37.1582023311629, -295.126077322394, 2.16662
0 0 0 0 0, 18.7137855059811, -248.806640934977, 2.16662
0 0 0 0 0, 41.8128485381833, -287.405234670893, 2.16662
0 0 0 0 0, 46.558704784693, -273.417821242368, 2.16662
0 0 0 0 0, 125.072878877511, -273.345512811834, 2.16662
0 0 0 0 0, 168.552627108244, -259.428003359166, 2.16662
0 0 0 0 0, 190.92131010707, -254.052809750536, 2.16662
0 0 0 0 0, -227.733625460434, -197.015553744252, 2.16662
0 0 0 0 0, -208.688451941227, -237.769320624797, 2.16662
0 0 0 0 0, -137.114556908659, -215.347997714559, 2.16662
0 0 0 0 0, -120.269228803274, -190.97218618711, 2.16662
0 0 0 0 0, -98.249881888416, -218.638982143504, 2.16662
0 0 0 0 0, -72.2071327373059, -197.653148126545, 2.16662
0 0 0 0 0, 7.26704048701292, -190.010106412763, 2.16662
0 0 0 0 0, 52.2890261243162, -238.571631945888, 2.16662
0 0 0 0 0, 88.3270610579843, -241.039119019084, 2.16662
0 0 0 0 0, 103.473530547839, -232.328779264539, 2.16662
0 0 0 0 0, 142.282629241832, -218.827344083898, 2.16662
0 0 0 0 0, 188.78466075927, -198.598503434792, 2.16662
0 0 0 0 0, -245.341045538474, -166.217402273495, 2.16662
0 0 0 0 0, -215.46257873204, -179.713122681943, 2.16662
0 0 0 0 0, -116.152808469842, -165.282312636474, 2.16662
0 0 0 0 0, -105.020520121609, -190.484242040284, 2.16662
0 0 0 0 0, 27.4152955707892, -166.435130266595, 2.16662
0 0 0 0 0, 61.9780760955324, -140.329088092349, 2.16662
0 0 0 0 0, 104.91054918697, -177.191765853582, 2.16662
0 0 0 0 0, 160.512757769228, -183.136280119318, 2.16662
0 0 0 0 0, 176.922326893841, -187.256628092694, 2.16662
0 0 0 0 0, 215.392507162887, -163.540924590757, 2.16662
0 0 0 0 0, 234.880038463748, -169.547817148941, 2.16662
0 0 0 0 0, 258.548455457831, -159.82161407892, 2.16662
0 0 0 0 0, -284.521416821617, -116.448846281711, 2.16662
0 0 0 0 0, -215.481498000295, -132.487416104757, 2.16662
0 0 0 0 0, -186.776822181848, -119.812176470293, 2.16662
0 0 0 0 0, -123.371543850504, -103.323257962901, 2.16662
0 0 0 0 0, -80.7396059641914, -132.251747190763, 2.16662
0 0 0 0 0, -45.8365282449485, -135.324573348478, 2.16662
0 0 0 0 0, -2.207839462426, -125.506517932599, 2.16662
0 0 0 0 0, 41.473469200426, -135.643853617762, 2.16662
0 0 0 0 0, 75.2190974228979, -136.631437889635, 2.16662
0 0 0 0 0, 134.707199731485, -134.246072279084, 2.16662
0 0 0 0 0, 240.164441437563, -109.528665852588, 2.16662
0 0 0 0 0, 291.799779231691, -78.0111033622882, 2.16662
0 0 0 0 0, -303.608088742121, -67.127950245812, 2.16662
0 0 0 0 0, -246.062295691489, -74.1040629541533, 2.16662
0 0 0 0 0, -159.24478854059, -116.752934557836, 2.16662
0 0 0 0 0, -106.498869207636, -103.562720874496, 2.16662
0 0 0 0 0, -65.7920406224852, -87.35798847815, 2.16662
0 0 0 0 0, 90.2755693646814, -64.6478216803139, 2.16662
0 0 0 0 0, 161.43083161938, -78.4563905521161, 2.16662
0 0 0 0 0, 161.093745520277, -46.3349855497199, 2.16662
0 0 0 0 0, 220.918668798852, -79.0456646063416, 2.16662
0 0 0 0 0, 252.016490989322, -41.9080241282798, 2.16662
0 0 0 0 0, 297.564450991837, -39.9672137162331, 2.16662
0 0 0 0 0, 240.964799445168, -33.690049875217, 2.16662
0 0 0 0 0, -252.8348800733, -48.0463363645988, 2.16662
0 0 0 0 0, -180.118426990068, -1.48640731083123, 2.16662
0 0 0 0 0, -155.349198602325, -7.42862661578796, 2.16662
0 0 0 0 0, -126.874928526677, -6.61150091794627, 2.16662
0 0 0 0 0, -68.2636640301221, -45.8664772402353, 2.16662
0 0 0 0 0, -16.6442601066765, 4.80728008909953, 2.16662
0 0 0 0 0, 9.05350771557867, 4.33639818459621, 2.16662
0 0 0 0 0, 43.7200419377046, -70.9328201783353, 2.16662
0 0 0 0 0, 67.4824784821086, -12.4160748026011, 2.16662
0 0 0 0 0, 118.665697219291, -24.8467735485513, 2.16662
0 0 0 0 0, 148.039379029237, -3.93621393071739, 2.16662
0 0 0 0 0, 204.62152268003, -57.2232510745896, 2.16662
0 0 0 0 0, -293.001121160588, 9.69537341951803, 2.16662
0 0 0 0 0, -190.587084465976, 7.32875175292942, 2.16662
0 0 0 0 0, -165.269042873144, 4.55501962857924, 2.16662
0 0 0 0 0, -105.721507455584, 11.0268010190706, 2.16662
0 0 0 0 0, -13.0743632207473, 22.8491201090245, 2.16662
0 0 0 0 0, 44.1481386796356, 9.80766590133532, 2.16662
0 0 0 0 0, 93.7183983201428, 1.04455695097774, 2.16662
0 0 0 0 0, 151.419786861489, 5.91329380735192, 2.16662
0 0 0 0 0, 232.621951590693, 18.7915858913905, 2.16662
0 0 0 0 0, 244.959974512297, -13.8704199706333, 2.16662
0 0 0 0 0, 274.231669292902, 46.339468612045, 2.16662
0 0 0 0 0, 292.78275598615, 47.463966420193, 2.16662
0 0 0 0 0, -297.164455508058, 26.8901560703977, 2.16662
0 0 0 0 0, -246.131948243503, 57.2848487736207, 2.16662
0 0 0 0 0, -125.851465973323, 45.6478960498421, 2.16662
0 0 0 0 0, -78.4288562332335, 47.8199109144016, 2.16662
0 0 0 0 0, -37.5227721833779, 62.6468604034858, 2.16662
0 0 0 0 0, 51.3074644217469, 41.9628159164643, 2.16662
0 0 0 0 0, 78.8963325237451, 73.5707659760091, 2.16662
0 0 0 0 0, 180.2658035937, 34.8112992537486, 2.16662
0 0 0 0 0, 189.568670106323, 50.3278431533678, 2.16662
0 0 0 0 0, 283.295862483845, 80.2421104217366, 2.16662
0 0 0 0 0, 297.212999056934, 88.410333549648, 2.16662
0 0 0 0 0, 274.808574866774, 104.580218345004, 2.16662
0 0 0 0 0, -286.130330202484, 101.885823176079, 2.16662
0 0 0 0 0, -222.904123630831, 75.8900500098482, 2.16662
0 0 0 0 0, -150.208632779271, 71.5966116776367, 2.16662
0 0 0 0 0, -99.8903318648537, 95.004353122216, 2.16662
0 0 0 0 0, 13.3869918744764, 96.3176095024532, 2.16662
0 0 0 0 0, 6.14865766193438, 117.60254154253, 2.16662
0 0 0 0 0, 49.7405727591014, 61.6475493473391, 2.16662
0 0 0 0 0, 110.774716907647, 95.3817323090339, 2.16662
0 0 0 0 0, 171.776981617423, 76.0781602152106, 2.16662
0 0 0 0 0, 194.14710389166, 115.568648648056, 2.16662
0 0 0 0 0, 174.77646210766, 104.849926430942, 2.16662
0 0 0 0 0, 278.67558916462, 125.916289576202, 2.16662
0 0 0 0 0, -280.279790209703, 126.877892131773, 2.16662
0 0 0 0 0, -255.535859534564, 139.500222276615, 2.16662
0 0 0 0 0, -229.967734347242, 120.180147322759, 2.16662
0 0 0 0 0, -214.521455566019, 120.699180007063, 2.16662
0 0 0 0 0, -120.628997904637, 117.796922910585, 2.16662
0 0 0 0 0, -88.3100765088784, 123.993299228274, 2.16662
0 0 0 0 0, -1.88812681850718, 156.29380768564, 2.16662
0 0 0 0 0, 91.2116446748694, 113.827338115279, 2.16662
0 0 0 0 0, 114.326357876987, 107.873407405544, 2.16662
0 0 0 0 0, 165.461996116188, 134.153512888446, 2.16662
0 0 0 0 0, 226.730219837451, 152.657807032986, 2.16662
0 0 0 0 0, 294.147414761169, 128.586185369282, 2.16662
0 0 0 0 0, -263.708919614816, 116.874269277417, 2.16662
0 0 0 0 0, -231.738016190973, 168.494847184818, 2.16662
0 0 0 0 0, -151.640789555165, 160.446830423585, 2.16662
0 0 0 0 0, -97.1796838312022, 189.479346421061, 2.16662
0 0 0 0 0, -3.97901723231574, 191.840996654927, 2.16662
0 0 0 0 0, 23.3253308920202, 191.872479602504, 2.16662
0 0 0 0 0, 159.397773548942, 180.265216493348, 2.16662
0 0 0 0 0, 170.961691633424, 170.420725356251, 2.16662
0 0 0 0 0, 188.79414147325, 169.204237058277, 2.16662
0 0 0 0 0, 220.914096987282, 189.232199941635, 2.16662
0 0 0 0 0, 240.202778853396, 194.107204945096, 2.16662
0 0 0 0 0, 254.368670071732, 193.565293577849, 2.16662
0 0 0 0 0, -181.889622313381, 198.601040487997, 2.16662
0 0 0 0 0, -174.56683400567, 186.714107771163, 2.16662
0 0 0 0 0, -142.457798065868, 181.905301262414, 2.16662
0 0 0 0 0, -111.068306334447, 216.504384760352, 2.16662
0 0 0 0 0, -93.5159731835963, 222.317042490898, 2.16662
0 0 0 0 0, -33.0038552918356, 221.361608018774, 2.16662
0 0 0 0 0, -4.14752434582594, 218.694342490407, 2.16662
0 0 0 0 0, 10.8383294254209, 242.29551568765, 2.16662
0 0 0 0 0, 54.5824194667624, 194.237928846965, 2.16662
0 0 0 0 0, 123.025830935965, 234.758270807469, 2.16662
0 0 0 0 0, 171.050769101858, 218.657498049078, 2.16662
0 0 0 0 0, 199.966309524211, 227.416643248851, 2.16662
0 0 0 0 0, -165.329136156726, 256.017847852043, 2.16662
0 0 0 0 0, -118.138436115459, 295.516866046262, 2.16662
0 0 0 0 0, -50.1744364304816, 243.479605775151, 2.16662
0 0 0 0 0, -5.35970005306459, 288.012643447419, 2.16662
0 0 0 0 0, 19.026625719145, 302.621739401629, 2.16662
0 0 0 0 0, 29.0775601367845, 291.897724011637, 2.16662
0 0 0 0 0, 56.9535438951685, 269.0449316751, 2.16662
0 0 0 0 0, 42.8188114639674, 288.141941725004, 2.16662
0 0 0 0 0, 79.1524875643232, 282.615399094838, 2.16662
0 0 0 0 0, 112.243356294997, 249.426492518808, 2.16662
0 0 0 0 0, 121.654224695395, 271.447799594077, 2.16662
0 0 0 0 0, 189.459045097016, 238.327361648983, 2.16662
0 0 0 0 0, 136.346974964104, -8.49547675558956, 2.16662
0 0 0 0 0, -120.056381416815, 162.480348638267, 2.16662
0 0 0 0 0, -66.735919284423, -314.683665452683, 2.16662
0 0 0 0 0, -270.690420718753, 108.877692995844, 2.16662
0 0 0 0 0, 249.180419954769, -23.734661674744, 2.16662
0 0 0 0 0, 156.282561618226, 116.466285626193, 2.16662
0 0 0 0 0, 96.9605872702817, 285.520135477284, 2.16662
0 0 0 0 0, 169.69341249446, 183.912544407606, 2.16662
0 0 0 0 0, 135.805429617133, 100.084244573291, 2.16662
-1 0 0 0 0, 0, 0, 3.175
