0 0 0 0 0, -74.9222103761047, -308.842951432364, 3.175
0 0 0 0 0, 194.464010217839, 91.8270470177008, 3.175
0 0 0 0 0, 211.743591464303, -67.0890365342623, 3.175
0 0 0 0 0, 193.62321000934, -128.012976246634, 2.16662
0 0 0 0 0, 193.56056445353, -130.553234589289, 2.16662
0 0 0 0 0, 103.548805971027, -257.062373654397, 2.16662
0 0 0 0 0, 103.425215914327, -259.600305326465, 2.16662
0 0 0 0 0, -111.33063801391, -257.238268061263, 2.16662
0 0 0 0 0, -111.450477111779, -259.776424260919, 2.16662
0 0 0 0 0, -232.682918131245, -129.154353657072, 2.16662
0 0 0 0 0, -232.721587314531, -131.695113574165, 2.16662
0 0 0 0 0, -206.608308713635, 132.938446283754, 2.16662
0 0 0 0 0, -206.646174969164, 135.479165315119, 2.16662
0 0 0 0 0, -84.4467684765118, 248.020753240354, 2.16662
0 0 0 0 0, -84.1393801127278, 250.542826942264, 2.16662
0 0 0 0 0, 117.061578423635, 276.312816460941, 2.16662
0 0 0 0 0, 116.793180228003, 278.840029849313, 2.16662
0 0 0 0 0, 228.539508899947, 130.977174429743, 2.16662
0 0 0 0 0, 228.540983240896, 133.51822569982, 2.16662
0 0 0 0 0, 2.74366380098721, 71.6515355767118, 2.16662
0 0 0 0 0, 3.91058695166222, 73.9096642676988, 2.16662
0 0 0 0 0, -16.9560687745272, -63.6524726124997, 2.16662
0 0 0 0 0, -18.2653835553186, -65.8311591365849, 2.16662
0 0 0 0 0, 95.8549074378774, -139.500094047471, 2.16662
0 0 0 0 0, 96.0260262197494, -142.035251070743, 2.16662
0 0 0 0 0, -37.5043437827973, 4.54641459477118, 2.16662
0 0 0 0 0, 50.7771344082148, -35.6065258176583, 2.16662
0 0 0 0 0, -61.4649580924745, 28.5048873905018, 2.16662
0 0 0 0 0, -71.383571724093, 21.7026973334644, 2.16662
0 0 0 0 0, 87.5433531577849, -5.59145674219601, 2.16662
0 0 0 0 0, -51.2739505852466, -72.7225541084252, 2.16662
0 0 0 0 0, 27.8270333038327, 180.019424705271, 2.16662
0 0 0 0 0, 183.269608883034, -15.3810737452946, 2.16662
0 0 0 0 0, 140.64165676129, 120.600568477908, 2.16662
0 0 0 0 0, -197.650777026071, 67.6949677509496, 2.16662
0 0 0 0 0, 117.891047311303, 188.759833544338, 2.16662
0 0 0 0 0, -216.223257662708, -84.7106663195195, 2.16662
0 0 0 0 0, 104.474870343771, 220.972100660992, 2.16662
0 0 0 0 0, 27.1603900232049, -279.203721667868, 2.16662
0 0 0 0 0, -255.051503455959, -116.92039865016, 2.16662
0 0 0 0 0, -252.931910147116, 136.019123237506, 2.16662
0 0 0 0 0, -11.9137078804036, 296.818688409342, 2.16662
0 0 0 0 0, -216.392924099707, 203.745025679228, 2.16662
0 0 0 0 0, 165.839718343795, -262.57622833096, 2.16662
0 0 0 0 0, -7.11654083783112, 13.3235141149947, 2.16662
0 0 0 0 0, -27.4014182993687, 19.1471435058982, 2.16662
0 0 0 0 0, 26.8383407244198, -48.1480094388227, 2.16662
0 0 0 0 0, 41.6557640329194, -57.074563177911, 2.16662
0 0 0 0 0, 73.1310639932497, -13.086701153776, 2.16662
0 0 0 0 0, 36.4114190254475, -69.2962617503918, 2.16662
0 0 0 0 0, 83.9071013549706, 0.640905883848735, 2.16662
0 0 0 0 0, 54.3780842625117, 64.3036854973574, 2.16662
0 0 0 0 0, -85.2132735564076, -12.5388136353701, 2.16662
0 0 0 0 0, 8.77080208120872, 88.3340744282222, 2.16662
0 0 0 0 0, 62.5899495151116, 63.0280014669542, 2.16662
0 0 0 0 0, 88.0265032449706, -12.4132760592651, 2.16662
0 0 0 0 0, -80.7271326552865, 37.4423870315811, 2.16662
0 0 0 0 0, -75.0808811609838, 49.1024721495911, 2.16662
0 0 0 0 0, 4.29176334440741, -96.7234166878718, 2.16662
0 0 0 0 0, -80.7995748285634, -54.6704257254244, 2.16662
0 0 0 0 0, 91.841601895797, -41.9776669638285, 2.16662
0 0 0 0 0, -101.008248238227, 3.16253431737355, 2.16662
0 0 0 0 0, -90.1218333564238, 51.7585949717397, 2.16662
0 0 0 0 0, -93.1560719770488, 47.0547381454654, 2.16662
0 0 0 0 0, -102.865322144284, -20.4043858986692, 2.16662
0 0 0 0 0, 106.24491677175, 19.8547672677798, 2.16662
0 0 0 0 0, -69.1647014793204, 86.5909302509754, 2.16662
0 0 0 0 0, -100.189703149537, -51.2089682662507, 2.16662
0 0 0 0 0, -5.41266517020132, -115.970886492005, 2.16662
0 0 0 0 0, -85.713742990778, 88.7515014426232, 2.16662
0 0 0 0 0, 124.841187146164, 39.8548210636189, 2.16662
0 0 0 0 0, -41.7647250386346, 127.49655441615, 2.16662
0 0 0 0 0, -3.31917148030147, -134.194528476851, 2.16662
0 0 0 0 0, -133.22553892034, -29.1833355558347, 2.16662
0 0 0 0 0, -93.370144585992, -101.026435049983, 2.16662
0 0 0 0 0, 89.4320404481395, -107.13411615954, 2.16662
0 0 0 0 0, 72.9486845641929, 120.376636507489, 2.16662
0 0 0 0 0, 85.3645041623392, -123.224575890963, 2.16662
0 0 0 0 0, 46.6549801041009, 142.934212956973, 2.16662
0 0 0 0 0, 94.6250183460667, -120.617893769888, 2.16662
0 0 0 0 0, -35.9304503984897, -151.146979671578, 2.16662
0 0 0 0 0, 161.325833378638, -23.2332412395209, 2.16662
0 0 0 0 0, -82.2048705391075, -163.609657810787, 2.16662
0 0 0 0 0, -92.8111107532102, -161.085857597252, 2.16662
0 0 0 0 0, -119.373372651667, 142.632795253533, 2.16662
0 0 0 0 0, -108.205894700899, 152.07298380682, 2.16662
0 0 0 0 0, 170.377625846899, -78.9350641345002, 2.16662
0 0 0 0 0, 188.996252887644, 23.784297427967, 2.16662
0 0 0 0 0, -60.4869999111059, -187.456887091206, 2.16662
0 0 0 0 0, -121.655481257695, -157.69352563462, 2.16662
0 0 0 0 0, 158.721602302621, -123.966656857816, 2.16662
0 0 0 0 0, 56.0740335503274, -199.898438294437, 2.16662
0 0 0 0 0, 194.641000299906, -74.1802577156419, 2.16662
0 0 0 0 0, -125.095229121577, -167.496211125356, 2.16662
0 0 0 0 0, -47.7747825617034, 207.048452223772, 2.16662
0 0 0 0 0, 151.21371114653, 151.688525146307, 2.16662
0 0 0 0 0, -163.549149321353, -139.215447493891, 2.16662
0 0 0 0 0, 172.520240854328, -128.418087134196, 2.16662
0 0 0 0 0, 211.30511180341, -43.3625536750043, 2.16662
0 0 0 0 0, -215.465638967537, 21.9584064833145, 2.16662
0 0 0 0 0, 216.487105008318, 12.7879029462602, 2.16662
0 0 0 0 0, -197.854986504423, -89.3490079446086, 2.16662
0 0 0 0 0, 127.839483969656, -179.776393254914, 2.16662
0 0 0 0 0, 27.630666593177, -229.164064422861, 2.16662
0 0 0 0 0, 203.111651081795, 112.385594356783, 2.16662
0 0 0 0 0, 72.9394719966363, -224.098346059628, 2.16662
0 0 0 0 0, 92.1779935173052, 223.750776596352, 2.16662
0 0 0 0 0, 144.448599523218, -194.453617269912, 2.16662
0 0 0 0 0, -28.4737220005094, 243.973329016762, 2.16662
0 0 0 0 0, 249.496154970409, -9.45404785289762, 2.16662
0 0 0 0 0, 108.951514547673, 227.347723691121, 2.16662
0 0 0 0 0, -199.103901050576, -156.442975687778, 2.16662
0 0 0 0 0, -210.253127334418, 146.905954456168, 2.16662
0 0 0 0 0, 256.911383517179, -1.47370202053986, 2.16662
0 0 0 0 0, -140.980458435827, 218.537045739981, 2.16662
0 0 0 0 0, 5.41262571366624, 261.177633200947, 2.16662
0 0 0 0 0, -200.766887527987, 171.669235968972, 2.16662
0 0 0 0 0, 263.61861352687, -17.8040164748494, 2.16662
0 0 0 0 0, -188.884020581205, -191.12868220397, 2.16662
0 0 0 0 0, 248.725206129427, 111.727380921799, 2.16662
0 0 0 0 0, 203.40453520257, -184.348818413569, 2.16662
0 0 0 0 0, 243.94326081187, -126.708786379624, 2.16662
0 0 0 0 0, -223.464611200766, -161.52773093441, 2.16662
0 0 0 0 0, -277.44301762679, -25.7508102438286, 2.16662
0 0 0 0 0, -123.385861725613, -254.167427147136, 2.16662
0 0 0 0 0, 248.931476203206, 134.16337438269, 2.16662
0 0 0 0 0, 135.015168439868, -251.210716800121, 2.16662
0 0 0 0 0, -284.329059299123, 27.9461735429941, 2.16662
0 0 0 0 0, 281.628583932504, -59.0112111960929, 2.16662
0 0 0 0 0, 255.987938920055, -132.12376536404, 2.16662
0 0 0 0 0, 116.052560806809, 265.69348841139, 2.16662
0 0 0 0 0, 67.43006543418, -282.195444065245, 2.16662
0 0 0 0 0, 213.867448644113, 197.061374458873, 2.16662
0 0 0 0 0, 254.908797954846, -149.328104949207, 2.16662
0 0 0 0 0, 110.306100355289, -277.492397080282, 2.16662
0 0 0 0 0, -214.443832123502, -208.331211207731, 2.16662
0 0 0 0 0, -41.0917513182463, -298.981593177683, 2.16662
0 0 0 0 0, -19.0154819456291, 303.621874856232, 2.16662
0 0 0 0 0, -165.685616425663, -256.100896249758, 2.16662
0 0 0 0 0, -239.370466805943, -191.340697524007, 2.16662
0 0 0 0 0, -304.883028072746, -34.3755526361441, 2.16662
0 0 0 0 0, -218.046555513266, -220.182727793586, 2.16662
0 0 0 0 0, -136.418323803964, 279.273412557177, 2.16662
0 0 0 0 0, 243.109573369886, 201.491931045913, 2.16662
0 0 0 0 0, -230.123264215301, -218.17679087708, 2.16662
0 0 0 0 0, 56.0538179673317, -315.180955075246, 2.16662
0 0 0 0 0, -24.722233789818, 320.487820448801, 2.16662
0 0 0 0 0, -192.362279641882, -258.365399001396, 2.16662
0 0 0 0 0, -318.673691310424, -58.2203447932607, 2.16662
0 0 0 0 0, 78.4303095183452, -37.317110864755, 2.16662
0 0 0 0 0, 97.013777790836, -5.32980203737203, 2.16662
0 0 0 0 0, -70.6918029671011, -86.2299934333534, 2.16662
0 0 0 0 0, -141.177565180055, -92.8075421055246, 2.16662
0 0 0 0 0, -172.989327957259, 4.18464840244238, 2.16662
0 0 0 0 0, -156.593273047438, 82.5946898995216, 2.16662
0 0 0 0 0, 188.31681528902, -57.1789994605042, 2.16662
0 0 0 0 0, 186.785627311626, -63.3952465414384, 2.16662
0 0 0 0 0, -127.092897672053, 157.275323804208, 2.16662
0 0 0 0 0, -136.220383066139, 161.832925200988, 2.16662
0 0 0 0 0, -52.230991687533, -219.553512405327, 2.16662
0 0 0 0 0, 160.612957520709, -173.185636896818, 2.16662
0 0 0 0 0, -223.799198608216, -85.8065411320622, 2.16662
0 0 0 0 0, -187.837689887865, 152.242567748165, 2.16662
0 0 0 0 0, 193.275424586387, 163.820604488813, 2.16662
0 0 0 0 0, 145.912992483118, 211.116666776375, 2.16662
0 0 0 0 0, 120.704735562377, 228.495639063633, 2.16662
0 0 0 0 0, 250.015836041194, -71.840936927046, 2.16662
0 0 0 0 0, 99.5849127918855, 247.920224789103, 2.16662
0 0 0 0 0, -86.1238348166702, 272.321766460225, 2.16662
0 0 0 0 0, 253.479894904706, -154.585033540389, 2.16662
0 0 0 0 0, 68.042948061488, 295.049280631071, 2.16662
0 0 0 0 0, -213.568337874316, 217.483312546949, 2.16662
0 0 0 0 0, 94.9321418869666, 299.257848294565, 2.16662
0 0 0 0 0, 140.821248746187, -282.136799613447, 2.16662
0 0 0 0 0, 102.785475293181, 36.0410791418803, 2.16662
0 0 0 0 0, -148.154533433049, -58.8644783693708, 2.16662
0 0 0 0 0, 193.192757501825, 46.9346863705234, 2.16662
0 0 0 0 0, -177.996833651967, 199.118559422425, 2.16662
0 0 0 0 0, 87.6827675665134, -263.507370464923, 2.16662
0 0 0 0 0, -251.87161444329, 148.835942047649, 2.16662
0 0 0 0 0, -136.874531736546, 265.16409135509, 2.16662
0 0 0 0 0, 116.13598259598, -31.5835971593999, 2.16662
0 0 0 0 0, 143.204178384132, 164.891050962606, 2.16662
0 0 0 0 0, -219.468460140456, -22.7356521999306, 2.16662
0 0 0 0 0, 29.5207227854242, 316.331373463014, 2.16662
0 0 0 0 0, 213.57414274533, -135.087395098522, 2.16662
0 0 0 0 0, -236.3708340165, 175.037676697926, 2.16662
0 0 0 0 0, -90.1990383659641, -90.7017700228728, 2.16662
0 0 0 0 0, 135.621172393486, 77.3231035075285, 2.16662
0 0 0 0 0, -144.72782583748, -129.377350961939, 2.16662
0 0 0 0 0, 29.4081504213356, 283.333061847498, 2.16662
0 0 0 0 0, 95.1502705149126, 286.312602392406, 2.16662
0 0 0 0 0, -38.7347228203321, -31.5540880429129, 2.16662
0 0 0 0 0, 84.1095663430902, 109.900648994084, 2.16662
0 0 0 0 0, -52.4552869469512, -187.89973320643, 2.16662
0 0 0 0 0, -179.522271472542, -56.6828252874014, 2.16662
0 0 0 0 0, -264.24820233533, 22.4321411871763, 2.16662
0 0 0 0 0, 169.110948934959, 91.3696804915869, 2.16662
0 0 0 0 0, -97.1975013247584, -180.904184249351, 2.16662
0 0 0 0 0, -297.930871742532, -10.6616472973952, 2.16662
0 0 0 0 0, 58.7931544529316, 301.385853373053, 2.16662
0 0 0 0 0, -28.1558208630499, 305.9473192836, 2.16662
0 0 0 0 0, -80.943716698519, 3.25416961965062, 2.16662
0 0 0 0 0, 131.493162908607, -2.03087613645575, 2.16662
0 0 0 0 0, -177.143953047823, -115.869811222438, 2.16662
0 0 0 0 0, -221.973130495041, -58.1568202584024, 2.16662
0 0 0 0 0, -127.728257307737, 198.399968323301, 2.16662
0 0 0 0 0, -211.711374223533, 199.394870111574, 2.16662
0 0 0 0 0, -28.7995459891588, 142.791097369527, 2.16662
0 0 0 0 0, 180.05817162338, 51.310735839676, 2.16662
0 0 0 0 0, 277.815723801048, 135.251090852357, 2.16662
0 0 0 0 0, 56.7501383861379, 33.3500081975583, 2.16662
0 0 0 0 0, 227.111846018979, 112.689549315622, 2.16662
0 0 0 0 0, 266.141972971941, -50.8958035755118, 2.16662
0 0 0 0 0, -55.2230289544759, 267.742658519153, 2.16662
0 0 0 0 0, 30.3765556653313, -59.4180398480746, 2.16662
0 0 0 0 0, 53.8547156639361, 122.386315417124, 2.16662
0 0 0 0 0, -130.337500716828, -141.247045143116, 2.16662
0 0 0 0 0, 160.624887540872, 203.786749139599, 2.16662
0 0 0 0 0, 17.7744238255923, -272.132943576742, 2.16662
0 0 0 0 0, 277.842056348007, -80.4715063513182, 2.16662
0 0 0 0 0, -28.4813127032349, 317.800318978281, 2.16662
0 0 0 0 0, 107.337624739337, -24.5556799382102, 2.16662
0 0 0 0 0, 101.500743548401, -60.1717352869042, 2.16662
0 0 0 0 0, -239.804884726071, 99.4346838016123, 2.16662
0 0 0 0 0, 250.141285795053, -90.4699799947176, 2.16662
0 0 0 0 0, -69.8950794066592, -278.97105338155, 2.16662
0 0 0 0 0, -105.640319189888, 268.46003856161, 2.16662
0 0 0 0 0, -147.363633679189, -264.474625986668, 2.16662
0 0 0 0 0, 77.2811310396474, -304.201405663245, 2.16662
0 0 0 0 0, 91.4699737563521, 101.990877322342, 2.16662
0 0 0 0 0, 118.587281366121, -123.77377418813, 2.16662
0 0 0 0 0, -260.723319840309, -139.056190297495, 2.16662
0 0 0 0 0, 13.9073124299837, -34.1579990090005, 2.16662
0 0 0 0 0, 265.349876936247, -33.9478588194772, 2.16662
0 0 0 0 0, 244.198450961925, -131.312021941518, 2.16662
0 0 0 0 0, 256.868696725966, -110.493039198495, 2.16662
0 0 0 0 0, 182.259243556463, -221.145256160887, 2.16662
0 0 0 0 0, -59.8286263740048, 192.748786839225, 2.16662
0 0 0 0 0, 104.329012313602, -179.748339222676, 2.16662
0 0 0 0 0, 90.4677732112028, -209.43337587996, 2.16662
0 0 0 0 0, -67.1059970427929, 220.007421946679, 2.16662
0 0 0 0 0, -216.791515313259, 150.260565129265, 2.16662
0 0 0 0 0, -306.0478016056, 104.02507379756, 2.16662
0 0 0 0 0, -6.79519196852365, -54.9837697910065, 2.16662
0 0 0 0 0, -85.8980423107834, 13.540247813746, 2.16662
0 0 0 0 0, -25.9981887881592, 166.582148588544, 2.16662
0 0 0 0 0, -91.9254286882507, -184.507063952487, 2.16662
0 0 0 0 0, 206.192607906622, 83.2116708736085, 2.16662
0 0 0 0 0, -35.273950237133, 60.2978656690514, 2.16662
0 0 0 0 0, -0.0838755544963039, -159.057297067943, 2.16662
0 0 0 0 0, -190.596114813018, 16.4314319415315, 2.16662
0 0 0 0 0, 138.611558713058, 271.381935113699, 2.16662
0 0 0 0 0, -318.398504721617, -51.0906730303903, 2.16662
0 0 0 0 0, -94.4769069185205, 107.249898497589, 2.16662
0 0 0 0 0, -152.668878583126, 95.0905564531336, 2.16662
0 0 0 0 0, -147.715666070801, -108.825923743385, 2.16662
0 0 0 0 0, 148.451917571011, -169.323053598071, 2.16662
0 0 0 0 0, 256.305049162697, -38.6374923307981, 2.16662
0 0 0 0 0, 0.829055947438207, 261.034991994741, 2.16662
0 0 0 0 0, 173.183746856008, 241.492668163367, 2.16662
0 0 0 0 0, -53.2582388199429, 7.56682105145215, 2.16662
0 0 0 0 0, -82.839594399698, -63.6312104951872, 2.16662
0 0 0 0 0, 1.42054651265509, 113.220231861242, 2.16662
0 0 0 0 0, -150.973495409964, 26.8908553957084, 2.16662
0 0 0 0 0, 217.650688340099, 29.6629409082704, 2.16662
0 0 0 0 0, 191.025640775762, 111.851113846404, 2.16662
0 0 0 0 0, -220.820254791837, -116.460417798273, 2.16662
0 0 0 0 0, -233.657895023885, 129.025067575673, 2.16662
0 0 0 0 0, 129.933105604074, 263.883056788324, 2.16662
0 0 0 0 0, -277.596375408296, 146.097063059961, 2.16662
0 0 0 0 0, 94.4769880730279, -107.808916758546, 2.16662
0 0 0 0 0, -72.4578172370054, -140.163737110336, 2.16662
0 0 0 0 0, -46.2666236017905, 166.745240843171, 2.16662
0 0 0 0 0, -153.454692089052, -172.34342859461, 2.16662
0 0 0 0 0, -194.62889773433, 149.400968604741, 2.16662
0 0 0 0 0, -42.6472136909103, -249.161987266812, 2.16662
0 0 0 0 0, -283.630707657127, -16.269181793686, 2.16662
0 0 0 0 0, 246.675728926067, 165.423808009996, 2.16662
0 0 0 0 0, 0.745630990970361, -22.0286382752954, 2.16662
0 0 0 0 0, 71.8886313617109, -78.4661864369199, 2.16662
0 0 0 0 0, 123.710983676045, 50.3920662819777, 2.16662
0 0 0 0 0, -110.379925670888, 99.6125275907554, 2.16662
0 0 0 0 0, 62.4201907214047, -140.250836675426, 2.16662
0 0 0 0 0, 81.0691594987274, 136.055524586336, 2.16662
0 0 0 0 0, -108.454028564026, -117.190851246377, 2.16662
0 0 0 0 0, -190.462713274709, -12.7109266455201, 2.16662
0 0 0 0 0, -158.598530025179, -137.154295667551, 2.16662
0 0 0 0 0, 203.914272639098, -59.7880050648574, 2.16662
0 0 0 0 0, -205.325251326386, 62.5628729967882, 2.16662
0 0 0 0 0, 227.161728710851, -56.3349522590678, 2.16662
0 0 0 0 0, -235.340161476519, 69.4629616553298, 2.16662
0 0 0 0 0, 260.453297123524, -57.8041945513154, 2.16662
0 0 0 0 0, 15.1094171455777, 61.9861694954645, 2.16662
0 0 0 0 0, -57.1494575173394, 68.5949277936828, 2.16662
0 0 0 0 0, -70.8095316197076, -54.6998613206721, 2.16662
0 0 0 0 0, 97.2551693189513, -38.9262331159405, 2.16662
0 0 0 0 0, 36.7021904349199, -115.799895950551, 2.16662
0 0 0 0 0, -64.5128747760542, 141.051870198912, 2.16662
0 0 0 0 0, -235.788733917619, 28.0101206706444, 2.16662
0 0 0 0 0, 131.718523911542, 237.035758410466, 2.16662
0 0 0 0 0, 42.6405677158685, 306.743000199954, 2.16662
0 0 0 0 0, 208.519555946768, 240.375468629291, 2.16662
0 0 0 0 0, -16.5313795538201, 62.8125955865588, 2.16662
0 0 0 0 0, 103.81885127415, 13.9788596640267, 2.16662
0 0 0 0 0, 104.817164469282, -149.251503357897, 2.16662
0 0 0 0 0, -57.277810553578, 186.79106547551, 2.16662
0 0 0 0 0, -84.8789891586647, -176.870756545156, 2.16662
0 0 0 0 0, 49.5853866558799, -220.37402342884, 2.16662
0 0 0 0 0, 32.7615114415369, -230.682026411099, 2.16662
0 0 0 0 0, 52.7760208762149, -254.704008070789, 2.16662
0 0 0 0 0, 60.6293588233035, 256.895536620296, 2.16662
0 0 0 0 0, 274.998220114694, 14.7817718152994, 2.16662
0 0 0 0 0, -14.0034808976982, 292.006519970122, 2.16662
0 0 0 0 0, -297.113132716344, -32.4720151832417, 2.16662
0 0 0 0 0, 287.543356051543, -83.9097430287894, 2.16662
0 0 0 0 0, -169.339341924707, -272.586159601886, 2.16662
0 0 0 0 0, -23.0720146273997, 2.28911420496051, 2.16662
0 0 0 0 0, 130.372087599514, 3.90467849719391, 2.16662
0 0 0 0 0, -4.16633598883107, 185.948566104491, 2.16662
0 0 0 0 0, -100.46682695872, 195.176657375666, 2.16662
0 0 0 0 0, 66.2679255478096, 218.281428962077, 2.16662
0 0 0 0 0, -149.713187055771, 190.480916156779, 2.16662
0 0 0 0 0, -18.4449866556571, -253.41027467818, 2.16662
0 0 0 0 0, 77.6326287537457, 271.545555474636, 2.16662
0 0 0 0 0, 178.2291681911, -242.537726181084, 2.16662
0 0 0 0 0, -259.607859529994, -181.100040140706, 2.16662
0 0 0 0 0, -18.390548925965, 111.515007341709, 2.16662
0 0 0 0 0, -123.092676197675, -25.7556647413757, 2.16662
0 0 0 0 0, 130.26489320445, -5.65982286222834, 2.16662
0 0 0 0 0, 122.784292389669, -48.0879980177094, 2.16662
0 0 0 0 0, 161.58600525677, -29.3177431544786, 2.16662
0 0 0 0 0, -100.648080009368, -153.118734570964, 2.16662
0 0 0 0 0, -158.327900668519, 131.568713060718, 2.16662
0 0 0 0 0, 130.244306684055, 159.676123407773, 2.16662
0 0 0 0 0, -190.850324040813, -85.7802141162024, 2.16662
0 0 0 0 0, -95.9802148605909, 249.311496368853, 2.16662
0 0 0 0 0, 20.8578310962402, 282.533313457319, 2.16662
0 0 0 0 0, 16.8634841460275, 306.803300801306, 2.16662
0 0 0 0 0, -51.3511389962172, -12.7846333184896, 2.16662
0 0 0 0 0, 48.8495693179279, 70.6026259403193, 2.16662
0 0 0 0 0, 32.0167111023308, -109.064404930331, 2.16662
0 0 0 0 0, -112.056575859824, 67.6109836561136, 2.16662
0 0 0 0 0, -119.972080937772, 161.023988302329, 2.16662
0 0 0 0 0, -19.4429338575583, -208.540406941861, 2.16662
0 0 0 0 0, 137.016284408052, 164.097450758025, 2.16662
0 0 0 0 0, -218.065735908727, 46.9547330666676, 2.16662
0 0 0 0 0, 185.871592394371, -143.332094764622, 2.16662
0 0 0 0 0, -112.154868124795, -230.27737952664, 2.16662
0 0 0 0 0, 72.1643248411887, 246.015990959509, 2.16662
0 0 0 0 0, 56.4412160346926, 256.270534111485, 2.16662
0 0 0 0 0, 257.827953686319, 140.739394972758, 2.16662
0 0 0 0 0, -102.713581516218, -275.254358220582, 2.16662
0 0 0 0 0, -86.9589591983458, -287.267426763569, 2.16662
0 0 0 0 0, -266.528744323235, 147.009759895405, 2.16662
0 0 0 0 0, -308.200646111447, -39.7258449029306, 2.16662
0 0 0 0 0, -49.6541059844978, 108.114497257935, 2.16662
0 0 0 0 0, 3.80836476293647, -119.703579253471, 2.16662
0 0 0 0 0, -61.1711399381762, -125.822672566775, 2.16662
0 0 0 0 0, 21.0315821291867, 144.745784170904, 2.16662
0 0 0 0 0, -49.2819454595106, 139.752466040782, 2.16662
0 0 0 0 0, 75.3303975394775, -168.838924767368, 2.16662
0 0 0 0 0, 189.120825228166, 51.7815828405295, 2.16662
0 0 0 0 0, 3.87989933923055, 200.202291415905, 2.16662
0 0 0 0 0, -187.097919768179, 89.7172329866961, 2.16662
0 0 0 0 0, -161.821061326717, 132.417543874559, 2.16662
0 0 0 0 0, -240.28648112302, 125.552387260917, 2.16662
0 0 0 0 0, -42.4329246636789, 269.070448591777, 2.16662
0 0 0 0 0, -165.474822458378, -227.26200538341, 2.16662
0 0 0 0 0, 246.502394834848, -143.450482937001, 2.16662
0 0 0 0 0, 292.062680536518, 43.9535644912748, 2.16662
0 0 0 0 0, 271.224320396556, 153.036626778732, 2.16662
0 0 0 0 0, 133.268405155831, 290.057069961624, 2.16662
0 0 0 0 0, 308.474947134182, -83.8380838929464, 2.16662
0 0 0 0 0, 25.8133566223925, -86.6753478148041, 2.16662
0 0 0 0 0, 15.9142209963704, 100.910745655533, 2.16662
0 0 0 0 0, 64.6723936483661, 130.517143944437, 2.16662
0 0 0 0 0, 201.164266581644, -39.8130057819163, 2.16662
0 0 0 0 0, -79.2775882330557, -191.163485455299, 2.16662
0 0 0 0 0, 182.474794988319, -158.492750108167, 2.16662
0 0 0 0 0, -119.899170532761, -211.081307758271, 2.16662
0 0 0 0 0, 240.64426355959, 55.1614517233061, 2.16662
0 0 0 0 0, 169.369214130685, 226.02249558766, 2.16662
0 0 0 0 0, -161.886066540855, -232.501251500748, 2.16662
0 0 0 0 0, 314.685558334797, 20.7701634605719, 2.16662
0 0 0 0 0, -101.018222922533, -300.477413774785, 2.16662
0 0 0 0 0, 316.681419604663, -37.5194544984004, 2.16662
0 0 0 0 0, -53.135844903062, -76.8369998316583, 2.16662
0 0 0 0 0, 18.4320379576088, 153.503733392333, 2.16662
0 0 0 0 0, -122.231752662883, -118.434568440469, 2.16662
0 0 0 0 0, 168.193414715823, 34.7110284488686, 2.16662
0 0 0 0 0, 159.037123967998, -85.7306652812031, 2.16662
0 0 0 0 0, 122.382505039984, 140.648334023236, 2.16662
0 0 0 0 0, 162.082849796075, -106.24622011887, 2.16662
0 0 0 0 0, 194.016685243065, 105.287342851978, 2.16662
0 0 0 0 0, 36.5725740785102, 222.878622480006, 2.16662
0 0 0 0 0, -77.9699156505138, -223.528338002057, 2.16662
0 0 0 0 0, 224.960498841384, -76.3398203976914, 2.16662
0 0 0 0 0, -176.777879697237, -165.404902235441, 2.16662
0 0 0 0 0, 201.02848015267, 142.850584545436, 2.16662
0 0 0 0 0, -224.486049177402, -155.309160555978, 2.16662
0 0 0 0 0, 91.9473739197658, 272.584885230596, 2.16662
0 0 0 0 0, 156.797896533977, 246.831158706671, 2.16662
0 0 0 0 0, 302.936067240027, -60.6955717029516, 2.16662
0 0 0 0 0, -164.639708989465, 268.287361605732, 2.16662
0 0 0 0 0, -257.080679016133, -190.627597160683, 2.16662
0 0 0 0 0, -50.4146226750681, -18.0427384831863, 2.16662
0 0 0 0 0, -29.5669815962277, -46.4476684275591, 2.16662
0 0 0 0 0, -51.1251869965564, -55.5470970701268, 2.16662
0 0 0 0 0, -49.8407951431598, 71.229385868946, 2.16662
0 0 0 0 0, -7.61188601113163, 148.202397288361, 2.16662
0 0 0 0 0, -129.982922889078, -75.1310497977132, 2.16662
0 0 0 0 0, -13.4506245584645, 224.423013098039, 2.16662
0 0 0 0 0, -242.079972055098, -14.262637466448, 2.16662
0 0 0 0 0, -16.0055320451716, -273.908927804768, 2.16662
0 0 0 0 0, -297.399686363858, 65.355703719032, 2.16662
0 0 0 0 0, -4.52830557113436, 54.0834930618577, 2.16662
0 0 0 0 0, 96.4236098262441, 37.7288461236041, 2.16662
0 0 0 0 0, 118.673488957817, -44.4231668318603, 2.16662
0 0 0 0 0, 140.322009769192, 20.9616443221029, 2.16662
0 0 0 0 0, -89.3381090124392, -147.647611501298, 2.16662
0 0 0 0 0, -75.2377439008239, 224.622665100165, 2.16662
0 0 0 0 0, 117.7619693634, 236.194412262239, 2.16662
0 0 0 0 0, 205.77842646183, 210.244797500518, 2.16662
0 0 0 0 0, 59.2507172798244, -297.188061240988, 2.16662
0 0 0 0 0, 12.3895025834799, 308.445500605943, 2.16662
0 0 0 0 0, 41.0521510759001, 319.062679944929, 2.16662
0 0 0 0 0, -84.7369446156299, 18.5329745450328, 2.16662
0 0 0 0 0, 142.772513287028, -42.3593098379985, 2.16662
0 0 0 0 0, 215.335590762533, -35.8738766719692, 2.16662
0 0 0 0 0, 192.8644200267, -103.43774585837, 2.16662
0 0 0 0 0, 242.044302256088, -62.434793817866, 2.16662
0 0 0 0 0, -256.78397142229, 42.9671111558316, 2.16662
0 0 0 0 0, 202.837643570981, 167.455661624206, 2.16662
0 0 0 0 0, -57.6417046610072, 257.194216114864, 2.16662
0 0 0 0 0, 89.3474299858083, -289.514944457563, 2.16662
0 0 0 0 0, -153.280426852838, -282.444484588947, 2.16662
0 0 0 0 0, -22.6002827621841, -96.4192145931318, 2.16662
0 0 0 0 0, -76.491129043282, -112.165686194395, 2.16662
0 0 0 0 0, 42.1058562032516, -151.01623441186, 2.16662
0 0 0 0 0, 180.644038146846, -64.8853238528253, 2.16662
0 0 0 0 0, -123.144809075638, -180.56954138362, 2.16662
0 0 0 0 0, -167.231001935446, -212.914130653007, 2.16662
0 0 0 0 0, 9.83177890425872, 271.341846787835, 2.16662
0 0 0 0 0, -170.784246022433, -38.0689198877594, 2.16662
0 0 0 0 0, 198.379484261502, -25.7360617733284, 2.16662
0 0 0 0 0, -235.07881157792, -32.5644068563253, 2.16662
0 0 0 0 0, 250.886825702019, -60.0731583075749, 2.16662
0 0 0 0 0, 270.29632681937, 98.9739006293638, 2.16662
0 0 0 0 0, -270.098800403433, 129.750475839051, 2.16662
0 0 0 0 0, 204.434657815917, -227.488529570838, 2.16662
0 0 0 0 0, -117.126219511453, 298.149199747248, 2.16662
0 0 0 0 0, -65.0774984698243, -30.5595517990131, 2.16662
0 0 0 0 0, 96.7838763750738, 61.368463598704, 2.16662
0 0 0 0 0, -68.7390971174261, 92.0734311450484, 2.16662
0 0 0 0 0, 91.1380625543844, 80.7425365966297, 2.16662
0 0 0 0 0, -74.5600991011106, 209.791299532738, 2.16662
0 0 0 0 0, -88.8767701163447, 207.184535547616, 2.16662
0 0 0 0 0, 218.336254651023, -198.28754009444, 2.16662
0 0 0 0 0, -136.968217599526, -40.9859767928093, 2.16662
0 0 0 0 0, -160.564477006039, -73.274832070971, 2.16662
0 0 0 0 0, 203.620081177267, -93.5912406054282, 2.16662
0 0 0 0 0, 124.911723568293, -208.905634827705, 2.16662
0 0 0 0 0, -264.534515165315, 76.0160494196982, 2.16662
0 0 0 0 0, 231.0001254868, -202.395707438217, 2.16662
0 0 0 0 0, 0.640658301264294, -204.766486816157, 2.16662
0 0 0 0 0, -197.309531231433, -58.6094124411239, 2.16662
0 0 0 0 0, -215.730556535121, -185.97322637715, 2.16662
0 0 0 0 0, -129.031975389483, -68.2148992058186, 2.16662
0 0 0 0 0, -128.908060294068, -251.341118030528, 2.16662
0 0 0 0 0, 75.4666354491357, -24.6188275598004, 2.16662
0 0 0 0 0, -98.3062222369747, -39.2476951552137, 2.16662
0 0 0 0 0, 109.171048174627, -93.806384532802, 2.16662
0 0 0 0 0, -67.163603817911, -231.433315492886, 2.16662
0 0 0 0 0, 209.449894599406, -163.350849029655, 2.16662
0 0 0 0 0, 136.948424134883, -234.591262211402, 2.16662
0 0 0 0 0, 233.307892887769, 144.90222033134, 2.16662
0 0 0 0 0, -157.883260275602, 73.528522462635, 2.16662
0 0 0 0 0, 187.344175467585, -204.433784568857, 2.16662
0 0 0 0 0, 140.144386579519, -278.422813498072, 2.16662
0 0 0 0 0, -120.935694806325, 184.152843855245, 2.16662
0 0 0 0 0, 264.106147607527, -93.436637142665, 2.16662
0 0 0 0 0, -237.017769183692, 66.1772208922211, 2.16662
0 0 0 0 0, 123.500825994189, 78.781463870289, 2.16662
0 0 0 0 0, 115.704243586305, -38.1409962920612, 2.16662
0 0 0 0 0, 32.3518543448012, 68.1677306346701, 2.16662
0 0 0 0 0, -115.042976319477, -23.9298858784989, 2.16662
0 0 0 0 0, -13.02483857205, 142.055097794737, 2.16662
0 0 0 0 0, -82.2827112987209, -133.027789538175, 2.16662
0 0 0 0 0, -119.773564971044, -113.087545654565, 2.16662
0 0 0 0 0, 21.9342635053842, -215.551703553585, 2.16662
0 0 0 0 0, 221.171384999163, -79.6284773964317, 2.16662
0 0 0 0 0, 228.9958052367, -53.3590204820582, 2.16662
0 0 0 0 0, -224.849471810086, -79.3871159479809, 2.16662
0 0 0 0 0, -79.637596768603, -242.951172547007, 2.16662
0 0 0 0 0, -229.478038805522, 180.959559108109, 2.16662
0 0 0 0 0, -140.371113209996, 274.39042411537, 2.16662
0 0 0 0 0, -287.227317520129, -111.610305494677, 2.16662
0 0 0 0 0, 279.322362266798, 132.107942872398, 2.16662
0 0 0 0 0, 192.550074345202, 256.613995595599, 2.16662
0 0 0 0 0, -37.0406062147156, 320.857004450675, 2.16662
0 0 0 0 0, -117.118729885078, 186.444908042615, 2.16662
0 0 0 0 0, -168.49786489167, 185.303537165193, 2.16662
0 0 0 0 0, -262.034494192055, 44.0894001027103, 2.16662
0 0 0 0 0, 274.390497623944, -0.0105033983767547, 2.16662
0 0 0 0 0, -233.95338665979, -215.406001142463, 2.16662
0 0 0 0 0, -252.422405636995, -193.929500847571, 2.16662
0 0 0 0 0, 304.46507407655, -98.7486336013167, 2.16662
0 0 0 0 0, 33.7064237785172, -160.28380304825, 2.16662
0 0 0 0 0, 231.251771074491, -3.89562841265766, 2.16662
0 0 0 0 0, 176.271919936121, 115.660523700166, 2.16662
0 0 0 0 0, -238.680754597013, -186.920972614301, 2.16662
0 0 0 0 0, -177.414934224307, 57.8145099163066, 2.16662
0 0 0 0 0, 129.263569182211, 80.5347854705646, 2.16662
0 0 0 0 0, -18.3562818345355, -41.5500180275937, 2.16662
0 0 0 0 0, 44.9397593446299, 217.561961410312, 2.16662
0 0 0 0 0, 255.391839619813, -57.314727727649, 2.16662
0 0 0 0 0, 215.425135977213, 234.179233173179, 2.16662
0 0 0 0 0, 134.988850217863, -266.430375358135, 2.16662
0 0 0 0 0, -228.473762352063, -202.357617557179, 2.16662
0 0 0 0 0, 71.3973710550036, -66.7160642562767, 2.16662
0 0 0 0 0, 119.321309265592, 258.890691803478, 2.16662
0 0 0 0 0, 91.3155387738272, 178.389409234585, 2.16662
0 0 0 0 0, 155.523271349164, 159.940377086728, 2.16662
0 0 0 0 0, 276.377525142751, 101.209032752726, 2.16662
0 0 0 0 0, -239.335995285999, 69.1311125105868, 2.16662
0 0 0 0 0, 248.504533009233, 58.0652478354603, 2.16662
0 0 0 0 0, -68.1365268699064, 266.12805806213, 2.16662
0 0 0 0 0, 151.373728140428, -31.5734236151858, 2.16662
0 0 0 0 0, -216.477965443299, 69.4053870656344, 2.16662
0 0 0 0 0, 159.755930662613, -224.335936736491, 2.16662
0 0 0 0 0, 121.386196739951, -290.468565583326, 2.16662
0 0 0 0 0, 128.865727689777, -54.4272939239079, 2.16662
0 0 0 0 0, 36.8213862206473, 27.6511193743364, 2.16662
0 0 0 0 0, 89.8458891299812, 261.370529049646, 2.16662
0 0 0 0 0, 26.0681467209849, 248.10333364512, 2.16662
0 0 0 0 0, -250.345592624576, 59.4755143545995, 2.16662
0 0 0 0 0, -50.5448372173447, 46.91883481857, 2.16662
0 0 0 0 0, 190.061357373237, -99.5589490840729, 2.16662
0 0 0 0 0, -56.1455588675384, -225.025427616564, 2.16662
0 0 0 0 0, 190.074254312105, -78.5878475593027, 2.16662
0 0 0 0 0, 236.796315304632, -178.133051570864, 2.16662
0 0 0 0 0, 119.014428611865, -293.507023414135, 2.16662
0 0 0 0 0, -55.9287075799311, 64.1580674834269, 2.16662
0 0 0 0 0, 56.7197346643847, 145.74592608307, 2.16662
0 0 0 0 0, 159.645491628603, -52.192727345252, 2.16662
0 0 0 0 0, 14.9239597063676, -238.338018521596, 2.16662
0 0 0 0 0, -25.449513553545, -237.681315397781, 2.16662
0 0 0 0 0, 152.206393503029, -138.764603168916, 2.16662
0 0 0 0 0, 83.9210475659422, 15.5497405889519, 2.16662
0 0 0 0 0, -68.1641622418127, 150.771021199782, 2.16662
0 0 0 0 0, -181.54658003142, 157.247649569233, 2.16662
0 0 0 0 0, 88.256227874555, 72.8661877841347, 2.16662
0 0 0 0 0, -95.6878951375822, 83.606212898642, 2.16662
0 0 0 0 0, 261.887711156883, 19.013571705559, 2.16662
0 0 0 0 0, 267.498898592326, 160.710853803539, 2.16662
0 0 0 0 0, -33.4037552819758, -6.66442996013046, 2.16662
0 0 0 0 0, -13.5944512255733, 117.525691437445, 2.16662
0 0 0 0 0, 137.599305080966, -164.047536701814, 2.16662
0 0 0 0 0, -8.3885130901057, -76.6950773885137, 2.16662
0 0 0 0 0, -167.464578472681, 134.161336111714, 2.16662
0 0 0 0 0, 25.2544522130183, -260.163821577915, 2.16662
0 0 0 0 0, -70.3213062725255, 274.331748836348, 2.16662
0 0 0 0 0, 5.91685599997176, 253.307157031323, 2.16662
0 0 0 0 0, -178.476197978029, 268.887248468273, 2.16662
0 0 0 0 0, 250.399475620937, -81.2200477678637, 2.16662
0 0 0 0 0, -231.289442204362, 214.088467699528, 2.16662
0 0 0 0 0, -307.897420264514, -61.8221326788729, 2.16662
0 0 0 0 0, -51.4257216077623, -127.972288822978, 2.16662
0 0 0 0 0, 22.0189793654964, -145.490958022753, 2.16662
0 0 0 0 0, 264.849572598836, -177.420442817548, 2.16662
0 0 0 0 0, -143.370424238527, 195.878216030894, 2.16662
0 0 0 0 0, -57.5121422208934, 0.633056512159896, 2.16662
0 0 0 0 0, 57.3379178536818, 316.345740597507, 2.16662
0 0 0 0 0, 245.9019622723, 154.117552228044, 2.16662
0 0 0 0 0, -35.4729647554108, -48.4715643986846, 2.16662
0 0 0 0 0, -137.640767555233, 288.584980205871, 2.16662
0 0 0 0 0, 102.578942365313, 300.784953432502, 2.16662
0 0 0 0 0, -125.305717717419, 262.231931643369, 2.16662
0 0 0 0 0, -23.1659450130797, -195.042796998869, 2.16662
0 0 0 0 0, -230.419029060661, -83.4149130717854, 2.16662
0 0 0 0 0, -136.73255456567, -36.2382375951063, 2.16662
0 0 0 0 0, 212.152574069231, 205.746394925204, 2.16662
0 0 0 0 0, -199.327758875748, -235.570147306335, 2.16662
0 0 0 0 0, -152.93084434668, -247.580835322221, 2.16662
0 0 0 0 0, -120.269220356404, -265.103608277482, 2.16662
0 0 0 0 0, -82.4713916162323, -245.752515946256, 2.16662
0 0 0 0 0, -13.6426725891772, -243.048251043367, 2.16662
0 0 0 0 0, 22.8844026994994, -242.931492827304, 2.16662
0 0 0 0 0, 67.6414954338209, -291.474574247236, 2.16662
0 0 0 0 0, 129.006561437649, -277.730419271536, 2.16662
0 0 0 0 0, 155.781269661521, -221.863553067265, 2.16662
0 0 0 0 0, -249.455811387952, -189.05923032035, 2.16662
0 0 0 0 0, -217.288844966871, -174.750833843463, 2.16662
0 0 0 0 0, -111.774212932235, -149.336249062243, 2.16662
0 0 0 0 0, -107.696411689823, -180.373232930224, 2.16662
0 0 0 0 0, -52.1716634803009, -195.200308511036, 2.16662
0 0 0 0 0, 45.2101509952839, -138.923891431591, 2.16662
0 0 0 0 0, 145.431038153381, -184.110985319509, 2.16662
0 0 0 0 0, 173.431182160061, -174.931461075937, 2.16662
0 0 0 0 0, 241.963284857398, -169.695381211048, 2.16662
0 0 0 0 0, -217.681978876568, -75.0398401391432, 2.16662
0 0 0 0 0, -169.285138419957, -91.0519670299463, 2.16662
0 0 0 0 0, -94.2880090721409, -127.074438302841, 2.16662
0 0 0 0 0, -52.4459096430023, -102.575736533106, 2.16662
0 0 0 0 0, -4.96590565843936, -101.078147523882, 2.16662
0 0 0 0 0, 107.160653464189, -126.328103262476, 2.16662
0 0 0 0 0, 171.792064104206, -51.6601509277846, 2.16662
0 0 0 0 0, 234.167695921129, -79.1524535902088, 2.16662
0 0 0 0 0, 295.36526525875, -74.8720989072983, 2.16662
0 0 0 0 0, -285.406779572103, -48.8558080475139, 2.16662
0 0 0 0 0, -136.215761008918, -63.8990756632577, 2.16662
0 0 0 0 0, -102.502791778839, -69.1145979966897, 2.16662
0 0 0 0 0, -43.3580469832143, -46.9357746662415, 2.16662
0 0 0 0 0, 78.7175682738418, -71.9021570146286, 2.16662
0 0 0 0 0, 99.9013035799197, -48.5594405165617, 2.16662
0 0 0 0 0, 210.651814699303, -55.8395072604469, 2.16662
0 0 0 0 0, 258.166093166374, -66.6490599058073, 2.16662
0 0 0 0 0, 277.41993535638, -46.0596718550769, 2.16662
0 0 0 0 0, -279.735433852537, -9.11038282437732, 2.16662
0 0 0 0 0, -182.753420740862, -5.05530055880754, 2.16662
0 0 0 0 0, -95.4234964530164, 15.1822186005426, 2.16662
0 0 0 0 0, -69.5649136375661, 41.5789271408123, 2.16662
0 0 0 0 0, 5.54959561195627, 20.3010420799289, 2.16662
0 0 0 0 0, 106.621395333263, 1.36905343941849, 2.16662
0 0 0 0 0, 142.133745207378, 5.51211339707376, 2.16662
0 0 0 0 0, 179.180847083759, -21.1383698769268, 2.16662
0 0 0 0 0, 253.246163524464, -16.122471563697, 2.16662
0 0 0 0 0, -256.221584444697, 64.7482919341096, 2.16662
0 0 0 0 0, -243.858182129551, 91.6496284847921, 2.16662
0 0 0 0 0, -184.170289556142, 64.8135616452472, 2.16662
0 0 0 0 0, -100.952376722084, 65.259954674505, 2.16662
0 0 0 0 0, -38.7843052237609, 78.444038504678, 2.16662
0 0 0 0 0, 44.1682318205712, 62.5218156449267, 2.16662
0 0 0 0 0, 71.7575860843949, 74.5557738944088, 2.16662
0 0 0 0 0, 155.68400420488, 53.5569353603981, 2.16662
0 0 0 0 0, 197.945203531277, 75.5448058738688, 2.16662
0 0 0 0 0, -254.939398646686, 163.694951024174, 2.16662
0 0 0 0 0, -218.62794831496, 104.794756007017, 2.16662
0 0 0 0 0, -118.188698312827, 119.298091217595, 2.16662
0 0 0 0 0, -102.176908571655, 120.830794712668, 2.16662
0 0 0 0 0, -17.6273876846059, 128.366503983534, 2.16662
0 0 0 0 0, 48.800044925355, 153.720218213805, 2.16662
0 0 0 0 0, 98.8328033969563, 111.41223517351, 2.16662
0 0 0 0 0, 195.091177627204, 134.036477878079, 2.16662
0 0 0 0 0, 275.946002287156, 112.467317404081, 2.16662
0 0 0 0 0, -183.675749917971, 210.343137581136, 2.16662
0 0 0 0 0, -184.86473153351, 192.421408226384, 2.16662
0 0 0 0 0, -121.439106100875, 198.759084975036, 2.16662
0 0 0 0 0, -68.8665038860436, 240.708438090703, 2.16662
0 0 0 0 0, -3.87397480147518, 205.125424543459, 2.16662
0 0 0 0 0, 17.9989760512052, 228.108866850205, 2.16662
0 0 0 0 0, 149.924196921447, 173.052409341385, 2.16662
0 0 0 0 0, 175.242719458678, 177.347984706713, 2.16662
0 0 0 0 0, 243.531415860509, 180.017326836164, 2.16662
0 0 0 0 0, -132.375595934856, 290.155785952055, 2.16662
0 0 0 0 0, -88.1743895774642, 290.506003013945, 2.16662
0 0 0 0 0, -43.2358330568076, 261.0104415945, 2.16662
0 0 0 0 0, 5.69024291784481, 288.675697081611, 2.16662
0 0 0 0 0, 13.7140156457477, 298.7932063024, 2.16662
0 0 0 0 0, 56.1381987625434, 312.082315716703, 2.16662
0 0 0 0 0, 103.725500952586, 285.10480554816, 2.16662
0 0 0 0 0, 105.032127975368, 240.126510273447, 2.16662
0 0 0 0 0, 188.246405395322, 251.465113941732, 2.16662
0 0 0 0 0, 157.96445829108, 118.456231534937, 2.16662
-1 0 0 0 0, 0, 0, 3.175
