0 0 0 0 0, -63.889676721807, -66.7530680842954, 3.175
0 0 0 0 0, -80.1285603184603, 104.346859016048, 3.175
0 0 0 0 0, -51.3519910946462, 224.186545165785, 3.175
0 0 0 0 0, -99.0405189410236, 58.3093659600868, 3.175
0 0 0 0 0, 118.050304446301, -40.2506126346916, 3.175
0 0 0 0 0, 189.530656673041, -132.695103649223, 2.16662
0 0 0 0 0, 189.563446058122, -135.23587602438, 2.16662
0 0 0 0 0, 90.5009842560747, -257.777587537505, 2.16662
0 0 0 0 0, 90.3919354582923, -260.316113174983, 2.16662
0 0 0 0 0, -118.661623106202, -265.070726228346, 2.16662
0 0 0 0 0, -118.621863611769, -267.611618545262, 2.16662
0 0 0 0 0, -230.508745732557, -131.395377883385, 2.16662
0 0 0 0 0, -230.501701652515, -133.936425023838, 2.16662
0 0 0 0 0, -199.379706696828, 128.415270854302, 2.16662
0 0 0 0 0, -199.32529351838, 130.955719116016, 2.16662
0 0 0 0 0, -95.9293588698555, 268.201696990347, 2.16662
0 0 0 0 0, -96.0329228678247, 270.740651856578, 2.16662
0 0 0 0 0, 121.913928410286, 263.671037625558, 2.16662
0 0 0 0 0, 121.902713209889, 266.212211480857, 2.16662
0 0 0 0 0, 222.217831241109, 130.820145114888, 2.16662
0 0 0 0 0, 222.222486635987, 133.36117104083, 2.16662
0 0 0 0 0, 11.0761872389447, 67.5720830012678, 2.16662
0 0 0 0 0, 12.3163643752772, 69.7908382915711, 2.16662
0 0 0 0 0, -17.0579242188565, -63.1921536399399, 2.16662
0 0 0 0 0, -18.3752780274352, -65.3659926637623, 2.16662
0 0 0 0 0, 90.2102046041106, -123.701681413777, 2.16662
0 0 0 0 0, 90.0593562820612, -126.23838321373, 2.16662
0 0 0 0 0, 1.51734407510674, -11.9503380769418, 2.16662
0 0 0 0 0, 33.1548467447339, 6.30526125213535, 2.16662
0 0 0 0 0, 43.2217005295346, -53.7230492714941, 2.16662
0 0 0 0 0, -34.6894738791839, 60.2462008707099, 2.16662
0 0 0 0 0, -64.0384853698366, 36.5895171292433, 2.16662
0 0 0 0 0, -37.1870521815801, -89.7918117612246, 2.16662
0 0 0 0 0, 68.4756740069628, -96.359758558831, 2.16662
0 0 0 0 0, -67.0999291972486, -110.375456596217, 2.16662
0 0 0 0 0, -41.2458170837991, 126.00812361122, 2.16662
0 0 0 0 0, -127.993261870237, -52.9901347058039, 2.16662
0 0 0 0 0, -55.6912643662428, -126.991923734204, 2.16662
0 0 0 0 0, 48.7926334584421, 139.113712831159, 2.16662
0 0 0 0 0, 161.145015614797, 63.7784441948138, 2.16662
0 0 0 0 0, 95.8461006984391, 155.065941741602, 2.16662
0 0 0 0 0, -102.425876339564, -155.232542086778, 2.16662
0 0 0 0 0, -204.436270053578, 6.59916948652705, 2.16662
0 0 0 0 0, -144.106879325638, 150.632647276442, 2.16662
0 0 0 0 0, 243.611884948812, -70.6377168903896, 2.16662
0 0 0 0 0, -115.874979986543, 231.320126991778, 2.16662
0 0 0 0 0, 261.730642698783, 7.70650982780229, 2.16662
0 0 0 0 0, -227.437754484613, 134.67281427707, 2.16662
0 0 0 0 0, -274.129564090138, -38.9050956929994, 2.16662
0 0 0 0 0, -278.801274588622, -35.213346642012, 2.16662
0 0 0 0 0, 290.875865994696, 20.7833542567819, 2.16662
0 0 0 0 0, -208.432433562919, -217.313090341504, 2.16662
0 0 0 0 0, 55.2315972342573, 298.74386955124, 2.16662
0 0 0 0 0, 3.97566769855807, 307.551063767114, 2.16662
0 0 0 0 0, 160.781734053982, 264.892994342103, 2.16662
0 0 0 0 0, -75.9598461745785, -301.607859986247, 2.16662
0 0 0 0 0, 1.25035009966828, 313.466090830025, 2.16662
0 0 0 0 0, 271.243658350784, -177.139202626329, 2.16662
0 0 0 0 0, 16.5439396933465, -49.9709196554668, 2.16662
0 0 0 0 0, -54.2378536473614, -8.13966923231797, 2.16662
0 0 0 0 0, 54.0751128114299, 27.2069512477174, 2.16662
0 0 0 0 0, -60.7706933659403, -29.9715939688763, 2.16662
0 0 0 0 0, -8.32721098347777, -74.2102395744348, 2.16662
0 0 0 0 0, 29.8213905320541, -78.9044334414522, 2.16662
0 0 0 0 0, 82.9078834146846, 21.3116688161886, 2.16662
0 0 0 0 0, 22.7052551698426, -82.6034783637288, 2.16662
0 0 0 0 0, -88.6307352319636, -14.3220085275809, 2.16662
0 0 0 0 0, 46.5637141929411, 81.0106623396194, 2.16662
0 0 0 0 0, 56.453458913689, -86.1375764571299, 2.16662
0 0 0 0 0, 70.0541522453226, 75.8173487602646, 2.16662
0 0 0 0 0, 88.3450151594068, 53.4548135367934, 2.16662
0 0 0 0 0, 98.2301742095226, 40.1308235537715, 2.16662
0 0 0 0 0, 62.4419866260775, 90.8122690381388, 2.16662
0 0 0 0 0, 113.396790020527, 31.8593137328429, 2.16662
0 0 0 0 0, -35.4492525857899, -116.879738023137, 2.16662
0 0 0 0 0, -20.2879662391099, -120.49887994934, 2.16662
0 0 0 0 0, -132.166049289635, -2.84759443912704, 2.16662
0 0 0 0 0, -51.6474562502442, -122.660490555659, 2.16662
0 0 0 0 0, -0.319370726485161, -135.502003632017, 2.16662
0 0 0 0 0, -135.881279308917, 17.8830577189852, 2.16662
0 0 0 0 0, 101.851177946095, -93.0137655342806, 2.16662
0 0 0 0 0, -97.9009914883206, -98.6674694926044, 2.16662
0 0 0 0 0, -142.26257740022, 7.05812520767975, 2.16662
0 0 0 0 0, 52.5791723571316, 137.698467874126, 2.16662
0 0 0 0 0, 23.9353915310142, -148.676593084621, 2.16662
0 0 0 0 0, -156.590465186906, -28.0286936862513, 2.16662
0 0 0 0 0, 74.1035097603553, -144.761878785581, 2.16662
0 0 0 0 0, -157.835491959368, -41.370844094507, 2.16662
0 0 0 0 0, -111.029739915738, 126.148529127205, 2.16662
0 0 0 0 0, 160.177641351871, -62.7829397236382, 2.16662
0 0 0 0 0, -84.6744942272763, -154.946790652036, 2.16662
0 0 0 0 0, 103.524358008876, -148.956760448428, 2.16662
0 0 0 0 0, 92.4986444621501, 156.209418590933, 2.16662
0 0 0 0 0, 3.74960588637931, -185.951630049302, 2.16662
0 0 0 0 0, 70.7586328187716, 174.938600750376, 2.16662
0 0 0 0 0, 125.004184658605, 142.824123371096, 2.16662
0 0 0 0 0, -192.790649411871, -8.64946106849377, 2.16662
0 0 0 0 0, 55.3894737539167, -185.676561279978, 2.16662
0 0 0 0 0, -158.858342159143, 112.307890153326, 2.16662
0 0 0 0 0, -148.281386139978, -126.756947665834, 2.16662
0 0 0 0 0, 87.6033172029158, 174.877603040821, 2.16662
0 0 0 0 0, 192.495105910969, -48.715712671916, 2.16662
0 0 0 0 0, -23.8183030615935, 200.764732917964, 2.16662
0 0 0 0 0, 175.998544392705, -102.450589967066, 2.16662
0 0 0 0 0, -205.760631394482, -2.3124429150047, 2.16662
0 0 0 0 0, 148.147030122584, -143.04589521266, 2.16662
0 0 0 0 0, -25.649319343506, 206.021897116136, 2.16662
0 0 0 0 0, 156.103442306715, -137.408372424036, 2.16662
0 0 0 0 0, 206.968158335346, 26.5114729982143, 2.16662
0 0 0 0 0, -187.165296193282, -94.6226287252059, 2.16662
0 0 0 0 0, 187.220035966341, -96.2059457656521, 2.16662
0 0 0 0 0, -88.45830140357, 192.087681574479, 2.16662
0 0 0 0 0, 7.52448303465571, -211.58005302274, 2.16662
0 0 0 0 0, 171.492492563057, 128.629807502653, 2.16662
0 0 0 0 0, 113.370889062955, 183.187554335887, 2.16662
0 0 0 0 0, 139.105218249504, 167.859518932136, 2.16662
0 0 0 0 0, -161.21827016831, -149.170999329925, 2.16662
0 0 0 0 0, -142.250882619091, 169.486720339018, 2.16662
0 0 0 0 0, -0.0307355450859613, 223.351947519467, 2.16662
0 0 0 0 0, 86.7595026032416, 215.376319650102, 2.16662
0 0 0 0 0, -136.406175818039, -192.341524611965, 2.16662
0 0 0 0 0, -114.718860824183, -209.461208474988, 2.16662
0 0 0 0 0, 105.49027651552, -221.812455369496, 2.16662
0 0 0 0 0, -222.4008227564, 108.96171233693, 2.16662
0 0 0 0 0, 143.006345424005, 216.466586002058, 2.16662
0 0 0 0 0, -260.208428567503, 12.3481287674961, 2.16662
0 0 0 0 0, -187.417951081263, 186.400125447691, 2.16662
0 0 0 0 0, -212.222402954215, 159.168860676041, 2.16662
0 0 0 0 0, -258.090670430287, -77.1599962533245, 2.16662
0 0 0 0 0, 193.004002889962, 190.399818474388, 2.16662
0 0 0 0 0, 270.821157215285, 14.4726256504301, 2.16662
0 0 0 0 0, -118.12534269075, -245.608625484553, 2.16662
0 0 0 0 0, 272.426655190794, -32.032090976283, 2.16662
0 0 0 0 0, 227.697588064832, -159.78338996008, 2.16662
0 0 0 0 0, 261.135758835912, 99.4977691894183, 2.16662
0 0 0 0 0, -29.7678839594853, 278.374182699736, 2.16662
0 0 0 0 0, 278.604724078495, -42.0968757518329, 2.16662
0 0 0 0 0, -275.538704688291, -91.0066908823122, 2.16662
0 0 0 0 0, 87.4183344784542, 277.955871397647, 2.16662
0 0 0 0 0, -287.100529737263, 71.187498712147, 2.16662
0 0 0 0 0, -256.117724673612, 148.749065747152, 2.16662
0 0 0 0 0, 273.857779546979, 113.224151620468, 2.16662
0 0 0 0 0, 296.243898324747, 6.90283260396025, 2.16662
0 0 0 0 0, -135.331620728681, 264.167959553335, 2.16662
0 0 0 0 0, 203.624234260499, 218.915951198282, 2.16662
0 0 0 0 0, -298.606542426365, 17.5756263826654, 2.16662
0 0 0 0 0, -146.086629582242, -261.710992452373, 2.16662
0 0 0 0 0, 284.210581397842, -97.7288229037552, 2.16662
0 0 0 0 0, -246.858894514102, -175.127882945299, 2.16662
0 0 0 0 0, 114.72220107779, 281.715288140233, 2.16662
0 0 0 0 0, 213.368920519443, 219.824742627515, 2.16662
0 0 0 0 0, 298.843586231365, 92.5780151711215, 2.16662
0 0 0 0 0, 255.147884572293, 182.447998045472, 2.16662
0 0 0 0 0, 34.3535807151838, -315.225397968273, 2.16662
0 0 0 0 0, -174.745427696911, -268.215553989341, 2.16662
0 0 0 0 0, 215.186965804994, 237.102982226887, 2.16662
0 0 0 0 0, -310.875285471985, 78.5242681540149, 2.16662
0 0 0 0 0, -234.020162504329, 223.978007857668, 2.16662
0 0 0 0 0, 300.680083386784, -120.783617216028, 2.16662
0 0 0 0 0, 51.6426472258626, 48.7638833322801, 2.16662
0 0 0 0 0, 49.2676859064363, 67.1571144137632, 2.16662
0 0 0 0 0, 86.9737608250587, -28.8260859105301, 2.16662
0 0 0 0 0, 117.813166453516, 18.8673402277284, 2.16662
0 0 0 0 0, -57.7801493139233, 105.920796782195, 2.16662
0 0 0 0 0, 0.606421549669773, -153.615931218914, 2.16662
0 0 0 0 0, -183.139570060557, 66.785999611615, 2.16662
0 0 0 0 0, -195.019065414098, 17.13914589355, 2.16662
0 0 0 0 0, 65.4168653421364, -185.673676916591, 2.16662
0 0 0 0 0, 51.4870340818629, 190.259998486364, 2.16662
0 0 0 0 0, 160.385522033588, 134.89122343235, 2.16662
0 0 0 0 0, -24.6204905190877, -215.50499843073, 2.16662
0 0 0 0 0, -20.2083569075914, -218.61181746439, 2.16662
0 0 0 0 0, 62.6732264252251, -213.001838207537, 2.16662
0 0 0 0 0, 71.1779027949282, 215.151919153143, 2.16662
0 0 0 0 0, 153.664610283757, 172.033005291669, 2.16662
0 0 0 0 0, 137.188764692189, 210.097589671668, 2.16662
0 0 0 0 0, 199.670768835541, -155.068776527597, 2.16662
0 0 0 0 0, 259.971627950559, -107.856848084501, 2.16662
0 0 0 0 0, 279.372485350503, 74.8330227958199, 2.16662
0 0 0 0 0, 204.005872140878, -209.747464682471, 2.16662
0 0 0 0 0, -204.727378786068, 219.800933786865, 2.16662
0 0 0 0 0, -140.171842634205, 266.769452394755, 2.16662
0 0 0 0 0, 216.069347866845, -217.466613492987, 2.16662
0 0 0 0 0, 309.456526194241, -7.79775853464721, 2.16662
0 0 0 0 0, 39.1123965545363, -319.537816963628, 2.16662
0 0 0 0 0, -5.5408466775304, -59.9719182563769, 2.16662
0 0 0 0 0, -159.543250673063, 35.8519362069268, 2.16662
0 0 0 0 0, 193.129625693099, 17.9825867984206, 2.16662
0 0 0 0 0, -32.4355365775267, 67.0946708839476, 2.16662
0 0 0 0 0, -177.427399087663, 139.450020622455, 2.16662
0 0 0 0 0, -207.039978745026, -175.349946275216, 2.16662
0 0 0 0 0, 12.9243019366368, 307.198487463125, 2.16662
0 0 0 0 0, -58.2513371331232, -48.7024570938589, 2.16662
0 0 0 0 0, 180.956101475586, -44.5154212124027, 2.16662
0 0 0 0 0, 84.3506165040084, -20.9782244003689, 2.16662
0 0 0 0 0, -127.383945597269, -279.919709937326, 2.16662
0 0 0 0 0, 120.673066603951, 233.419528853326, 2.16662
0 0 0 0 0, 56.122012680558, 161.681521501065, 2.16662
0 0 0 0 0, 144.434822563379, -183.200759165133, 2.16662
0 0 0 0 0, 75.5898224610458, 30.096902381557, 2.16662
0 0 0 0 0, 19.8617128460404, 135.749711823031, 2.16662
0 0 0 0 0, 274.592233022557, 144.294394120907, 2.16662
0 0 0 0 0, 104.240099773671, -171.032872764328, 2.16662
0 0 0 0 0, 225.164760741566, -86.1049048518076, 2.16662
0 0 0 0 0, 273.874665319222, 24.9037271686516, 2.16662
0 0 0 0 0, -269.302398470145, -121.445556447801, 2.16662
0 0 0 0 0, 105.418398832327, -25.032711652442, 2.16662
0 0 0 0 0, 65.3208739053348, -112.031589767354, 2.16662
0 0 0 0 0, 4.47308291868659, -205.651979417935, 2.16662
0 0 0 0 0, -226.09738666756, -113.127536042256, 2.16662
0 0 0 0 0, 306.394186698121, 44.4713207261066, 2.16662
0 0 0 0 0, -47.7183920302822, -31.4700560733339, 2.16662
0 0 0 0 0, -85.5621178694786, -37.4392728376141, 2.16662
0 0 0 0 0, -86.2462979718824, 178.498005087615, 2.16662
0 0 0 0 0, -0.479798148980192, -204.289125112019, 2.16662
0 0 0 0 0, 242.016440842604, 46.3294107709512, 2.16662
0 0 0 0 0, -155.839622724103, -221.364543514491, 2.16662
0 0 0 0 0, -78.7668346338715, 265.506374246451, 2.16662
0 0 0 0 0, 248.16902836554, 170.257637419632, 2.16662
0 0 0 0 0, 216.118444216722, 215.825539087688, 2.16662
0 0 0 0 0, 5.14019696344356, -27.5632710219727, 2.16662
0 0 0 0 0, 114.00147733937, -109.984050807815, 2.16662
0 0 0 0 0, -110.030359269325, -281.115657911519, 2.16662
0 0 0 0 0, 318.157915838252, 46.0873668790842, 2.16662
0 0 0 0 0, 63.8656840527217, -18.6457779470571, 2.16662
0 0 0 0 0, -72.0569419141198, -34.5194758755497, 2.16662
0 0 0 0 0, 49.8206477242251, 143.848917745949, 2.16662
0 0 0 0 0, -151.650663208191, -109.097590192443, 2.16662
0 0 0 0 0, 189.060330629656, -5.50745005491375, 2.16662
0 0 0 0 0, 184.719924952769, 64.7526225186012, 2.16662
0 0 0 0 0, 159.152051858291, 186.387666693455, 2.16662
0 0 0 0 0, 58.9687970842763, 301.856655567008, 2.16662
0 0 0 0 0, -93.9896887728528, 21.5563040798353, 2.16662
0 0 0 0 0, 122.285765942309, -105.998031999795, 2.16662
0 0 0 0 0, -197.2887880122, -162.722532761928, 2.16662
0 0 0 0 0, -219.64341135047, 169.771852352298, 2.16662
0 0 0 0 0, -12.9681723074291, 56.1622465384767, 2.16662
0 0 0 0 0, 70.5151502030224, -123.242955089378, 2.16662
0 0 0 0 0, 177.91991068864, 25.4056742159144, 2.16662
0 0 0 0 0, -144.903369677832, -116.613748255197, 2.16662
0 0 0 0 0, -216.341915180168, -8.23898554914745, 2.16662
0 0 0 0 0, 193.485282173862, 169.086858563138, 2.16662
0 0 0 0 0, -270.497373497727, 23.7500371110727, 2.16662
0 0 0 0 0, -61.0514378211946, -298.947039185438, 2.16662
0 0 0 0 0, -314.050487168356, -69.2624991556176, 2.16662
0 0 0 0 0, -40.2133423760463, -22.6702239303537, 2.16662
0 0 0 0 0, 44.6397656807626, -34.1134267810948, 2.16662
0 0 0 0 0, 64.9168291201969, 13.2191080934098, 2.16662
0 0 0 0 0, -176.459648276786, 67.4334191698403, 2.16662
0 0 0 0 0, -132.102249534019, -263.85805069181, 2.16662
0 0 0 0 0, -156.138516583986, 7.2487761166379, 2.16662
0 0 0 0 0, -90.034971928835, 144.750485311075, 2.16662
0 0 0 0 0, 121.525305825232, -129.640994682714, 2.16662
0 0 0 0 0, -177.94657134964, 24.7216827113388, 2.16662
0 0 0 0 0, 200.734653252087, -125.025441843661, 2.16662
0 0 0 0 0, -219.175558066062, -112.266205610804, 2.16662
0 0 0 0 0, 220.024351113376, 201.269812390386, 2.16662
0 0 0 0 0, -281.432617191213, -117.169083596414, 2.16662
0 0 0 0 0, -311.768980227398, -57.5781794777812, 2.16662
0 0 0 0 0, -128.462996870426, 49.3834145303822, 2.16662
0 0 0 0 0, -130.10693815592, -79.63974784762, 2.16662
0 0 0 0 0, -120.240141943951, -114.968172412689, 2.16662
0 0 0 0 0, 164.568845744058, 33.5928022152765, 2.16662
0 0 0 0 0, 39.4780458372475, 190.201071734133, 2.16662
0 0 0 0 0, -162.077130465898, 110.928554179244, 2.16662
0 0 0 0 0, 96.1196422134187, -173.69042200716, 2.16662
0 0 0 0 0, 200.450179751379, -94.4569376122651, 2.16662
0 0 0 0 0, 116.656021231955, 196.055542034619, 2.16662
0 0 0 0 0, 206.124020704016, -99.4374841299937, 2.16662
0 0 0 0 0, 99.0801756403959, 246.242776693596, 2.16662
0 0 0 0 0, 138.695345137906, -268.919545669951, 2.16662
0 0 0 0 0, 132.571443158089, 289.063401132364, 2.16662
0 0 0 0 0, 43.2688134147209, -23.9043819612283, 2.16662
0 0 0 0 0, 82.0097108964079, -55.8281113880035, 2.16662
0 0 0 0 0, 23.6759065604771, 115.405755916853, 2.16662
0 0 0 0 0, 164.751782738376, 70.7273050093453, 2.16662
0 0 0 0 0, -223.725944562901, 37.3416048057522, 2.16662
0 0 0 0 0, 132.640728444573, -211.925719346199, 2.16662
0 0 0 0 0, 229.427274447704, 114.477820327495, 2.16662
0 0 0 0 0, -125.902506361903, -230.541827368496, 2.16662
0 0 0 0 0, 274.87009605548, 161.452420696264, 2.16662
0 0 0 0 0, -18.6199393148986, -7.30418243876575, 2.16662
0 0 0 0 0, 130.314223745604, 95.4149732163111, 2.16662
0 0 0 0 0, 145.077352811863, 157.438607482862, 2.16662
0 0 0 0 0, 31.6452894966402, -249.388292948009, 2.16662
0 0 0 0 0, -157.542813350006, 231.089755272156, 2.16662
0 0 0 0 0, 80.865349431411, 283.938478925521, 2.16662
0 0 0 0 0, 35.9639236552222, -302.940371617743, 2.16662
0 0 0 0 0, -6.85029068456452, 309.426569410339, 2.16662
0 0 0 0 0, -30.2141232574939, -50.4681541949907, 2.16662
0 0 0 0 0, -137.436425358577, 58.5876975722773, 2.16662
0 0 0 0 0, 165.396795654981, 47.809822205694, 2.16662
0 0 0 0 0, 22.4220057115582, 77.3993280473536, 2.16662
0 0 0 0 0, -85.6297804332009, 43.045947008916, 2.16662
0 0 0 0 0, -171.818120489249, -57.6062812359029, 2.16662
0 0 0 0 0, 0.058438651830339, 213.735686416526, 2.16662
0 0 0 0 0, -207.59642644016, 88.3809581039368, 2.16662
0 0 0 0 0, -242.599271890621, 10.5590303305466, 2.16662
0 0 0 0 0, -100.233953632931, 28.4947689429961, 2.16662
0 0 0 0 0, 68.5132448136284, -84.5382357169317, 2.16662
0 0 0 0 0, 140.130629301069, 83.6153429291676, 2.16662
0 0 0 0 0, -28.576711578364, -165.63664195533, 2.16662
0 0 0 0 0, -49.5486082284056, -203.395798439429, 2.16662
0 0 0 0 0, -183.982262975959, 108.983316770566, 2.16662
0 0 0 0 0, -126.030238280441, 188.833078446142, 2.16662
0 0 0 0 0, 127.066456932786, -201.576450227888, 2.16662
0 0 0 0 0, 166.127700333171, -187.394178601518, 2.16662
0 0 0 0 0, -219.718679385632, -152.98385585574, 2.16662
0 0 0 0 0, 256.480345523017, 141.868878636043, 2.16662
0 0 0 0 0, 9.66948217025002, 319.688648092419, 2.16662
0 0 0 0 0, -13.7655587909069, 178.408505744625, 2.16662
0 0 0 0 0, 62.3621848957198, 170.894909226429, 2.16662
0 0 0 0 0, -97.3623818009098, -184.742021487718, 2.16662
0 0 0 0 0, 169.505622077856, 170.594319292469, 2.16662
0 0 0 0 0, 138.109783865803, 205.665710096016, 2.16662
0 0 0 0 0, -243.99147252833, -58.2497747337349, 2.16662
0 0 0 0 0, 51.124893872191, 257.113728006689, 2.16662
0 0 0 0 0, 184.695981002843, 226.113256350603, 2.16662
0 0 0 0 0, -174.101779630295, -240.11313909401, 2.16662
0 0 0 0 0, -96.4538412134541, -282.621127885417, 2.16662
0 0 0 0 0, -209.247586818126, 217.396950186872, 2.16662
0 0 0 0 0, 295.659024637854, -99.1708899324, 2.16662
0 0 0 0 0, 298.213683615708, -91.3037267557937, 2.16662
0 0 0 0 0, 267.745085730178, -169.550353812958, 2.16662
0 0 0 0 0, -21.9203686742938, -78.7783686719191, 2.16662
0 0 0 0 0, 42.4020428012857, -94.860695670039, 2.16662
0 0 0 0 0, 103.535738298748, -54.1090804723615, 2.16662
0 0 0 0 0, 95.1682621546404, 113.720740643456, 2.16662
0 0 0 0 0, 135.055070494146, -111.242646646158, 2.16662
0 0 0 0 0, -206.891047997371, -7.97816825939326, 2.16662
0 0 0 0 0, 194.632150772318, 107.088614762339, 2.16662
0 0 0 0 0, 47.0302728364683, -234.079652799873, 2.16662
0 0 0 0 0, -270.404212826638, 79.5771651207511, 2.16662
0 0 0 0 0, 283.237923731976, 25.2241734752726, 2.16662
0 0 0 0 0, 116.305248102323, 274.739751511771, 2.16662
0 0 0 0 0, 278.357856562301, 111.427553330105, 2.16662
0 0 0 0 0, -2.26872747599419, -300.470603771215, 2.16662
0 0 0 0 0, -63.7762446843687, 303.631775122997, 2.16662
0 0 0 0 0, -297.482270842314, 94.3778734617365, 2.16662
0 0 0 0 0, -304.042360274336, 74.9795836732273, 2.16662
0 0 0 0 0, 19.8333142563395, -2.24713207249016, 2.16662
0 0 0 0 0, 66.5146741617924, -5.75149700661841, 2.16662
0 0 0 0 0, 57.5244236840726, -104.315423762809, 2.16662
0 0 0 0 0, -10.813629860122, -162.044321099811, 2.16662
0 0 0 0 0, 196.884310221702, 141.716292332173, 2.16662
0 0 0 0 0, -41.8761204862209, -245.987517135458, 2.16662
0 0 0 0 0, 121.440239048693, 225.220418851567, 2.16662
0 0 0 0 0, 18.2096047840693, 260.992675763323, 2.16662
0 0 0 0 0, 107.576019348898, -282.013774311371, 2.16662
0 0 0 0 0, 264.044824007467, 173.914217243707, 2.16662
0 0 0 0 0, 47.4027969567527, 30.6270746563455, 2.16662
0 0 0 0 0, -0.11620020696862, 87.071300870983, 2.16662
0 0 0 0 0, -136.146909781743, 37.5115614384436, 2.16662
0 0 0 0 0, -162.501943962333, -9.23579372614461, 2.16662
0 0 0 0 0, -167.062651410796, 99.9913662100038, 2.16662
0 0 0 0 0, 207.873509792741, 14.434503271199, 2.16662
0 0 0 0 0, -203.672801906428, 46.3369366569234, 2.16662
0 0 0 0 0, -171.786513463741, 187.234780605244, 2.16662
0 0 0 0 0, 175.432580793946, 210.581187564606, 2.16662
0 0 0 0 0, 133.000059289709, -265.818165306022, 2.16662
0 0 0 0 0, -30.5602443244767, 309.53589420579, 2.16662
0 0 0 0 0, -252.460657182285, -199.908751736905, 2.16662
0 0 0 0 0, 4.55313448451534, 57.6690847453616, 2.16662
0 0 0 0 0, -84.0017935199816, -101.5234824267, 2.16662
0 0 0 0 0, 21.2188649139473, 144.389258942602, 2.16662
0 0 0 0 0, -186.312667247391, 37.0970253873772, 2.16662
0 0 0 0 0, 18.1113548802872, 216.199487958143, 2.16662
0 0 0 0 0, -61.3032490011164, -215.311769551835, 2.16662
0 0 0 0 0, -160.921441368211, 196.505495368993, 2.16662
0 0 0 0 0, 158.668805920849, -205.736454546769, 2.16662
0 0 0 0 0, -269.140944757334, -47.1103362546349, 2.16662
0 0 0 0 0, 12.1447924718992, -280.518701190287, 2.16662
0 0 0 0 0, 117.975714326658, -269.601716670993, 2.16662
0 0 0 0 0, -276.571108050051, -106.31745130334, 2.16662
0 0 0 0 0, 257.202335116877, -194.481084264772, 2.16662
0 0 0 0 0, 141.852839787299, -289.623810699585, 2.16662
0 0 0 0 0, 46.1590265905596, -15.535798845481, 2.16662
0 0 0 0 0, -135.051189200277, -46.2839925742038, 2.16662
0 0 0 0 0, 7.92229481495614, -197.953194056121, 2.16662
0 0 0 0 0, 213.65515060578, 12.277753764613, 2.16662
0 0 0 0 0, 234.022445478791, -88.5202284007907, 2.16662
0 0 0 0 0, 125.747244272575, -241.749029316959, 2.16662
0 0 0 0 0, -267.711710615784, 114.590687864636, 2.16662
0 0 0 0 0, -229.993469736309, -194.629062440139, 2.16662
0 0 0 0 0, 6.22257251963954, 84.8469923207804, 2.16662
0 0 0 0 0, -77.0423586373486, 67.1753837671266, 2.16662
0 0 0 0 0, 26.867152465117, -137.842029995641, 2.16662
0 0 0 0 0, -162.17630875004, -144.87358160832, 2.16662
0 0 0 0 0, -70.6637819641768, 222.706949673349, 2.16662
0 0 0 0 0, 152.279064119281, 202.776423579546, 2.16662
0 0 0 0 0, 110.289999555735, -230.034267758858, 2.16662
0 0 0 0 0, -37.341832812568, -276.11051752453, 2.16662
0 0 0 0 0, -47.4427235447252, -276.195808779194, 2.16662
0 0 0 0 0, 127.193714497788, -250.962580959718, 2.16662
0 0 0 0 0, 186.100267834655, 254.406075120459, 2.16662
0 0 0 0 0, -154.862764687121, -70.9026632336052, 2.16662
0 0 0 0 0, -151.720768364093, 115.275156256232, 2.16662
0 0 0 0 0, 144.704586347832, -135.540565119166, 2.16662
0 0 0 0 0, -16.5299399285382, 207.722345475225, 2.16662
0 0 0 0 0, -201.907693242525, 101.526716651543, 2.16662
0 0 0 0 0, 261.398032724415, 53.2158653086521, 2.16662
0 0 0 0 0, -198.332987085924, 231.819328608077, 2.16662
0 0 0 0 0, 292.304864371029, 114.578314482434, 2.16662
0 0 0 0 0, 1.72829250155129, 42.2492676660847, 2.16662
0 0 0 0 0, 7.42933020270786, -67.273314260735, 2.16662
0 0 0 0 0, 37.8290867414369, -167.991083732594, 2.16662
0 0 0 0 0, -29.8996913698574, -182.525998650142, 2.16662
0 0 0 0 0, -182.235527512235, 83.8367293510554, 2.16662
0 0 0 0 0, 189.403028289126, 81.4040147777045, 2.16662
0 0 0 0 0, 201.059843869453, 119.047679200385, 2.16662
0 0 0 0 0, -203.229129622853, -138.710981019629, 2.16662
0 0 0 0 0, 69.5269690856341, 237.032292385599, 2.16662
0 0 0 0 0, -65.883127063593, 247.60411520499, 2.16662
0 0 0 0 0, 238.913983681376, 128.61961825008, 2.16662
0 0 0 0 0, -12.6362560160404, -282.047417427268, 2.16662
0 0 0 0 0, 63.7714608048125, 17.1473093898267, 2.16662
0 0 0 0 0, -115.507691297486, -31.5265125321263, 2.16662
0 0 0 0 0, 16.0396132514297, 164.710458467183, 2.16662
0 0 0 0 0, 162.380304423791, -56.049056454669, 2.16662
0 0 0 0 0, 119.103104742078, 142.136299612159, 2.16662
0 0 0 0 0, 111.668244995616, -187.591504909765, 2.16662
0 0 0 0 0, 234.934114995604, 17.5023729928128, 2.16662
0 0 0 0 0, -273.247757572712, 84.2080517842919, 2.16662
0 0 0 0 0, -11.0037001887683, -308.016620992212, 2.16662
0 0 0 0 0, 33.5900018986615, 45.834435485142, 2.16662
0 0 0 0 0, -90.8737943045691, -119.447496600757, 2.16662
0 0 0 0 0, 151.292244141402, 11.5159996863374, 2.16662
0 0 0 0 0, 65.4096678704227, 140.715861748773, 2.16662
0 0 0 0 0, 91.1100334557729, 151.887416734434, 2.16662
0 0 0 0 0, 152.85987840035, 122.008619678272, 2.16662
0 0 0 0 0, 73.742110818805, -204.616816264947, 2.16662
0 0 0 0 0, -84.3930801122584, 219.86658117624, 2.16662
0 0 0 0 0, -237.211836472158, -4.53904915902744, 2.16662
0 0 0 0 0, 253.780988225783, 100.506995384226, 2.16662
0 0 0 0 0, 99.2031204724611, 285.548610208801, 2.16662
0 0 0 0 0, 301.65958845505, -114.109791829642, 2.16662
0 0 0 0 0, -203.730918469685, -63.0329413807326, 2.16662
0 0 0 0 0, 75.4502464142936, -235.140084896183, 2.16662
0 0 0 0 0, 210.743004123521, -189.235077390503, 2.16662
0 0 0 0 0, -11.4148482907309, 312.755126691808, 2.16662
0 0 0 0 0, -107.217083619997, 59.2837937969154, 2.16662
0 0 0 0 0, 140.345746729209, -85.9088103070562, 2.16662
0 0 0 0 0, -219.156943239265, -74.6496919346117, 2.16662
0 0 0 0 0, -211.899686430905, 123.270874384472, 2.16662
0 0 0 0 0, 59.5204767679916, 257.378556941175, 2.16662
0 0 0 0 0, -227.837517736525, 142.45682692573, 2.16662
0 0 0 0 0, 276.238254964514, -35.7362023625426, 2.16662
0 0 0 0 0, -255.640519042228, 175.396685102359, 2.16662
0 0 0 0 0, 164.46261735155, 56.8547460862282, 2.16662
0 0 0 0 0, 221.249418881608, -46.1517491977373, 2.16662
0 0 0 0 0, 60.8304602099803, 292.60818678476, 2.16662
0 0 0 0 0, -64.2865295270295, -157.802383358498, 2.16662
0 0 0 0 0, 33.1404877484422, 178.578535335657, 2.16662
0 0 0 0 0, 223.679081589965, -13.3409441493978, 2.16662
0 0 0 0 0, 93.929885528489, 246.506090138811, 2.16662
0 0 0 0 0, 264.799196015117, 79.4399038712156, 2.16662
0 0 0 0 0, 102.230639896258, 291.778470595397, 2.16662
0 0 0 0 0, -286.257289363016, 134.505081231232, 2.16662
0 0 0 0 0, 28.0940265628173, 14.6881563466136, 2.16662
0 0 0 0 0, 233.837345318098, 28.9079091935728, 2.16662
0 0 0 0 0, 252.97491866797, -4.27479403301674, 2.16662
0 0 0 0 0, -291.629527213101, -82.4308355146069, 2.16662
0 0 0 0 0, -76.3008474765496, -45.5395211283569, 2.16662
0 0 0 0 0, 154.704772354021, -155.405891222507, 2.16662
0 0 0 0 0, -142.839645535769, -242.749479743619, 2.16662
0 0 0 0 0, 16.1270903616123, -114.384213605858, 2.16662
0 0 0 0 0, 55.479049132938, 249.763974025356, 2.16662
0 0 0 0 0, -124.014201247773, 107.812854050991, 2.16662
0 0 0 0 0, -55.1593038547314, 166.119728208245, 2.16662
0 0 0 0 0, 50.9101767040961, -184.006885815268, 2.16662
0 0 0 0 0, 90.438933872828, -310.920501547098, 2.16662
0 0 0 0 0, -69.0128397781127, 196.658838282743, 2.16662
0 0 0 0 0, -131.382065246197, 198.818844553474, 2.16662
0 0 0 0 0, -23.7368315752746, -36.0792183260735, 2.16662
0 0 0 0 0, -28.5881983075876, -58.902839909188, 2.16662
0 0 0 0 0, 62.9694041669443, -27.4398867120056, 2.16662
0 0 0 0 0, 53.8338221081319, -43.7165616568759, 2.16662
0 0 0 0 0, 97.2461485490543, -9.98522679032601, 2.16662
0 0 0 0 0, 70.8139346267496, -72.9819693416823, 2.16662
0 0 0 0 0, 97.2722183293986, 45.2570690883936, 2.16662
0 0 0 0 0, 45.9017138063648, 144.085424240714, 2.16662
0 0 0 0 0, -25.2085326366231, -150.168993730351, 2.16662
0 0 0 0 0, -158.910638978954, 0.922396753716057, 2.16662
0 0 0 0 0, 19.6516001636861, -162.593459183997, 2.16662
0 0 0 0 0, -146.802110621079, -91.5563551216667, 2.16662
0 0 0 0 0, -177.136628758716, 50.1671140288049, 2.16662
0 0 0 0 0, 173.410617593477, 85.8132721797657, 2.16662
0 0 0 0 0, -202.337364937216, -1.04574372974277, 2.16662
0 0 0 0 0, -136.427123280658, 151.899011398774, 2.16662
0 0 0 0 0, 192.561463132434, -77.7910412337817, 2.16662
0 0 0 0 0, -160.07684789002, 160.094026726208, 2.16662
0 0 0 0 0, -81.1471841981822, -219.795764364328, 2.16662
0 0 0 0 0, -180.853234416482, -155.251595922967, 2.16662
0 0 0 0 0, 154.429564188698, 184.406984784355, 2.16662
0 0 0 0 0, 44.2770909623016, 244.571487397546, 2.16662
0 0 0 0 0, -249.794788483165, -23.4374240015428, 2.16662
0 0 0 0 0, 263.253488194217, 2.76478689877516, 2.16662
0 0 0 0 0, 223.690489645445, 156.207567337363, 2.16662
0 0 0 0 0, 161.826473082847, 230.904427973777, 2.16662
0 0 0 0 0, -69.2127218865828, -278.59946618375, 2.16662
0 0 0 0 0, 112.622717647834, 275.216597198509, 2.16662
0 0 0 0 0, 152.821526797036, 278.077438930611, 2.16662
0 0 0 0 0, -133.731564249241, 291.580980043025, 2.16662
0 0 0 0 0, -170.819944467889, -272.576258055387, 2.16662
0 0 0 0 0, -39.8568623351043, -1.64694556584289, 2.16662
0 0 0 0 0, 6.68269934015691, 191.841838656884, 2.16662
0 0 0 0 0, -179.100960569462, 172.495089756616, 2.16662
0 0 0 0 0, -163.329495320464, 202.370602995716, 2.16662
0 0 0 0 0, 118.430000838163, -284.315696767739, 2.16662
0 0 0 0 0, 270.53036759437, -158.789341310078, 2.16662
0 0 0 0 0, 21.8722715610049, -37.0215019111033, 2.16662
0 0 0 0 0, 307.992972480961, -87.4225292222989, 2.16662
0 0 0 0 0, 148.184062447625, 248.632538309478, 2.16662
0 0 0 0 0, -23.0451191448032, 295.393827075577, 2.16662
0 0 0 0 0, -33.5197786220379, -111.426330179346, 2.16662
0 0 0 0 0, -126.313391438634, 139.472435738989, 2.16662
0 0 0 0 0, 21.5359218661062, -125.308310961755, 2.16662
0 0 0 0 0, -273.104011187236, -82.1815097394554, 2.16662
0 0 0 0 0, -8.7920100940715, -183.257694590833, 2.16662
0 0 0 0 0, -248.617877215674, 4.90313831009224, 2.16662
0 0 0 0 0, 106.35084476519, 230.223414875215, 2.16662
0 0 0 0 0, -171.324317411649, -209.49685333097, 2.16662
0 0 0 0 0, 129.722176348517, -116.786319937689, 2.16662
0 0 0 0 0, -90.6237671050072, -189.124082689069, 2.16662
0 0 0 0 0, 240.943225977805, 154.724079958241, 2.16662
0 0 0 0 0, -112.596857467672, -295.87719330545, 2.16662
0 0 0 0 0, 292.355538250255, -139.601749315801, 2.16662
0 0 0 0 0, 20.0360481107572, 40.2982114616663, 2.16662
0 0 0 0 0, -144.037331279426, -29.8906191050537, 2.16662
0 0 0 0 0, 27.7913044603459, 272.191826778458, 2.16662
0 0 0 0 0, -84.4373878469748, -123.880475530828, 2.16662
0 0 0 0 0, -220.773973684235, -182.894671425584, 2.16662
0 0 0 0 0, 32.7516642858055, -144.716349198609, 2.16662
0 0 0 0 0, -63.9570328740904, -305.386474651408, 2.16662
0 0 0 0 0, 7.79502099730684, 1.98930330402199, 2.16662
0 0 0 0 0, -250.559272518267, -40.6064937111363, 2.16662
0 0 0 0 0, 247.074941364651, -181.336229350211, 2.16662
0 0 0 0 0, -97.2527452364128, -293.831060946942, 2.16662
0 0 0 0 0, -10.7332721519235, 80.4337488201935, 2.16662
0 0 0 0 0, 115.961103596534, 113.029446981393, 2.16662
0 0 0 0 0, -73.0791988912747, -286.11464802119, 2.16662
0 0 0 0 0, -177.028600278752, 62.3073847892854, 2.16662
0 0 0 0 0, -254.82449373333, -179.728985812343, 2.16662
0 0 0 0 0, -314.865850762434, 28.2546856073476, 2.16662
0 0 0 0 0, -28.2257829382991, 22.727677949833, 2.16662
0 0 0 0 0, 136.332142076327, -264.62718481446, 2.16662
0 0 0 0 0, 25.7869408145087, 61.2550669074987, 2.16662
0 0 0 0 0, 72.2546490192662, -151.180417691594, 2.16662
0 0 0 0 0, 100.622077432469, 153.535849790667, 2.16662
0 0 0 0 0, -119.265500266211, 157.021234571796, 2.16662
0 0 0 0 0, 55.5713696797803, -216.336671560566, 2.16662
0 0 0 0 0, -0.147163622377028, 166.026846636864, 2.16662
0 0 0 0 0, 189.553379003818, -33.7029016477481, 2.16662
0 0 0 0 0, 178.778340590083, -94.648174826601, 2.16662
0 0 0 0 0, 205.453042370992, -64.2856300867431, 2.16662
0 0 0 0 0, -114.488612457387, 210.553443093269, 2.16662
0 0 0 0 0, -252.261640052031, -7.99910856662608, 2.16662
0 0 0 0 0, -166.51364488026, -235.823913926267, 2.16662
0 0 0 0 0, 119.70895163716, -264.700007617457, 2.16662
0 0 0 0 0, -294.834744176502, 39.4211001491802, 2.16662
0 0 0 0 0, 150.981128987111, 31.2460476239898, 2.16662
0 0 0 0 0, 97.4834589429903, -109.040250064073, 2.16662
0 0 0 0 0, 107.410260198834, -198.291284927849, 2.16662
0 0 0 0 0, 271.83214779049, -19.0447164473027, 2.16662
0 0 0 0 0, -93.8345640046013, -309.027714973651, 2.16662
0 0 0 0 0, 10.068077111596, -78.2166208852451, 2.16662
0 0 0 0 0, 80.3616277581195, 37.6179731722382, 2.16662
0 0 0 0 0, 25.4640112985074, -85.7069129921771, 2.16662
0 0 0 0 0, -92.0714796005396, -82.3435111215744, 2.16662
0 0 0 0 0, -38.8950009651289, -225.62442105038, 2.16662
0 0 0 0 0, -204.227052417498, 147.026740513824, 2.16662
0 0 0 0 0, -221.769143846478, -161.939089636431, 2.16662
0 0 0 0 0, -139.872745751661, -111.073199113181, 2.16662
0 0 0 0 0, 178.994307228169, -27.4512501715075, 2.16662
0 0 0 0 0, 185.640801183841, -163.802244142024, 2.16662
0 0 0 0 0, -73.8414928774283, 157.93795575289, 2.16662
0 0 0 0 0, -118.026794112061, -85.6570193270456, 2.16662
0 0 0 0 0, 226.555018289402, 184.930476411302, 2.16662
0 0 0 0 0, -162.786099613619, 36.7287952891105, 2.16662
0 0 0 0 0, -208.712394269337, -109.133792948619, 2.16662
0 0 0 0 0, -26.2811913234042, -291.057773874501, 2.16662
0 0 0 0 0, 13.9231244742099, -286.516078011143, 2.16662
0 0 0 0 0, 299.326000967454, -23.5730579719936, 2.16662
0 0 0 0 0, -153.211664192009, 93.8425225448804, 2.16662
0 0 0 0 0, 8.86502158022325, 211.449792418358, 2.16662
0 0 0 0 0, 144.591941184465, 118.960696538676, 2.16662
0 0 0 0 0, 256.042228973908, 23.968232853702, 2.16662
0 0 0 0 0, -97.6413468185123, 250.380782410608, 2.16662
0 0 0 0 0, -35.9483025474496, 261.673392964834, 2.16662
0 0 0 0 0, -37.0321988675148, 284.406435793578, 2.16662
0 0 0 0 0, -43.8427711010641, 144.491255954412, 2.16662
0 0 0 0 0, -201.284272964773, 186.59956908594, 2.16662
0 0 0 0 0, -131.282208777323, 275.121015924507, 2.16662
0 0 0 0 0, 196.214073291026, -172.30605619686, 2.16662
0 0 0 0 0, -109.59392628345, -242.299973978276, 2.16662
0 0 0 0 0, -170.723067765756, -223.294801493686, 2.16662
0 0 0 0 0, -125.847810511304, -263.979441611186, 2.16662
0 0 0 0 0, -55.7390087465123, -273.181074547784, 2.16662
0 0 0 0 0, -35.5228981862678, -292.19804633159, 2.16662
0 0 0 0 0, -15.5312262007512, -292.258895143698, 2.16662
0 0 0 0 0, 39.7059976038285, -233.612081286279, 2.16662
0 0 0 0 0, 114.925914514888, -243.127907846999, 2.16662
0 0 0 0 0, 145.566592611485, -248.808327685238, 2.16662
0 0 0 0 0, -237.594870783848, -168.748081003048, 2.16662
0 0 0 0 0, -172.234461830018, -151.485386758331, 2.16662
0 0 0 0 0, -61.5071552104013, -168.898442408132, 2.16662
0 0 0 0 0, -20.7823152263057, -175.299453553164, 2.16662
0 0 0 0 0, 51.9555757805621, -163.86443926483, 2.16662
0 0 0 0 0, 100.701104794568, -194.433719595286, 2.16662
0 0 0 0 0, 171.948424620028, -182.803368741571, 2.16662
0 0 0 0 0, 248.218399435224, -171.888731155511, 2.16662
0 0 0 0 0, -252.768987989352, -99.2152614979932, 2.16662
0 0 0 0 0, -163.954820359503, -123.368427044643, 2.16662
0 0 0 0 0, -104.257526372004, -107.071578677839, 2.16662
0 0 0 0 0, 36.7941537156163, -128.65453145881, 2.16662
0 0 0 0 0, 73.7375698801106, -112.553133865466, 2.16662
0 0 0 0 0, 156.951649888505, -99.1333766323773, 2.16662
0 0 0 0 0, 195.74199025303, -107.371415220502, 2.16662
0 0 0 0 0, 312.4868942667, -73.0490158132519, 2.16662
0 0 0 0 0, -284.180107779897, -45.5951601423504, 2.16662
0 0 0 0 0, -181.040192859339, -55.0466372916037, 2.16662
0 0 0 0 0, -104.790032209896, -24.3080324249674, 2.16662
0 0 0 0 0, -72.3425646483306, -59.0340677578192, 2.16662
0 0 0 0 0, 1.11273511821339, -79.0186377010519, 2.16662
0 0 0 0 0, 43.4207655385691, -64.8544498338195, 2.16662
0 0 0 0 0, 178.772924995079, -56.6025270402728, 2.16662
0 0 0 0 0, 286.73620843556, -36.8773147841867, 2.16662
0 0 0 0 0, -250.10996021637, 19.3286398225944, 2.16662
0 0 0 0 0, -226.335412913135, -14.0523225728633, 2.16662
0 0 0 0 0, -141.50636021184, -14.8153143057153, 2.16662
0 0 0 0 0, -42.9198773887977, 4.12383213339638, 2.16662
0 0 0 0 0, 42.2177624414159, 18.9688812794376, 2.16662
0 0 0 0 0, 101.695434837202, -6.52809426077248, 2.16662
0 0 0 0 0, 256.016105434434, 17.5616402798972, 2.16662
0 0 0 0 0, 311.330378467589, 12.676964997881, 2.16662
0 0 0 0 0, -315.1048863203, 56.302793028559, 2.16662
0 0 0 0 0, -167.986704311375, 64.0418629258051, 2.16662
0 0 0 0 0, -103.642376531521, 42.809497550536, 2.16662
0 0 0 0 0, -3.43149102055754, 57.7124757733029, 2.16662
0 0 0 0 0, 34.5187533727696, 110.949847028725, 2.16662
0 0 0 0 0, 119.797372023036, 9.85632984896012, 2.16662
0 0 0 0 0, 148.515243149388, 65.1926986079321, 2.16662
0 0 0 0 0, 243.68212442631, 55.1658694935165, 2.16662
0 0 0 0 0, -249.449949927719, 118.171691426751, 2.16662
0 0 0 0 0, -174.666354913779, 115.373751321542, 2.16662
0 0 0 0 0, -190.056374474587, 95.9273893179388, 2.16662
0 0 0 0 0, -44.1395674264938, 114.856522630446, 2.16662
0 0 0 0 0, 56.3785528490727, 147.160458142673, 2.16662
0 0 0 0 0, 122.03672211769, 113.818451612817, 2.16662
0 0 0 0 0, 179.565408433197, 112.026393807043, 2.16662
0 0 0 0 0, 276.119978115907, 123.057738840438, 2.16662
0 0 0 0 0, -195.04783583867, 188.82017694445, 2.16662
0 0 0 0 0, -147.32173920976, 178.65551354505, 2.16662
0 0 0 0 0, -60.3431744996761, 199.543842628833, 2.16662
0 0 0 0 0, -3.49669978725512, 189.098196397606, 2.16662
0 0 0 0 0, 103.356892378891, 166.547034525175, 2.16662
0 0 0 0 0, 110.506837770661, 172.765199454044, 2.16662
0 0 0 0 0, 197.062028388138, 224.273223045591, 2.16662
0 0 0 0 0, 237.210324366711, 165.17116002923, 2.16662
0 0 0 0 0, -178.963186380342, 228.034582870641, 2.16662
0 0 0 0 0, -82.5105673846108, 247.505062627308, 2.16662
0 0 0 0 0, -16.5261622607269, 300.05005400842, 2.16662
0 0 0 0 0, 1.8740875655472, 279.934589722957, 2.16662
0 0 0 0 0, 61.8754820909473, 270.933658377902, 2.16662
0 0 0 0 0, 105.926385107642, 290.335145119832, 2.16662
0 0 0 0 0, 119.329320075977, 256.696760613657, 2.16662
0 0 0 0 0, 186.454731252543, 242.582483961881, 2.16662
-1 0 0 0 0, 0, 0, 3.175
